0
1
9
10
36
45
55
82
91
99
100
235
297
369
370
379
414
657
675
703
756
792
909
918
945
964
990
991
999
1000
1296
1702
1782
2223
2728
3366
3646
3682
4132
4879
4906
4950
5050
5149
5292
6832
7191
7272
7389
7533
7543
7587
7777
7956
8416
8443
8767
8856
8910
8938
9208
9315
9325
9586
9621
9640
9765
9901
9909
9918
9945
9955
9964
9990
9991
9999
10000
10512
12222
12727
17271
17344
22222
22231
25354
27414
33669
34327
35442
36558
36855
38962
39420
41149
41814
42643
45657
46279
48790
48835
49492
49563
49906
50050
51454
52920
52965
53415
57393
57547
59284
62146
64341
65242
67132
68428
69058
69157
69669
72612
74647
75331
76851
77121
77716
77778
77896
79516
81118
82045
82620
82656
85212
85941
87571
88768
88812
88813
89632
90819
91756
93402
93574
94141
94581
95121
97137
99055
99226
99244
99343
99559
99630
99631
99703
99765
99900
99901
99909
99918
99945
99955
99964
99990
99991
99999
100000
104878
105112
105382
117343
122221
130050
131959
140050
142857
143532
148149
163567
167832
172827
181819
187110
203274
208495
215829
249832
275725
283924
304930
310339
316728
318682
319176
320050
329967
333666
336699
336700
336799
338760
339453
344143
349785
351352
352693
354393
356329
356643
357796
364420
364932
369261
369792
370017
370134
370153
383581
389620
389665
390313
410050
417330
417340
419860
428419
434331
440874
441217
452133
452241
461539
463284
466830
471537
473967
474067
482608
490050
499321
499500
499906
500050
500500
501499
512811
514926
524638
529200
529650
532917
533170
534150
536284
538461
549459
551025
552745
561781
571464
584308
584452
596619
600633
609687
627372
627615
639739
642078
643357
643672
647029
648648
649782
656244
668332
670033
670050
673651
675037
681318
684099
689778
695071
697834
713241
719280
736687
739863
751249
754821
758475
758863
760050
770050
780697
784297
789589
790372
791505
791757
792684
795484
798741
804241
805014
810819
811305
812890
818181
825886
826074
831672
831718
834166
836127
836172
847629
849520
850546
851851
852165
852517
853542
853867
857143
857151
860050
865242
872146
877501
880749
887824
888363
889642
890046
906427
906796
907740
908235
910719
919180
920494
921528
921969
929566
935785
940050
945649
945819
948411
949231
951049
951210
952335
955351
961038
961039
968256
968760
969669
977769
987391
989901
990099
991144
991233
991584
992467
992611
993168
994482
994708
994851
994950
996634
998218
998298
998704
999001
999009
999010
999036
999055
999082
999091
999208
999244
999297
999325
999343
999586
999621
999630
999631
999703
999765
999900
999901
999909
999918
999945
999955
999964
999990
999991
999999
1000000