O(A,B) table, A,B in 0..24 (O = minimal skips Zero needs, One-to-move):
A\B    0    1    2    3    4    5    6    7    8    9   10   11   12   13   14   15   16   17   18   19   20   21   22   23   24
  0    0    0    0    0    0    0    0    0    0    0    0    0    0    0    0    0    0    0    0    0    0    0    0    0    0
  1    1    0    0    0    0    0    0    0    0    0    0    0    0    0    0    0    0    0    0    0    0    0    0    0    0
  2    2    1    0    0    0    0    0    0    0    0    0    0    0    0    0    0    0    0    0    0    0    0    0    0    0
  3    3    2    1    0    0    0    0    0    0    0    0    0    0    0    0    0    0    0    0    0    0    0    0    0    0
  4    4    3    2    1    0    0    0    0    0    0    0    0    0    0    0    0    0    0    0    0    0    0    0    0    0
  5    5    4    3    2    1    0    0    0    0    0    0    0    0    0    0    0    0    0    0    0    0    0    0    0    0
  6    6    5    4    3    2    1    0    0    0    0    0    0    0    0    0    0    0    0    0    0    0    0    0    0    0
  7    7    6    5    4    3    2    1    0    0    0    0    0    0    0    0    0    0    0    0    0    0    0    0    0    0
  8    8    7    6    5    4    3    2    1    0    0    0    0    0    0    0    0    0    0    0    0    0    0    0    0    0
  9    9    8    7    6    5    4    3    2    1    0    0    0    0    0    0    0    0    0    0    0    0    0    0    0    0
 10   10    9    8    7    6    5    4    3    2    1    0    0    0    0    0    0    0    0    0    0    0    0    0    0    0
 11   11   10    9    8    7    6    5    4    3    2    1    0    0    0    0    0    0    0    0    0    0    0    0    0    0
 12   12   11   10    9    8    7    6    5    4    3    2    1    0    0    0    0    0    0    0    0    0    0    0    0    0
 13   13   12   11   10    9    8    7    6    5    4    3    2    1    0    0    0    0    0    0    0    0    0    0    0    0
 14   14   13   12   11   10    9    8    7    6    5    4    3    2    1    0    0    0    0    0    0    0    0    0    0    0
 15   15   14   13   12   11   10    9    8    7    6    5    4    3    2    1    0    0    0    0    0    0    0    0    0    0
 16   16   15   14   13   12   11   10    9    8    7    6    5    4    3    2    1    0    0    0    0    0    0    0    0    0
 17   17   16   15   14   13   12   11   10    9    8    7    6    5    4    3    2    1    0    0    0    0    0    0    0    0
 18   18   17   16   15   14   13   12   11   10    9    8    7    6    5    4    3    2    1    0    0    0    0    0    0    0
 19   19   18   17   16   15   14   13   12   11   10    9    8    7    6    5    4    3    2    1    0    0    0    0    0    0
 20   20   19   18   17   16   15   14   13   12   11   10    9    8    7    6    5    4    3    2    1    0    0    0    0    0
 21   21   20   19   18   17   16   15   14   13   12   11   10    9    8    7    6    5    4    3    2    1    0    0    0    0
 22   22   21   20   19   18   17   16   15   14   13   12   11   10    9    8    7    6    5    4    3    2    1    0    0    0
 23   23   22   21   20   19   18   17   16   15   14   13   12   11   10    9    8    7    6    5    4    3    2    1    0    0
 24   24   23   22   21   20   19   18   17   16   15   14   13   12   11   10    9    8    7    6    5    4    3    2    1    0

S_counting(n) = O(A(n),B(n)) for n=1..30:
  n    A(n)    B(n)  S_counting   real-oracle(if known)
  1       1       0           1  real=1  MATCH
  2       3       2           1  real=2  MISMATCH
  3       9       2           7  real=8  MISMATCH
  4      13      10           3  real=9  MISMATCH
  5      23      15           8  real=17  MISMATCH
  6      35      21          14
  7      56      21          35
  8      64      45          19
  9      82      63          19
 10     102      83          19
 11     135      94          41
 12     159     118          41
 13     198     131          67
 14     240     145          95
 15     300     145         155
 16     316     209         107
 17     350     260          90
 18     386     314          72
 19     443     352          91
 20     483     412          71
 21     546     454          92
 22     612     498         114
 23     704     521         183
 24     752     593         159
 25     827     643         184
 26     905     695         210
 27    1013     722         291
 28    1097     778         319
 29    1213     807         406
 30    1333     837         496

Real-game matched at n = [1]
Real-game mismatched at n = [2, 3, 4, 5]
