1
101
20302
2042402
204252402
30445654403
3054587854503
407470828064704
40849095449084804
4085011557551094804
508703259827952296805
50970528087268072496905
5097153010831280092506905
609915603287332682295508906
61091760630937672902595709006
7129296283596175714952815919207
713949748580120079919974836939307
71395994978232510500422176938949307
8141620537963671762570662587340151308
815164074836507597029594703627460351408
91717611506692920143934000827659500561609
9181962354692334174850374613230863521581709
918206436673256459645494435853551265623591709
101840854070531671026730902561905611496024793710
10194105617456373127735281715167111634536144993810
1019420581956040518798590362975687713938548165003810
111962088416016457087904120291029767964359950368005811
11206228871822058113998457117096437793006500170668205911
1222634909232446424005255758857837442299222542220888416112
122365502945294883013130985934731937892920826747242909436212
12236652306551538541925704003522141982955081247249445011446212
1323867334669195924633383207764423346691173125317489855412648213
132486935570933634533779133583855543817512977532341530895532848313
13248793759197377495448354171192967590899693418234745634907552858313
1425079678123843783607106058134106432499319739490495176236309755860314
142608168114588484394772876454425453123341324346716538236376530056060414
15280937031961252747513369936103760332227561985269522846270418580276270615
1529113823416627679059373075901037248442649628077550153649674623602297290715
152912402461883270310245343672394386059484856237305613233990095125804399300715
16293261286328747733630844423341749467385725537360312123270052165366214800502716
1630328149673015194065690752390277257600109793649660963126876259189407254920702816
173234018990343679847291881751085830090892918606899746083687698963595531286960913017
17333603103057410145169910981620641113420203799931908258139769969404207934490981933117
1733370511509764056677431820968576169446351291932432759463747997013465448254893083943117
183357261554182430729923643019866131004759481907184537900044770903421591500315123485145118
18345746365821449098054544762909621614536072561432395051958147061544234196706338163605345218
1834584656792548115830516656751885169967667380513953446457768376125625494717308642175625355218
193478495899667216791096747875849642007282818198968060607058811482735753548797559063577828357219
19357869620187134084317719869785625325738797900050378776667163122143748558956822601203798128557319
2037798984068954021037182034062783213899090508087291650584679596208265229299961328817245848348767520
203881910428945642716323613453362542071234261526814418831385922904820413303400411950421450870369787620
20388293054916614512244966755383338427804751363399527136911510253766035220713445474110841953072471797620
2139031409505703521665309482950382947021356661752673059145125945341907536161918153692154912193482872999621
214003343054584394236971761102450343806376547700680027859966569454156057630282388975496561936234522993199721
22420454707762655467787636943252646631743915671613615709962131120535773069062349491356137466342358555033409922
2243065591178569762822854155158272275425497828062907184340178586228697474212269059729420227906954761759054430022
224307579238259280498329505976660235154800889067192264047361824097044867588532940083535829271968195082161156440022
23432778964146530556051014708147056723294342033000148150569546395378862081022620062484376933880094247142391557642023
2344279917454973658111319534925186705537248456426295736803048003523560583424431332302568487394692699453165431677842123
234428993766537686413638171556629151586932659895755854602050893716341732717765302556310979533475953220055469443697852123
24444902398695009162168325393747045839926675805848731761327073485018359146353854444977172284341804007300305890845900854124
2445492242891542156737637047612788714673900990401146322433829432615220100509962768687063302765174609415325348031066201054224
254750426494178276934304709471518957618091352650132907391704086347637414256891054394897678370868475350419831564073116421264425
25485243851622851754691011951862135847959836518623309014318729817849856829895000217015959185181198549450870453168278138442284525
2548534586364490199530361736190923824882134353115940919707021302968071798393705916479122109866214205959495932613588780340544294525
264873669037853226997117454360299094730319606033047903990979298640992267974794817742891739179989534967164204150657659020750945496526
26497387114186726906755826716771116185274066774026244211118207032465411885614906000384153446192321611087635025955064683061791065696626
2649748731629074094882626752957852825239648783573345874923840980414907373649626024264510324147425529223134717206395767087165803085706626
274994903383318012894489739397266225732679140483525509148198120338684105552070757870877329396272766310448043137252468027517767205288708627
27509510368552211892855201003828103516476628310478741836475626056165607923394183942532159236608806844432938885141859694070577907425588908727
2852963058905461620089128329448931852791071747312002394589418619840860169907807504410680370158062416658684043105802782500378611949475809118928
285398317912596402439716441173959306780250583647464367669883717998310320168349139551225501462303423398083794465171895063131182016154497830139028
28539933803281690484402447725624996799526201773662700895199313655845256320012482344232707610676839521540594836671781123126211522436656699932149028
2954195484342211118700875778172730766094321520977188355668162507640741858704626004814382938552330649537793701077352904129636247584506897110333351029
295519750538235153940348208822883307695573853441329753832964481906130402098965978251829406032717711651163104325145465204780639853791530938150453551129
30572095456127731438107101533494141202645547065496786501764598441775116626331121223153531917451275831833894366933958715289901200676495937062182493761330
3058229666015077359854782434000619930697642868271042461294927994428673739050086645713323783059307087850107020627815283723801957282946936549465386514781430
305823986721910040201522315680713198880197374988825609940611267593118535981425639094730348897244888289677419646715947784575007565509990997789785788616791430
31584419712511606526370277660372171294032172607064302558072447229482124780419210904016633060517805028492428882455731199889715588588416399123841846019017993431
3159443992291481255143245812129517980809229695814611997371256043418382749224198057396206904222573819048767575163357256410403773690879057211729047869059138193531
315945401250188446116830799259044098932328982016569381478689615662308445193602082706615234020428175221076282203253509777461809583919943138472249650173071158203531
32596543147060085132487588145970522394284506216112066349810725779553334709651590801648538145841190317443847765212468963884622410627026553266526329900594473361205532
3260656317728049753769563322817118351929502229625661763183014342168655961155450462795840829327917404539720996066134014374600682514937687566071934354942734693661405632
336266833977829036637497336990133903325471294770782633448523396001279120607737357683817071967555559026969437828178308575646408694948023809046812938861158776743881615833
33636884599987927725010274703721812400679650548886479801982561561912325585265928079835940185790319721269941121039395764702827209938256635957120913389482762981765902635933
3363698661200997796562288011376889662136097575960456196655386378153016972051085000295048251568066735945567109442161141377420907334269117850764530958451643183483968004645933
346390076521503986700310081878893876637697910137317629883997788057283681820634994241840481391815728378575485943556355722669429121769357259351705735666669687253724378405847934
34649027862551802877075089468630592574193879166273034998618237955970350166679025918396409795416581892641567369354975813851870250565278171409445826206488474094277765418526048034
3464912806465581691914553028143800462329812004779844771872042254747276998652518118333853341197893198318940755710496921626771952394916159586418857873288668914796681869430546058034
356511310866968772597682366915860987639893644586157218661216445953897962047438429361899573283447574860969059791826693522938800367032006303107380262781708714987057112470832749060035
35661151116917287863174463755687579705396276902723894607595656815868966466926029553718471569508415741125980963403446353654141641830741020655203520753623713322213100172611053049260135
3668127133741969217121054604634879471501234804718499653521239894009377818974805342189577673452205434369629191344765612568776427808221842656066819589857844374245019408206653103269470336
366914725396247162142909068692554068651085087586296075544885663613360263069762736605775497866321907297219950229480982234081005044447332006197228426500279910466525650211610858125290490436
36691574551646766454721710477484472986609470365744053664681328035548448788148555862964367517153292093582252054043102644385303866708358348360313389117542486519694588730552031360327392500436
3769359559178718715732802053358678384802468198383521814598345765429259303298047888699023771448390510924087464455425469059709592035119480183972131460241783167642701098766614101600737793702437
377036158021885913643540836341478069566388341000161297907964789504800344754287981172304964164574112393974608704593662110592138408876231663745153938572665851279943352102372821125641777913902537
38723736204492807408426364285353617389726977641198139107446611183461929090053483311552919023677356320719226932920419346283855220293189452039883354850017074664530028472663195525531765809954112738
3873393740851584956886708709186567549405785907660995920061311250579174803619973016349614324974956237153244459354502987763610163408724511489653703445994457955989538540528745465966144169013975132838
387340394205560799904714943199307960751011678909640774015447775190150462256611926320155754920102844320405767701512759829496240982251856715251035712560438546088490389746136972510027384489416077142838
39736060460876682496689540412231647481113602981127638783754296171167299227756007458702789834453091892665678292117540446022779343066765279093409256644205049361340595530327159878918153436549646478344839
3974608067127988852175172087315465599517372733202927439757639135768882175777695560696966197787751997107192930733720309065351089551518107516909231349808666130886551109588429450519730758642572686598544939
397461808733839205820023426777638860803143285755382907537146123095540369830771650884523306993117642518559918174893997170998182110396652331298491440666254774283407602515398658514600991279244876698618554939
40748183895425161102806850897829998581365936589975400937476194721074709155350367383469159406546126894933852462791121885366301304215110274911458732392331065791537514763116441765124729045359495298100821556940
4075820392564557350801489598003065970637645267011977203931381054518991587707309940641932769361847052136563106924413910704896613514686472532927482827558812167516948230823220752426137534453384537438321121757040
417783241461479796340689964508728665196285598509412359505341887054510881444905287286508493966893941596321690555106712812858129836563842718354730094346208942360258220038835653838547618275457890753480371341967241
41788525348353003695329537455581288587761080922749450589646392487053699867164703021873164613720103396014894435373336603028181452141479467300534991246211221961634385400840078962450695692375908512357685393362987341
4178862736037505393594214286562837280844240613346753273603751452486972598439144476480538776589041048837872168917196325624560513682633041925518561106432712523889047103480964409823665503102420970672778187595464997341
427906484005154746403502709397488638508512213875947335777016277472499062657639123842367120174323137595043625019101515247797993938733791307767341372827084844736650519111695399497965166444307129188716848428005866199342
42800668610916878847394352220490068761275309540136005586118268879473708068577637060431025259947732792215618940037533407465141336443849617891949622544892298066012797719933138908312115260564777950993123872469045986399442
4382078901322109489148481305349768101238157044168161850640443731081596628680777630921298841257308898454475152482080924631201495607155632478312179759771613820395629537822097689989929126692631880331634028278593078026609643
438309902172441370519257176618277571348926330506970746356072989951293888689900777017008080440993425464680428514886420047004836922678333918520335193482443766053357303548038552798151630269899342118395724468890996282047629743
43831092229284367473530126707911057896117743676787229196899327611972523094811900715625686240414605082087275764755320332284368379629796162522722636565749658989349524704569684063614321744590570365924804768530131316684149639743
4483311326960496997974819081839209110393199680306815094271244990016097445727032094776695504239795790944547011391178911758022724670361779223144954775812491381519168266826754255345431535178677692766765909376656183376914550841744
448431334800081760048103714594969014360101393343309601601705811230428589708949051500883677304177914377190520574038538054331858353743560085285368168700486663634501042479045211383527152878587389932850876370189261389399954671041844
44843233682112208065060993265907949539330920759643588252345162435271677816031150992111581857297989773001787876838774452311715421261063390691507689561167903888932688463700890924201699287219458613941261922451449781991703966691051844
4584523670415344858586550150399208022056433057591673455346710845039598602450271365253381601858681195655661723705315086078252073714013066651513941830809929646618951632587905482226219112923308601034802566730779503862242125368894053845
458552567343738609910735465863729215273766646740794660164783279105472291065874292791380383601997001783921655306552948048672287902989213392733757355955686103919620846045008364612427960476532222843120933047563584911887284265589194253945
46875376954876267117127647057396930142446790035081293531310442107168761737608478437424100603816029262612541033611516462328096071030711248020978118968643505533239830307487256279634622116857623849053736001150864325916393500307639414464146
4688557815708129117838818806210717022859749128869131180645876324913497706391868892900696122625219255345474478864107868630270474383802914710845414280237425448465260776451712047781854037754966786470115242811480938426367015104512661435484246
468856801691033414190007934721542726294589983012274119892102464605546392171817910339227898324765541863631668261913743085424508305661023260993289030407115619741667355390874191198003795601565883048576265923844488348471429175525014863537494246
47887701209243762123408921546274943853669615373372793191237963294670855858914622256973968138558998002894253066586897465018868311633583259891257670663295135251063896836853322308222199972002677709461193336047165249553179647219595255273938696247
4789772141964516633045300282701615056591172154409424700325824046301201802533195056920447992161982244105956392899085269658763248644425806922917695833952097098383286844983098134010641817612113860350722900348379241370024001451626619296314058896347
478978216217491803725234436398235626330341426058014615413784432346954296469961238523267850394504306854412170376148922489033201281923648173225561512162832293411605581659607579304252603581623232124476893601581586853417106181892329023400326078906347
48899824643790240713146150049971656953905568818420553706959845464414265783232965785360010110648756968085235570721152664626767024630046085005491963165071052124935837083142075896530450782002755078737295965726922368078325526227964589454001728281908348
4890984467401065131655237711407313789711428308054674462861565948671145414459533420469034236136074023091167575605221526878400209359442289768232132128455893035277358987231388907619150268624115939740019203178261000490569167530835190632514141948582108448
499299648945130556245884594047343529085483722431880267380342196289544460484091598908856657040680602655419421779257260950275767644842686678111096350659540111370539874204058074099901332253037436407888230124631870814741673388191757996940548183998802318649
49940166096718079667668820227640965058662713134814439559128405230376875967447298147747618937495133465888244842144461203290012577193167125512397518203767961944896791395886726593328119530694369483222709322269992852239852095454284038627743952389020823338749
4994026810874012990809962383587003118016385654373070368733934708639110026663767953031623846982940419789170786878664855437263693532025611008941039703514610145297521943564153578516149939374827574164704818536806090994750894302063512101708084372891222925348749
509422891488805506107059338919723420415808699798398863488216585069532625296497835461439266851729471054137445010730906280836651816017272019371825458436600830500580057360592840772818352123988350044314935760190616107247857134983186518611744146443131633326550750
50952309359281954817731996992533365150195040114200978175436481621158884152279904586302203567326382534488964867395955048820775464094541912855660267331745222866028833599063461560203038570585340597059338029925571617732558481203095487169615350353467172673446750850
5197242976158617086180427764373917558328320183556478929390463187232096056870640779872380635634811889078173709107938389503014858694047206198486506474682807626620856189789370533703427062436740585498761849448483691800463821090016345572290176173057873296705486961051
519826309656092130222450004502512336876140834527784274050893133748325813328706728308480223842383362543446648133162181834922423181698513634761571127209789048002103591808820077748025829449052265075669012991304295710073590081971341354084346258443498485699909507981151
51982732977649443443849407678316354268657392268950563786201160189857697540512315481169264544517238427980294090538586526376863255482145156491070033200720413085550377153711890799180266068110604714092694127176885497537386216170103842205289954485487559726020311609991151
5298475401797004595006745377061720567466982737713230535021248066002796872278893210967449698614022765171865240333083041000771146687529309642323918242571803017040579735346038983142604491936285869635995405747737025700288849025185355947345870977391895685778080542011193152
529947742283732519751296342315402141887299517282141227658525938647296714346116982759595493105564575439560359864587528488440199489892251158225608739179680063412543515554578748217485027078753812361826266567803751045975435129926710566461403973268032708290984103582131393252
52994874430477284035380256036149444273870552971724940940008994996776688461729925937622399833800619842878409822290032073232383033810364436016554090832890506102962837097477849671651727285760506461580853382773405153073490063220079231617867214202332113968811586407594151403252
5399687745251852455618476425621555677492216098618006914195075921009917865202130841444103035905308166606963556266836488567646866666059585822049604302205993130258192397291806962035276153355937791403503765203535547375844973072435533338778468257308942242022891836828996354405253
540068974827389369613928093384162178999326770663246204239701768522324035539242222392092166643056062843015478200721482138009095229890981726025354625439516255545781148416724718198397718760373666285595794947279749769652993273993980944054838572567969955047430916878969216654605353
55027017703241343087446909809258424713184784247146266136992373030673756003143453379458918547558331732485886962666386247284155951572403395972375876939370744499118096770560216043836661999482346717706826933174921372199369825386168542215862851005654091435788435423095011266874815554
5503721890544636714870745081396684678131730531895448259412259499245816952763564569086141556639085898696773035409232862761898841585823644821427428108332493568856349658984909348607663090071679651859829940755939083615171053036603624669396664094314266239509888886044699216288895835654
550373209174684173893200562240139310019986305296725647586938972120760136628805676139754405365791842595125487880065880514223367405010947787366932651247644776004579505880419822604990305897291410166072141323032355307912339374158349237387476788425175481046919933948205119718490997845654
56039341957608838093728184298134422044407445783799765780539812236274212124433217035208582806301267712439998992365750845860572225767543382242185474985379073221578915148044111348445256606639284661789305281570693997937831173488352930529395691223513316981988124642166249189958901399047655
5604936216801024230077226557887562695483153393634103779075827138651619410904874352942091422899848854696927349440934247380495458062020786827724459708398521917779012479364413263932471886680838609824112619306336858260929714584907811059730217134732327467076108595463970656213999941519247755
570694825703144583448627264118832392059377948378866507128624579980386341290969007963830575634256627573165862596299785920864004241889347133395972085051732826393722570903003348542355335096102773146076644221984955286580138255927055625981832381685813944478508175697844611560620123973559457956
57079683774337500505303631020213315328448857446902106842083499864153858529297382369052678996769934499420059387282184953269214882624621981790220844619385163273988078413266896876384641656038296226771329804489846798118500992390141837118192048836793975645621714885935908702001232527177580478056
5707978578637773092690804006629661608967396807299226140337571028281501077329938718477937521110337721684109411855870701688104302720897885447472708098052728208033423662649656249660613273750257641589296645831276031081310586405811619986339213694347610145759942385909742317746062472847579682488056
580818068266983334331261041767776492974882211992731831491906343890216423159396092349386621932669118460173064858916724377191633106748426234017741458043389052703997182288290593548103496683374194179861848448710096461402539147948159636910443398265629427359194029508310583422354188524907810083690057
58091827037101539458188284817882459629566363730535992366648783630083708631366011455440255063088547192309068609565002091927544513509501261091044616520577021502300373044852384323392391837645767848007117028736592139493525395302182961329320861855393811148702602741748394693883166793730930850203890157
5809192723920557151843890662429350773288714515584862045882336512249432929452027547764527099178676354577198623080173538846962832553784784746793732122773940266461937959301261757307821225933885133230732635057524796442705811010725663130570362707568211983283043473965756805739964427314333234862223900157
590939302612468120392434148623776384141205549721217667599453129394204555211720183198693231710937659095086174090341229216352511656601513335319064502777112266782445716785144201057770724655758023673505304458136545428765936392573273880256676549298870229396919132616386618110548292481394583656264426902158
