building prime h of length 33554434...
  done in 255.3s

k  2^k        nu2(2^k)     S(2^k)   nu2(2^k+1)   nu2(2^k-1)   e_k=nu2-2^(k-1)  D2(k)=S(+1)+S(-1)-2S
 3         8         2        +2         1         1         -2          +4
 4        16        12       -10         6         2         +4         +32
 5        32        13        +4        18        12         -3          -8
 6        64        27        +8        39        30         -5         -30
 7       128        66        -6        59        57         +2         +32
 8       256       136       -18       128       127         +8         +34
 9       512       243       +24       257       269        -13         -80
10      1024       502       +18       497       506        -10          +2
11      2048      1003       +40       994      1015        -21          -6
12      4096      2010       +74      2097      2047        -38        -248
13      8192      4184      -178      4068      4082        +88        +436
14     16384      8338      -294      8055      8270       +146        +702
15     32768     16464      -162     16537     16386        +80         +10
16     65536     32608      +318     32703     32759       -160        -492
17    131072     65308      +454     65569     65845       -228       -1596
18    262144    131146      -150    131418    130892        +74         -36
19    524288    261803      +680    262106    262747       -341       -2494
20   1048576    524358      -142    523369    525294        +70        +106
21   2097152   1049371     -1592   1048540   1048352       +795       +3700
22   4194304   2099362     -4422   2097290   2097047      +2210       +8774
23   8388608   4191662     +5282   4195033   4194910      -2642      -13238
24  16777216   8388313      +588   8388399   8388050       -295        +354
25  33554432  16778104     -1778  16777388  16774858       +888       +7924

nu2(2^k)   k=3..25: 2 12 13 27 66 136 243 502 1003 2010 4184 8338 16464 32608 65308 131146 261803 524358 1049371 2099362 4191662 8388313 16778104
S(2^k)     k=3..25: 2 -10 4 8 -6 -18 24 18 40 74 -178 -294 -162 318 454 -150 680 -142 -1592 -4422 5282 588 -1778
nu2(2^k+1) k=3..25: 1 6 18 39 59 128 257 497 994 2097 4068 8055 16537 32703 65569 131418 262106 523369 1048540 2097290 4195033 8388399 16777388
nu2(2^k-1) k=3..25: 1 2 12 30 57 127 269 506 1015 2047 4082 8270 16386 32759 65845 130892 262747 525294 1048352 2097047 4194910 8388050 16774858
D2(k)      k=3..25: 4 32 -8 -30 32 34 -80 2 -6 -248 436 702 10 -492 -1596 -36 -2494 106 3700 8774 -13238 354 7924

wrote code/out/dyadic_extension_k25.txt
