3 -1
4 3
5 -3
6 1
7 -3
8 1
9 -3
10 9
11 -7
12 1
13 -5
14 3
15 -5
16 19
17 -13
18 -1
19 15
20 -11
21 -1
22 -5
23 9
24 -5
25 7
26 -7
27 -1
28 1
29 9
30 -9
31 -3
32 1
33 9
34 -5
35 1
36 -3
37 -3
38 5
39 -7
40 13
41 -17
42 11
43 -13
44 23
45 -17
46 -1
47 31
48 -23
49 -1
50 11
51 -11
52 3
53 -17
54 21
55 -7
56 -7
57 13
58 -11
59 17
60 -11
61 1
62 -11
63 9
64 -7
65 23
66 -23
67 3
68 -3
69 21
70 -3
71 -23
72 17
73 -7
74 5
75 17
76 -29
77 5
78 5
79 -7
80 1
81 1
82 5
83 -3
84 11
85 3
86 -3
87 -7
88 3
89 -5
90 3
91 1
92 3
93 -11
94 9
95 -11
96 1
97 11
98 -11
99 3
100 -7
101 1
102 9
103 -17
104 11
105 -17
106 13
107 21
108 -15
109 7
110 -15
111 11
112 15
113 -17
114 -3
115 -1
116 -1
117 33
118 -19
119 3
120 -21
121 15
122 1
123 -1
124 -7
125 1
126 11
127 -19
128 17
129 -15
130 17
131 -13
132 17
133 -15
134 5
135 -3
136 5
137 -21
138 11
139 3
140 7
141 -1
142 3
143 -15
144 5
145 -23
146 31
147 17
148 -25
149 21
150 -21
151 -9
152 3
153 -17
154 43
155 -35
156 15
157 -11
158 -1
159 25
160 -17
161 -3
162 5
163 17
164 -15
165 11
166 -13
167 13
168 -17
169 27
170 -7
171 -15
172 -19
173 51
174 -37
175 -1
176 41
177 -27
178 -3
179 -3
180 -9
181 13
182 -15
183 19
184 -19
185 21
186 -25
187 21
188 43
189 -39
190 -3
191 -11
192 19
193 -31
194 35
195 -13
196 9
197 -11
198 -3
199 19
200 -17
201 31
202 -39
203 9
204 -15
205 21
206 -19
207 11
208 3
209 -23
210 -11
211 15
212 1
213 -7
214 65
215 -29
216 -9
217 -17
218 -1
219 31
220 -23
221 13
222 -17
223 31
224 -19
225 -11
226 37
227 -35
228 15
229 -15
230 19
231 -5
232 5
233 -17
234 13
235 11
236 -27
237 11
238 11
239 -31
240 21
241 -13
242 7
243 27
244 -31
245 -7
246 7
247 21
248 -1
249 -27
250 5
251 9
252 9
253 3
254 -23
255 11
256 17
257 -17
258 15
259 -9
260 -23
261 17
262 9
263 -3
264 5
265 -21
266 15
267 -23
268 7
269 29
270 -7
271 -5
272 -29
273 3
274 -25
275 61
276 -5
277 -7
278 -33
279 13
280 15
281 -37
282 51
283 11
284 -19
285 -7
286 5
287 -3
288 -9
289 5
290 29
291 5
292 -43
293 5
294 13
295 -3
296 -15
297 -25
298 9
299 33
300 5
301 3
302 -19
303 -5
304 -17
305 23
306 5
307 -29
308 33
309 -17
310 31
311 -1
312 -3
313 -13
314 11
315 -7
316 -27
317 11
318 -15
319 -1
320 5
321 25
322 -3
323 -3
324 -27
325 39
326 3
327 -11
328 17
329 -11
330 -19
331 23
332 13
333 -27
334 1
335 -3
336 3
337 21
338 -37
339 -13
340 -13
341 69
342 -5
343 -37
344 19
345 -23
346 -17
347 37
348 -35
349 31
350 33
351 -35
352 -23
353 29
354 -5
355 19
356 39
357 -47
358 -7
359 -11
360 3
361 63
362 -77
363 31
364 15
365 -23
366 19
367 -57
368 47
369 13
370 -41
371 11
372 3
373 -7
374 19
375 -9
376 3
377 -13
378 7
379 31
380 -45
381 45
382 -17
383 -9
384 -41
385 29
386 65
387 -47
388 9
389 -25
390 -33
391 51
392 -1
393 -27
394 35
395 -23
396 15
397 -5
398 3
399 31
400 -19
401 -11
402 -23
403 1
404 -27
405 59
406 -1
407 -27
408 25
409 31
410 -39
411 -13
412 65
413 -43
414 7
415 -31
416 5
417 -5
418 -1
419 37
420 -3
421 -31
422 -21
423 43
424 -49
425 -11
426 3
427 43
428 -31
429 45
430 -11
431 35
432 -25
433 -15
434 7
435 -39
436 85
437 -73
438 37
439 -39
440 43
441 -21
442 -9
443 15
444 5
445 7
446 -63
447 55
448 -11
449 15
450 -27
451 -3
452 17
453 -9
454 -13
455 55
456 -35
457 -41
458 105
459 -61
460 -19
461 -31
462 59
463 -29
464 13
465 5
466 41
467 -17
468 -19
469 -23
470 57
471 -33
472 -7
473 -25
474 35
475 -51
476 29
477 31
478 13
479 -37
480 -31
481 31
482 13
483 -3
484 5
485 7
486 -17
487 -9
488 55
489 -51
490 -9
491 27
492 3
493 -37
494 25
495 45
496 9
497 -49
498 -1
499 -21
500 19
501 -13
502 -9
503 37
504 -1
505 -23
506 19
507 -7
508 1
509 -5
510 15
511 13
512 -53
513 27
514 9
515 -57
516 77
517 -39
518 9
519 19
520 -15
521 17
522 -21
523 -27
524 3
525 7
526 13
527 17
528 -5
529 -39
530 9
531 47
532 -53
533 53
534 -31
535 29
536 -75
537 33
538 29
539 -61
540 79
541 -35
542 11
543 1
544 -5
545 21
546 -41
547 37
548 -19
549 13
550 7
551 -19
552 15
553 3
554 -31
555 -1
556 11
557 31
558 -49
559 -1
560 29
561 -11
562 -19
563 37
564 -47
565 35
566 -51
567 91
568 -15
569 -27
570 17
571 -51
572 11
573 47
574 31
575 -75
576 25
577 -5
578 11
579 -45
580 41
581 -41
582 61
583 -45
584 3
585 -1
586 29
587 -23
588 -17
589 57
590 -43
591 -25
592 -29
593 43
594 85
595 -97
596 7
597 7
598 9
599 -11
600 31
601 -39
602 27
603 -33
604 33
605 15
606 -29
607 27
608 75
609 -83
610 23
611 -29
612 23
613 -49
614 15
615 53
616 -19
617 -11
618 -53
619 89
620 -53
621 25
622 15
623 -9
624 -29
625 -45
626 51
627 -23
628 23
629 1
630 21
631 -1
632 -27
633 -25
634 23
635 33
636 37
637 -95
638 11
639 35
640 -35
641 19
642 25
643 -21
644 -15
645 31
646 -31
647 -13
648 65
649 -43
650 19
651 3
652 -51
653 37
654 -41
655 37
656 -51
657 79
658 -59
659 81
660 -27
661 -25
662 -27
663 85
664 -75
665 11
666 -7
667 49
668 -51
669 29
670 -3
671 -29
672 -3
673 19
674 37
675 -37
676 -23
677 7
678 23
679 -51
680 47
681 -37
682 69
683 -43
684 -37
685 71
686 -63
687 35
688 13
689 13
690 11
691 -19
692 -5
693 37
694 -31
695 -17
696 -9
697 75
698 -47
699 -29
700 43
701 -19
702 -13
703 -11
704 17
705 5
706 -1
707 -43
708 73
709 -21
710 -29
711 -9
712 33
713 -13
714 45
715 -31
716 -35
717 21
718 -11
719 35
720 3
721 -61
722 71
723 -63
724 -1
725 93
726 -95
727 9
728 21
729 3
730 5
731 -9
732 27
733 11
734 -55
735 33
736 -15
737 27
738 -5
739 -1
740 -11
741 -35
742 35
743 -1
744 5
745 -31
746 47
747 -27
748 -13
749 -31
750 67
751 -37
752 11
753 -5
754 -3
755 43
756 -11
757 -19
758 19
759 -23
760 -1
761 9
762 -19
763 -67
764 55
765 33
766 -27
767 23
768 -71
769 87
770 85
771 -125
772 -23
773 15
774 45
775 -75
776 57
777 -31
778 67
779 -9
780 15
781 -39
782 -23
783 51
784 -35
785 21
786 -25
787 23
788 41
789 -97
790 49
791 37
792 -59
793 37
794 -45
795 61
796 -29
797 -17
798 9
799 1
800 -17
801 47
802 -25
803 9
804 3
805 -1
806 -53
807 97
808 -51
809 17
810 -31
811 3
812 -5
813 25
814 -15
815 -13
816 23
817 -23
818 35
819 -19
820 -17
821 -59
822 105
823 -61
824 69
825 -105
826 77
827 -39
828 27
829 -5
830 -43
831 43
832 27
833 -19
834 -37
835 29
836 -5
837 -3
838 -17
839 11
840 71
841 -47
842 1
843 5
844 -21
845 33
846 -47
847 9
848 21
849 -9
850 47
851 -23
852 -77
853 33
854 43
855 -51
856 25
857 -17
858 11
859 27
860 -11
861 -3
862 -33
863 19
864 -23
865 59
866 -23
867 -19
868 3
869 19
870 -51
871 59
872 -1
873 -5
874 11
875 -67
876 61
877 29
878 -99
879 99
880 -39
881 -13
882 33
883 7
884 -45
885 45
886 -85
887 53
888 1
889 -75
890 55
891 13
892 7
893 37
894 -13
895 -13
896 -13
897 27
898 -3
899 -79
900 71
901 -25
902 55
903 -75
904 13
905 57
906 -7
907 -45
908 33
909 -1
910 -31
911 5
912 -7
913 -1
914 19
915 35
916 -79
917 35
918 -33
919 11
920 33
921 -55
922 79
923 -57
924 27
925 7
926 -7
927 27
928 -39
929 7
930 33
931 -53
932 -13
933 31
934 93
935 -143
936 23
937 15
938 17
939 51
940 -43
941 5
942 -41
943 17
944 -3
945 39
946 -15
947 -29
948 7
949 39
950 -49
951 -33
952 7
953 63
954 9
955 13
956 -19
957 -17
958 -37
959 61
960 15
961 -33
962 -93
963 51
964 85
965 -45
966 27
967 -27
968 -29
969 45
970 -53
971 33
972 57
973 -95
974 45
975 59
976 -45
977 -33
978 -13
979 45
980 1
981 -45
982 65
983 -53
984 -5
985 67
986 -41
987 -61
988 13
989 87
990 -83
991 45
992 -15
993 19
994 -19
995 17
996 -35
997 51
998 -13
999 -27
1000 15
1001 -5
1002 25
1003 25
1004 -119
1005 89
1006 -29
1007 31
1008 5
1009 1
1010 -67
1011 41
1012 -25
1013 7
1014 79
1015 -25
1016 -11
1017 -79
1018 81
1019 -49
1020 39
1021 -85
1022 77
1023 -17
1024 -9
1025 -11
1026 21
1027 33
1028 -11
1029 61
1030 -63
1031 -65
1032 37
1033 31
1034 -11
1035 65
1036 -65
1037 17
1038 -57
1039 35
1040 -1
1041 -19
1042 -5
1043 29
1044 11
1045 -59
1046 -15
1047 59
1048 -13
1049 79
1050 -49
1051 -65
1052 45
1053 -31
1054 25
1055 55
1056 -23
1057 -15
1058 -51
1059 55
1060 -35
1061 61
1062 -53
1063 49
1064 1
1065 -37
1066 3
1067 23
1068 -59
1069 43
1070 -1
1071 -37
1072 25
1073 -3
1074 41
1075 -19
1076 13
1077 -51
1078 57
1079 -23
1080 -25
1081 11
1082 33
1083 5
1084 -17
1085 -69
1086 99
1087 -61
1088 27
1089 -35
1090 57
1091 -83
1092 49
1093 -25
1094 93
1095 -29
1096 -43
1097 43
1098 -49
1099 21
1100 17
1101 3
1102 -61
1103 89
1104 -99
1105 -23
1106 63
1107 13
1108 -57
1109 59
1110 -1
1111 -37
1112 3
1113 13
1114 -21
1115 -1
1116 -3
1117 -5
1118 -19
1119 -5
1120 93
1121 -55
1122 17
1123 -35
1124 75
1125 -73
1126 23
1127 -7
1128 27
1129 1
1130 13
1131 17
1132 -37
1133 43
1134 -43
1135 -23
1136 41
1137 7
1138 -5
1139 13
1140 29
1141 -25
1142 -41
1143 69
1144 -33
1145 -41
1146 33
1147 -57
1148 11
1149 33
1150 -5
1151 23
1152 13
1153 -23
1154 17
1155 29
1156 -59
1157 -13
1158 21
1159 -35
1160 39
1161 -23
1162 -29
1163 23
1164 19
1165 -17
1166 23
1167 -63
1168 79
1169 -9
1170 -75
1171 43
1172 33
1173 -11
1174 -21
1175 5
1176 7
1177 -11
1178 9
1179 -37
1180 87
1181 9
1182 -45
1183 -57
1184 73
1185 -39
1186 67
1187 -77
1188 5
1189 -37
1190 5
1191 45
1192 -3
1193 11
1194 25
1195 -35
1196 19
1197 3
1198 -95
1199 137
1200 -89
1201 63
1202 9
1203 -41
1204 11
1205 41
1206 -9
1207 -41
1208 23
1209 9
1210 -77
1211 -53
1212 131
1213 -53
1214 3
1215 53
1216 -65
1217 -25
1218 37
1219 -55
1220 89
1221 -57
1222 1
1223 45
1224 -1
1225 -21
1226 27
1227 -39
1228 23
1229 33
1230 -37
1231 11
1232 25
1233 -29
1234 75
1235 -47
1236 -63
1237 69
1238 -81
1239 83
1240 -47
1241 -17
1242 -19
1243 45
1244 15
1245 -41
1246 41
1247 59
1248 -65
1249 27
1250 -31
1251 35
1252 -43
1253 41
1254 -37
1255 37
1256 -49
1257 7
1258 -39
1259 33
1260 -41
1261 59
1262 -21
1263 -7
1264 29
1265 -29
1266 3
1267 -37
1268 47
1269 7
1270 35
1271 -67
1272 67
1273 -65
1274 93
1275 11
1276 -65
1277 -29
1278 35
1279 -27
1280 -19
1281 -45
1282 91
1283 -27
1284 -35
1285 7
1286 29
1287 -25
1288 51
1289 25
1290 -89
1291 105
1292 -31
1293 -7
1294 -17
1295 53
1296 -11
1297 -15
1298 -63
1299 45
1300 -15
1301 -7
1302 47
1303 -63
1304 43
1305 43
1306 -55
1307 -39
1308 71
1309 -33
1310 -1
1311 51
1312 25
1313 -75
1314 23
1315 -5
1316 -17
1317 -13
1318 -7
1319 -33
1320 23
1321 33
1322 25
1323 -11
1324 13
1325 -51
1326 43
1327 -21
1328 19
1329 -15
1330 -17
1331 -11
1332 59
1333 -35
1334 17
1335 -9
1336 5
1337 5
1338 3
1339 -23
1340 45
1341 -53
1342 29
1343 -47
1344 71
1345 -109
1346 127
1347 -27
1348 -49
1349 -13
1350 39
1351 31
1352 -25
1353 -21
1354 -37
1355 31
1356 41
1357 57
1358 -61
1359 -43
1360 -23
1361 39
1362 -19
1363 23
1364 -9
1365 -1
1366 -17
1367 -15
1368 -1
1369 55
1370 11
1371 -7
1372 31
1373 -43
1374 17
1375 -23
1376 15
1377 -59
1378 3
1379 71
1380 -27
1381 -63
1382 125
1383 -103
1384 71
1385 -9
1386 51
1387 -131
1388 11
1389 77
1390 -31
1391 -15
1392 9
1393 21
1394 21
1395 -41
1396 11
1397 -21
1398 31
1399 -29
1400 47
1401 -69
1402 37
1403 111
1404 -125
1405 -1
1406 25
1407 15
1408 -39
1409 -65
1410 67
1411 1
1412 3
1413 -47
1414 49
1415 27
1416 25
1417 -89
1418 19
1419 -43
1420 47
1421 -5
1422 25
1423 -55
1424 103
1425 -133
1426 129
1427 -103
1428 47
1429 63
1430 -135
1431 15
1432 1
1433 93
1434 -95
1435 71
1436 -7
1437 21
1438 -95
1439 89
1440 -89
1441 65
1442 5
1443 -59
1444 101
1445 -79
1446 37
1447 -17
1448 -89
1449 147
1450 -91
1451 97
1452 -67
1453 27
1454 -79
1455 115
1456 -75
1457 81
1458 35
1459 -57
1460 9
1461 -95
1462 93
1463 21
1464 -137
1465 127
1466 -29
1467 -1
1468 3
1469 17
1470 -55
1471 -7
1472 47
1473 -59
1474 21
1475 -19
1476 61
1477 53
1478 -91
1479 47
1480 -1
1481 25
1482 -61
1483 33
1484 29
1485 -77
1486 -37
1487 49
1488 13
1489 -37
1490 49
1491 39
1492 -55
1493 -27
1494 19
1495 43
1496 -87
1497 143
1498 -127
1499 85
1500 1
1501 -47
1502 21
1503 -33
1504 -27
1505 63
1506 -41
1507 37
1508 43
1509 -81
1510 -25
1511 81
1512 -27
1513 -17
1514 -113
1515 131
1516 -75
1517 125
1518 -93
1519 91
1520 -119
1521 155
1522 -121
1523 5
1524 31
1525 -51
1526 49
1527 -59
1528 87
1529 -55
1530 73
1531 -51
1532 -13
1533 39
1534 -105
1535 25
1536 31
1537 49
1538 -43
1539 35
1540 29
1541 -145
1542 71
1543 13
1544 73
1545 -45
1546 7
1547 -1
1548 -81
1549 53
1550 -29
1551 15
1552 45
1553 -63
1554 101
1555 -85
1556 33
1557 -35
1558 51
1559 5
1560 -19
1561 -9
1562 13
1563 -53
1564 69
1565 -43
1566 3
1567 11
1568 -31
1569 65
1570 -77
1571 49
1572 -21
1573 7
1574 9
1575 -49
1576 35
1577 7
1578 35
1579 1
1580 -61
1581 31
1582 7
1583 -61
1584 1
1585 41
1586 -17
1587 -7
1588 27
1589 1
1590 -3
1591 -45
1592 23
1593 53
1594 -45
1595 11
1596 31
1597 -21
1598 17
1599 -131
1600 81
1601 19
1602 -15
1603 -15
1604 55
1605 -39
1606 7
1607 59
1608 -53
1609 -11
1610 11
1611 19
1612 25
1613 -45
1614 -15
1615 53
1616 -41
1617 79
1618 -33
1619 -11
1620 -17
1621 -75
1622 41
1623 53
1624 -33
1625 -57
1626 19
1627 69
1628 -25
1629 17
1630 1
1631 -87
1632 93
1633 -33
1634 55
1635 -15
1636 -3
1637 -51
1638 35
1639 -29
1640 27
1641 -3
1642 17
1643 -49
1644 61
1645 -71
1646 -3
1647 -59
1648 49
1649 107
1650 -27
1651 -31
1652 -73
1653 81
1654 19
1655 -37
1656 -25
1657 7
1658 21
1659 -63
1660 89
1661 -57
1662 23
1663 -3
1664 29
1665 11
1666 -35
1667 -19
1668 91
1669 -37
1670 11
1671 -43
1672 27
1673 -23
1674 37
1675 -11
1676 -7
1677 -63
1678 117
1679 -157
1680 25
1681 85
1682 -49
1683 69
1684 -67
1685 71
1686 29
1687 -107
1688 11
1689 75
1690 33
1691 -123
1692 111
1693 13
1694 -87
1695 -19
1696 45
1697 -27
1698 7
1699 -3
1700 5
1701 -9
1702 39
1703 -47
1704 43
1705 -81
1706 47
1707 7
1708 -39
1709 29
1710 45
1711 29
1712 -11
1713 -35
1714 23
1715 31
1716 -47
1717 21
1718 3
1719 -73
1720 -41
1721 111
1722 -3
1723 -11
1724 -1
1725 -73
1726 67
1727 -15
1728 -55
1729 7
1730 1
1731 47
1732 53
1733 -33
1734 -29
1735 11
1736 59
1737 -61
1738 13
1739 23
1740 -133
1741 69
1742 41
1743 -11
1744 39
1745 -69
1746 -5
1747 39
1748 -17
1749 -23
1750 79
1751 3
1752 -1
1753 -147
1754 103
1755 29
1756 -49
1757 -55
1758 41
1759 -35
1760 85
1761 -45
1762 67
1763 -23
1764 -115
1765 61
1766 -27
1767 7
1768 9
1769 13
1770 15
1771 17
1772 -57
1773 77
1774 31
1775 11
1776 -3
1777 -47
1778 9
1779 -31
1780 5
1781 19
1782 -21
1783 47
1784 -63
1785 1
1786 -3
1787 -11
1788 -23
1789 103
1790 -9
1791 -51
1792 19
1793 -1
1794 39
1795 -87
1796 19
1797 23
1798 -13
1799 31
1800 -81
1801 65
1802 31
1803 -45
1804 -15
1805 -17
1806 57
1807 13
1808 5
1809 -65
1810 39
1811 -9
1812 -35
1813 -5
1814 69
1815 -43
1816 -17
1817 67
1818 -17
1819 -7
1820 -31
1821 33
1822 15
1823 -79
1824 27
1825 63
1826 17
1827 -75
1828 -37
1829 49
1830 -29
1831 11
1832 63
1833 -69
1834 -11
1835 -19
1836 95
1837 -13
1838 7
1839 73
1840 -123
1841 93
1842 -127
1843 105
1844 -97
1845 93
1846 -115
1847 51
1848 135
1849 -147
1850 -31
1851 73
1852 -71
1853 63
1854 -33
1855 19
1856 1
1857 39
1858 -37
1859 -51
1860 137
1861 -83
1862 23
1863 -1
1864 -31
1865 -5
1866 23
1867 -121
1868 175
1869 -91
1870 -33
1871 111
1872 7
1873 -41
1874 21
1875 -129
1876 127
1877 -33
1878 59
1879 -139
1880 67
1881 -33
1882 109
1883 -19
1884 -51
1885 -3
1886 53
1887 -45
1888 43
1889 -51
1890 5
1891 61
1892 -135
1893 117
1894 -23
1895 -21
1896 19
1897 -69
1898 25
1899 43
1900 -53
1901 -11
1902 -19
1903 63
1904 49
1905 -71
1906 25
1907 -67
1908 119
1909 -35
1910 25
1911 -17
1912 15
1913 -57
1914 59
1915 -29
1916 49
1917 -63
1918 27
1919 -41
1920 -11
1921 37
1922 21
1923 -99
1924 43
1925 25
1926 -3
1927 37
1928 -31
1929 9
1930 -19
1931 41
1932 -93
1933 33
1934 11
1935 -23
1936 19
1937 31
1938 -31
1939 -41
1940 27
1941 -15
1942 1
1943 15
1944 21
1945 21
1946 -31
1947 5
1948 57
1949 -25
1950 -51
1951 11
1952 35
1953 75
1954 -121
1955 111
1956 -29
1957 15
1958 -95
1959 3
1960 39
1961 -15
1962 33
1963 25
1964 17
1965 -37
1966 17
1967 -77
1968 61
1969 -91
1970 -5
1971 153
1972 -49
1973 -61
1974 55
1975 -21
1976 -13
1977 -21
1978 -63
1979 87
1980 -7
1981 39
1982 -91
1983 -51
1984 73
1985 53
1986 -35
1987 -21
1988 -3
1989 71
1990 23
1991 -15
1992 -61
1993 47
1994 63
1995 -143
1996 101
1997 25
1998 -43
1999 -13
2000 -21
2001 111
2002 -79
2003 -15
2004 -17
2005 -17
2006 27
2007 -17
2008 5
2009 -39
2010 -3
2011 49
2012 -15
2013 -73
2014 107
2015 -29
2016 23
2017 47
2018 -41
2019 43
2020 -3
2021 -127
2022 125
2023 -37
2024 -19
2025 1
2026 -9
2027 21
2028 7
2029 -11
2030 -23
2031 -13
2032 -23
2033 71
2034 -15
2035 -107
2036 47
2037 109
2038 -103
2039 51
2040 23
2041 -105
2042 121
2043 13
2044 -119
2045 69
2046 -77
2047 59
2048 -25
2049 -19
2050 -25
2051 109
2052 -47
2053 -37
2054 115
2055 -61
2056 -49
2057 73
2058 -39
2059 55
2060 -43
2061 97
2062 -123
2063 9
2064 -17
2065 45
2066 19
2067 59
2068 -115
2069 43
2070 -35
2071 21
2072 5
2073 15
2074 29
2075 -21
2076 -83
2077 37
2078 5
2079 65
2080 3
2081 -21
2082 23
2083 5
2084 -65
2085 43
2086 -81
2087 43
2088 11
2089 13
2090 -29
2091 57
2092 -71
2093 -1
2094 -53
2095 13
2096 57
2097 15
2098 -21
2099 -51
2100 95
2101 -119
2102 87
2103 -53
2104 41
2105 43
2106 -11
2107 -121
2108 177
2109 43
2110 -91
2111 -9
2112 -71
2113 137
2114 -151
2115 87
2116 -25
2117 -41
2118 -1
2119 39
2120 -11
2121 -25
2122 5
2123 43
2124 -53
2125 17
2126 89
2127 -61
2128 -77
2129 89
2130 -17
2131 91
2132 -61
2133 -51
2134 123
2135 -109
2136 -61
2137 143
2138 -93
2139 85
2140 -111
2141 67
2142 1
2143 47
2144 3
2145 13
2146 -125
2147 51
2148 27
2149 -83
2150 139
2151 -65
2152 -79
2153 45
2154 9
2155 55
2156 -97
2157 -5
2158 163
2159 -145
2160 67
2161 -111
2162 63
2163 7
2164 35
2165 -25
2166 41
2167 -31
2168 -1
2169 -41
2170 53
2171 -171
2172 215
2173 -99
2174 -47
2175 9
2176 37
2177 -15
2178 107
2179 -1
2180 -45
2181 -145
2182 67
2183 79
2184 -5
2185 -45
2186 85
2187 -65
2188 -47
2189 83
2190 -79
2191 3
2192 65
2193 -49
2194 -31
2195 109
2196 -79
2197 81
2198 47
2199 -129
2200 -17
2201 11
2202 15
2203 77
2204 -57
2205 -1
2206 69
2207 -127
2208 -5
2209 7
2210 -45
2211 135
2212 -47
2213 27
2214 21
2215 -69
2216 55
2217 -83
2218 147
2219 -95
2220 39
2221 -1
2222 -67
2223 125
2224 -79
2225 33
2226 25
2227 -33
2228 -143
2229 127
2230 51
2231 -93
2232 -39
2233 89
2234 65
2235 9
2236 -71
2237 61
2238 -71
2239 -17
2240 77
2241 -93
2242 -11
2243 49
2244 67
2245 -89
2246 5
2247 -37
2248 109
2249 -103
2250 59
2251 -19
2252 -57
2253 25
2254 17
2255 5
2256 63
2257 -127
2258 109
2259 -53
2260 19
2261 29
2262 -55
2263 99
2264 -83
2265 7
2266 5
2267 -41
2268 65
2269 -45
2270 -9
2271 23
2272 5
2273 61
2274 -113
2275 27
2276 7
2277 -27
2278 7
2279 145
2280 -45
2281 -69
2282 -41
2283 5
2284 55
2285 -15
2286 -53
2287 69
2288 -27
2289 29
2290 -51
2291 -37
2292 79
2293 -29
2294 -37
2295 89
2296 57
2297 -65
2298 23
2299 -29
2300 -13
2301 -7
2302 -79
2303 139
2304 -27
2305 -35
2306 -55
2307 115
2308 39
2309 -109
2310 51
2311 -65
2312 -13
2313 -25
2314 131
2315 -85
2316 -9
2317 85
2318 -65
2319 35
2320 -33
2321 -39
2322 9
2323 109
2324 -99
2325 143
2326 -193
2327 69
2328 1
2329 23
2330 37
2331 -75
2332 -3
2333 -3
2334 11
2335 21
2336 43
2337 -85
2338 81
2339 -97
2340 59
2341 63
2342 -113
2343 63
2344 -119
2345 75
2346 57
2347 -39
2348 37
2349 37
2350 -109
2351 33
2352 -35
2353 87
2354 -11
2355 -35
2356 31
2357 55
2358 -99
2359 49
2360 31
2361 21
2362 -107
2363 31
2364 -27
2365 79
2366 -75
2367 5
2368 3
2369 83
2370 -109
2371 87
2372 -19
2373 55
2374 -127
2375 83
2376 -83
2377 13
2378 -3
2379 69
2380 -55
2381 -47
2382 85
2383 -3
2384 -101
2385 109
2386 -41
2387 -23
2388 -17
2389 83
2390 61
2391 -73
2392 -13
2393 45
2394 -113
2395 121
2396 -105
2397 115
2398 -47
2399 63
2400 -171
2401 51
2402 67
2403 -79
2404 95
2405 -89
2406 89
2407 -119
2408 77
2409 27
2410 37
2411 -67
2412 -3
2413 -57
2414 29
2415 9
2416 47
2417 19
2418 -75
2419 79
2420 -153
2421 -11
2422 81
2423 -11
2424 59
2425 -57
2426 -33
2427 119
2428 -99
2429 91
2430 -43
2431 25
2432 -79
2433 81
2434 61
2435 -95
2436 -27
2437 -19
2438 -31
2439 65
2440 93
2441 -69
2442 15
2443 -47
2444 -11
2445 147
2446 -139
2447 69
2448 15
2449 -69
2450 7
2451 -15
2452 41
2453 -17
2454 -37
2455 159
2456 -189
2457 37
2458 129
2459 -171
2460 123
2461 -93
2462 45
2463 97
2464 -95
2465 21
2466 -115
2467 145
2468 -51
2469 19
2470 -105
2471 23
2472 85
2473 -37
2474 -7
2475 133
2476 -125
2477 -5
2478 -119
2479 93
2480 -11
2481 71
2482 -77
2483 87
2484 -53
2485 11
2486 -7
2487 63
2488 33
2489 -51
2490 -7
2491 19
2492 -89
2493 133
2494 -125
2495 45
2496 65
2497 -129
2498 21
2499 75
2500 -145
2501 175
2502 -57
2503 -45
2504 117
2505 -65
2506 13
2507 21
2508 -17
2509 -51
2510 39
2511 49
2512 -47
2513 17
2514 -83
2515 9
2516 123
2517 -59
2518 -35
2519 37
2520 85
2521 -121
2522 -53
2523 33
2524 99
2525 -123
2526 -25
2527 79
2528 5
2529 -53
2530 1
2531 79
2532 -125
2533 105
2534 -191
2535 217
2536 -19
2537 5
2538 9
2539 23
2540 -5
2541 17
2542 -41
2543 -17
2544 -29
2545 13
2546 3
2547 -75
2548 -13
2549 119
2550 -69
2551 -37
2552 149
2553 -75
2554 9
2555 11
2556 69
2557 -133
2558 85
2559 -41
2560 -73
2561 37
2562 -19
2563 55
2564 -57
2565 -5
2566 109
2567 -63
2568 -35
2569 183
2570 -171
2571 59
2572 -79
2573 77
2574 27
2575 -3
2576 65
2577 -67
2578 -55
2579 23
2580 -11
2581 27
2582 27
2583 -195
2584 133
2585 -5
2586 -19
2587 -25
2588 27
2589 29
2590 -27
2591 -19
2592 91
2593 -97
2594 39
2595 -33
2596 7
2597 11
2598 -17
2599 45
2600 -33
2601 9
2602 17
2603 -11
2604 23
2605 53
2606 3
2607 -37
2608 -53
2609 69
2610 -79
2611 87
2612 -33
2613 -37
2614 59
2615 -61
2616 51
2617 1
2618 141
2619 -221
2620 47
2621 21
2622 -11
2623 13
2624 -81
2625 157
2626 -161
2627 85
2628 117
2629 -197
2630 75
2631 -29
2632 37
2633 111
2634 -157
2635 25
2636 19
2637 -9
2638 17
2639 -51
2640 -19
2641 31
2642 -115
2643 135
2644 13
2645 11
2646 -13
2647 -73
2648 41
2649 45
2650 39
2651 -147
2652 121
2653 -25
2654 55
2655 -79
2656 -27
2657 133
2658 -45
2659 29
2660 -27
2661 -91
2662 -59
2663 139
2664 3
2665 5
2666 33
2667 -143
2668 9
2669 111
2670 -61
2671 37
2672 -61
2673 131
2674 -59
2675 -53
2676 -63
2677 109
2678 -95
2679 69
2680 5
2681 -31
2682 -7
2683 -31
2684 53
2685 1
2686 -29
2687 3
2688 -31
2689 85
2690 -25
2691 29
2692 -67
2693 -57
2694 87
2695 -27
2696 -55
2697 123
2698 -31
2699 1
2700 27
2701 17
2702 3
2703 -65
2704 25
2705 41
2706 -111
2707 59
2708 -9
2709 -27
2710 59
2711 -19
2712 -33
2713 -83
2714 109
2715 57
2716 -31
2717 -185
2718 111
2719 -7
2720 29
2721 39
2722 -71
2723 51
2724 -3
2725 39
2726 -97
2727 57
2728 -65
2729 23
2730 -17
2731 7
2732 147
2733 -161
2734 33
2735 51
2736 45
2737 -51
2738 73
2739 -9
2740 -97
2741 101
2742 -53
2743 25
2744 -63
2745 -7
2746 107
2747 -87
2748 61
2749 -81
2750 71
2751 -27
2752 47
2753 -61
2754 -33
2755 23
2756 -55
2757 79
2758 -97
2759 57
2760 101
2761 -127
2762 73
2763 -159
2764 193
2765 63
2766 -151
2767 21
2768 13
2769 -83
2770 -73
2771 201
2772 -127
2773 105
2774 -79
2775 55
2776 53
2777 -29
2778 -103
2779 47
2780 115
2781 -105
2782 15
2783 -103
2784 117
2785 127
2786 -51
2787 -145
2788 -7
2789 65
2790 -29
2791 -79
2792 -1
2793 19
2794 217
2795 -213
2796 131
2797 -11
2798 -97
2799 49
2800 61
2801 -63
2802 23
2803 -53
2804 167
2805 -17
2806 -127
2807 75
2808 -71
2809 -69
2810 121
2811 53
2812 -121
2813 1
2814 123
2815 -163
2816 109
2817 -109
2818 25
2819 9
2820 61
2821 -25
2822 -19
2823 25
2824 -131
2825 55
2826 109
2827 11
2828 15
2829 -115
2830 13
2831 43
2832 59
2833 -139
2834 -45
2835 123
2836 29
2837 -51
2838 15
2839 13
2840 59
2841 -131
2842 165
2843 -79
2844 -13
2845 -3
2846 7
2847 107
2848 -139
2849 17
2850 -53
2851 47
2852 63
2853 -17
2854 -73
2855 57
2856 -31
2857 77
2858 -69
2859 55
2860 -47
2861 -67
2862 59
2863 25
2864 5
2865 -51
2866 21
2867 -37
2868 -27
2869 -29
2870 39
2871 57
2872 27
2873 -45
2874 155
2875 -63
2876 -121
2877 57
2878 7
2879 -17
2880 -21
2881 67
2882 -47
2883 -47
2884 109
2885 57
2886 -199
2887 41
2888 55
2889 -59
2890 -7
2891 9
2892 99
2893 -81
2894 15
2895 27
2896 -11
2897 11
2898 -7
2899 -15
2900 31
2901 -89
2902 29
2903 71
2904 -65
2905 -113
2906 171
2907 -63
2908 -59
2909 79
2910 71
2911 -35
2912 -111
2913 161
2914 -17
2915 -35
2916 -31
2917 -43
2918 -39
2919 121
2920 -97
2921 141
2922 -87
2923 107
2924 -167
2925 115
2926 -33
2927 11
2928 -57
2929 139
2930 -71
2931 -23
2932 -89
2933 53
2934 -7
2935 -57
2936 161
2937 -115
2938 55
2939 -41
2940 59
2941 -47
2942 39
2943 -169
2944 103
2945 23
2946 -39
2947 -25
2948 121
2949 -43
2950 9
2951 33
2952 -75
2953 -39
2954 131
2955 -23
2956 15
2957 -67
2958 -45
2959 103
2960 -85
2961 -25
2962 73
2963 -19
2964 43
2965 41
2966 -81
2967 -9
2968 -43
2969 111
2970 13
2971 -91
2972 67
2973 -17
2974 19
2975 -101
2976 185
2977 -71
2978 -13
2979 -23
2980 47
2981 -97
2982 -9
2983 103
2984 -13
2985 -95
2986 -49
2987 115
2988 5
2989 -97
2990 63
2991 -7
2992 -1
2993 81
2994 -61
2995 -43
2996 91
2997 -57
2998 15
2999 -31
3000 -7
3001 -63
3002 159
3003 39
3004 31
3005 -145
3006 -9
3007 -39
3008 83
3009 5
3010 19
3011 -91
3012 111
3013 -85
3014 -67
3015 171
3016 -77
3017 -107
3018 133
3019 -47
3020 61
3021 -55
3022 19
3023 97
3024 -91
3025 -5
3026 47
3027 -113
3028 -85
3029 157
3030 43
3031 -91
3032 51
3033 -13
3034 -103
3035 43
3036 -43
3037 117
3038 77
3039 -143
3040 33
3041 -53
3042 131
3043 -23
3044 -109
3045 145
3046 -205
3047 59
3048 27
3049 79
3050 -35
3051 87
3052 -203
3053 115
3054 -127
3055 205
3056 -89
3057 63
3058 -13
3059 -75
3060 7
3061 85
3062 -95
3063 65
3064 -31
3065 -41
3066 59
3067 71
3068 -139
3069 31
3070 -3
3071 39
3072 -69
3073 19
3074 13
3075 15
3076 47
3077 -11
3078 -45
3079 -35
3080 69
3081 -33
3082 37
3083 53
3084 -59
3085 -13
3086 -185
3087 197
3088 -11
3089 -31
3090 51
3091 11
3092 -69
3093 29
3094 73
3095 -65
3096 41
3097 -21
3098 -41
3099 159
3100 -217
3101 29
3102 93
3103 5
3104 -105
3105 39
3106 53
3107 -119
3108 141
3109 27
3110 -75
3111 89
3112 -137
3113 97
3114 -65
3115 -9
3116 -7
3117 5
3118 35
3119 -41
3120 19
3121 21
3122 -3
3123 45
3124 -11
3125 -13
3126 -13
3127 -43
3128 19
3129 -11
3130 45
3131 1
3132 -11
3133 -7
3134 -3
3135 -57
3136 -7
3137 169
3138 -71
3139 103
3140 -133
3141 71
3142 -35
3143 -67
3144 -107
3145 127
3146 -21
3147 63
3148 3
3149 41
3150 -111
3151 13
3152 59
3153 -129
3154 161
3155 -151
3156 45
3157 75
3158 -49
3159 -21
3160 121
3161 -93
3162 -15
3163 -9
3164 73
3165 -25
3166 -99
3167 79
3168 -155
3169 111
3170 15
3171 65
3172 99
3173 -211
3174 197
3175 -151
3176 83
3177 -105
3178 37
3179 103
3180 -191
3181 69
3182 7
3183 -5
3184 99
3185 -153
3186 21
3187 1
3188 41
3189 31
3190 27
3191 21
3192 -127
3193 -25
3194 105
3195 25
3196 -49
3197 -25
3198 -9
3199 -11
3200 61
3201 93
3202 -119
3203 -21
3204 -33
3205 143
3206 -125
3207 51
3208 -59
3209 59
3210 -13
3211 21
3212 55
3213 -113
3214 -45
3215 201
3216 -75
3217 -37
3218 -55
3219 59
3220 73
3221 -153
3222 71
3223 175
3224 -127
3225 -89
3226 99
3227 -61
3228 -27
3229 -29
3230 23
3231 53
3232 81
3233 -115
3234 69
3235 55
3236 -249
3237 139
3238 93
3239 -81
3240 -121
3241 71
3242 57
3243 -11
3244 -3
3245 -25
3246 -53
3247 67
3248 21
3249 -55
3250 43
3251 145
3252 -203
3253 63
3254 11
3255 -9
3256 -3
3257 -89
3258 -61
3259 241
3260 -69
3261 77
3262 -115
3263 91
3264 -115
3265 101
3266 -51
3267 -63
3268 79
3269 -67
3270 -29
3271 21
3272 -13
3273 145
3274 -125
3275 65
3276 9
3277 79
3278 -117
3279 -19
3280 -25
3281 91
3282 -27
3283 -13
3284 -69
3285 89
3286 -43
3287 -11
3288 73
3289 -33
3290 -79
3291 93
3292 -55
3293 43
3294 -91
3295 45
3296 81
3297 -77
3298 27
3299 -79
3300 193
3301 -55
3302 -51
3303 17
3304 69
3305 11
3306 -37
3307 -33
3308 -75
3309 47
3310 -9
3311 -51
3312 95
3313 -87
3314 129
3315 -103
3316 155
3317 -57
3318 -61
3319 43
3320 -119
3321 147
3322 -79
3323 77
3324 -73
3325 -31
3326 79
3327 -7
3328 -25
3329 -3
3330 19
3331 21
3332 -61
3333 -75
3334 167
3335 -53
3336 -97
3337 49
3338 101
3339 -51
3340 -121
3341 85
3342 -27
3343 77
3344 -109
3345 7
3346 49
3347 21
3348 -19
3349 13
3350 19
3351 29
3352 -65
3353 -79
3354 115
3355 -19
3356 183
3357 -175
3358 81
3359 -81
3360 -23
3361 123
3362 -187
3363 83
3364 55
3365 -151
3366 55
3367 25
3368 -53
3369 63
3370 -9
3371 -71
3372 95
3373 13
3374 -63
3375 175
3376 -133
3377 17
3378 -11
3379 -107
3380 109
3381 -89
3382 -11
3383 115
3384 17
3385 -103
3386 -11
3387 41
3388 -53
3389 177
3390 -83
3391 -85
3392 73
3393 5
3394 -23
3395 89
3396 -113
3397 61
3398 -43
3399 -9
3400 83
3401 -43
3402 -101
3403 101
3404 -39
3405 -43
3406 -21
3407 53
3408 75
3409 -13
3410 -25
3411 13
3412 -17
3413 -123
3414 93
3415 -25
3416 93
3417 17
3418 -157
3419 99
3420 -19
3421 1
3422 9
3423 -3
3424 29
3425 3
3426 -65
3427 73
3428 23
3429 -9
3430 -85
3431 -1
3432 -15
3433 89
3434 -15
3435 -67
3436 -105
3437 73
3438 -63
3439 47
3440 111
3441 71
3442 -11
3443 -53
3444 -5
3445 -81
3446 199
3447 -197
3448 83
3449 3
3450 15
3451 -99
3452 3
3453 17
3454 -15
3455 1
3456 53
3457 67
3458 -21
3459 -185
3460 231
3461 -69
3462 35
3463 71
3464 -45
3465 -37
3466 -113
3467 -9
3468 -9
3469 45
3470 135
3471 -85
3472 -9
3473 -49
3474 -123
3475 253
3476 27
3477 -131
3478 -43
3479 -85
3480 109
3481 153
3482 -173
3483 -23
3484 157
3485 -117
3486 -35
3487 73
3488 71
3489 57
3490 -157
3491 57
3492 3
3493 37
3494 -33
3495 19
3496 -1
3497 -61
3498 71
3499 -69
3500 33
3501 99
3502 -77
3503 -37
3504 95
3505 -37
3506 -75
3507 23
3508 75
3509 -141
3510 113
3511 -41
3512 -7
3513 -1
3514 -27
3515 -85
3516 197
3517 -87
3518 111
3519 -121
3520 25
3521 -11
3522 -9
3523 21
3524 -51
3525 95
3526 -77
3527 -23
3528 -1
3529 5
3530 53
3531 -21
3532 -69
3533 -1
3534 7
3535 123
3536 -173
3537 69
3538 85
3539 -17
3540 -41
3541 47
3542 11
3543 31
3544 -31
3545 67
3546 -21
3547 -69
3548 111
3549 -31
3550 -53
3551 -5
3552 -71
3553 67
3554 -21
3555 7
3556 -13
3557 -21
3558 97
3559 -49
3560 -125
3561 175
3562 -47
3563 -121
3564 69
3565 3
3566 5
3567 -9
3568 -39
3569 23
3570 -37
3571 133
3572 3
3573 -47
3574 -107
3575 123
3576 17
3577 -89
3578 87
3579 -21
3580 -65
3581 93
3582 -51
3583 -33
3584 -29
3585 69
3586 25
3587 -125
3588 79
3589 -27
3590 29
3591 -43
3592 -65
3593 97
3594 39
3595 37
3596 -43
3597 -45
3598 -5
3599 -73
3600 25
3601 -33
3602 171
3603 -185
3604 141
3605 -35
3606 -37
3607 -47
3608 65
3609 33
3610 -13
3611 -53
3612 13
3613 -39
3614 207
3615 -61
3616 19
3617 -119
3618 23
3619 69
3620 -41
3621 47
3622 71
3623 -91
3624 -95
3625 203
3626 -153
3627 49
3628 71
3629 -191
3630 125
3631 -21
3632 -39
3633 65
3634 -5
3635 37
3636 -69
3637 51
3638 -85
3639 71
3640 -1
3641 -57
3642 33
3643 -49
3644 39
3645 -45
3646 -53
3647 -11
3648 113
3649 -13
3650 55
3651 19
3652 -15
3653 -71
3654 69
3655 -63
3656 19
3657 -107
3658 151
3659 -71
3660 -49
3661 101
3662 -29
3663 -21
3664 105
3665 35
3666 -43
3667 47
3668 -107
3669 -29
3670 103
3671 -123
3672 25
3673 -55
3674 107
3675 -95
3676 63
3677 -9
3678 -39
3679 -13
3680 69
3681 -97
3682 67
3683 85
3684 -57
3685 5
3686 35
3687 29
3688 -85
3689 -5
3690 3
3691 87
3692 -53
3693 -89
3694 101
3695 -9
3696 -51
3697 105
3698 -63
3699 -33
3700 -39
3701 119
3702 -13
3703 -99
3704 87
3705 -157
3706 159
3707 -183
3708 191
3709 -137
3710 55
3711 -49
3712 15
3713 -33
3714 71
3715 43
3716 -33
3717 -77
3718 25
3719 37
3720 57
3721 33
3722 -57
3723 -79
3724 -39
3725 65
3726 -61
3727 125
3728 -23
3729 -49
3730 -13
3731 71
3732 -79
3733 -17
3734 129
3735 5
3736 -19
3737 -83
3738 133
3739 -77
3740 -75
3741 -1
3742 69
3743 39
3744 -81
3745 81
3746 59
3747 -207
3748 121
3749 -57
3750 83
3751 5
3752 9
3753 -51
3754 35
3755 43
3756 -91
3757 59
3758 -81
3759 3
3760 13
3761 77
3762 27
3763 -89
3764 35
3765 -33
3766 -15
3767 63
3768 -63
3769 89
3770 1
3771 -177
3772 193
3773 13
3774 -109
3775 -47
3776 -3
3777 59
3778 -27
3779 161
3780 -131
3781 -31
3782 71
3783 65
3784 -109
3785 33
3786 75
3787 33
3788 -305
3789 285
3790 -113
3791 77
3792 -75
3793 -77
3794 51
3795 11
3796 11
3797 1
3798 57
3799 -133
3800 179
3801 -95
3802 -7
3803 -127
3804 151
3805 -59
3806 -31
3807 17
3808 19
3809 -29
3810 1
3811 53
3812 63
3813 -51
3814 -9
3815 111
3816 -173
3817 49
3818 7
3819 -9
3820 -7
3821 75
3822 -31
3823 17
3824 -99
3825 95
3826 63
3827 -103
3828 -13
3829 -11
3830 15
3831 -9
3832 51
3833 -13
3834 -191
3835 197
3836 -11
3837 -29
3838 -47
3839 103
3840 27
3841 27
3842 -123
3843 5
3844 9
3845 23
3846 -15
3847 -55
3848 -39
3849 105
3850 25
3851 -85
3852 177
3853 -99
3854 -137
3855 19
3856 61
3857 -49
3858 -97
3859 173
3860 -21
3861 23
3862 -33
3863 -49
3864 159
3865 -201
3866 43
3867 -29
3868 175
3869 -59
3870 81
3871 -33
3872 -127
3873 31
3874 -37
3875 7
3876 201
3877 -103
3878 -7
3879 -127
3880 97
3881 55
3882 -129
3883 117
3884 -123
3885 193
3886 -219
3887 55
3888 127
3889 -115
3890 99
3891 -103
3892 145
3893 -167
3894 111
3895 -55
3896 85
3897 15
3898 -117
3899 29
3900 33
3901 -55
3902 -53
3903 129
3904 -37
3905 -73
3906 137
3907 -83
3908 -49
3909 121
3910 -83
3911 65
3912 -61
3913 95
3914 -181
3915 129
3916 41
3917 -109
3918 57
3919 19
3920 -99
3921 -59
3922 151
3923 -47
3924 33
3925 25
3926 1
3927 -47
3928 17
3929 -9
3930 57
3931 -41
3932 -61
3933 117
3934 -13
3935 -111
3936 31
3937 -35
3938 109
3939 53
3940 -149
3941 13
3942 69
3943 83
3944 -227
3945 17
3946 99
3947 -121
3948 335
3949 -259
3950 169
3951 -181
3952 113
3953 -7
3954 -17
3955 -81
3956 -77
3957 105
3958 5
3959 -33
3960 83
3961 7
3962 41
3963 -157
3964 87
3965 -47
3966 55
3967 -41
3968 -49
3969 13
3970 85
3971 1
3972 -45
3973 -19
3974 -67
3975 47
3976 35
3977 55
3978 25
3979 -113
3980 21
3981 -1
3982 -7
3983 111
3984 -37
3985 -55
3986 9
3987 -21
3988 1
3989 -5
3990 11
3991 17
3992 -71
3993 23
3994 149
3995 -83
3996 5
3997 -19
3998 111
3999 -3
4000 -157
4001 81
4002 -67
4003 57
4004 -55
4005 -39
4006 139
4007 -19
4008 -93
4009 -13
4010 99
4011 27
4012 23
4013 51
4014 -51
4015 -83
4016 -13
4017 33
4018 -25
4019 -105
4020 121
4021 -25
4022 -57
4023 31
4024 83
4025 -69
4026 129
4027 -169
4028 99
4029 41
4030 -171
4031 157
4032 -3
4033 -115
4034 31
4035 -5
4036 113
4037 -129
4038 47
4039 -83
4040 107
4041 -101
4042 101
4043 -11
4044 13
4045 17
4046 -145
4047 229
4048 -125
4049 11
4050 -19
4051 -13
4052 53
4053 -19
4054 -49
4055 45
4056 -33
4057 -41
4058 61
4059 -31
4060 35
4061 21
4062 -75
4063 91
4064 -119
4065 29
4066 67
4067 -111
4068 195
4069 7
4070 -121
4071 3
4072 15
4073 -49
4074 115
4075 -75
4076 -93
4077 123
4078 -43
4079 -43
4080 69
4081 45
4082 -83
4083 45
4084 -115
4085 39
4086 23
4087 -49
4088 -57
4089 191
4090 -107
4091 103
4092 -55
4093 -61
4094 59
4095 7
4096 -75
4097 173
4098 -95
4099 101
4100 -23
4101 -37
4102 -125
4103 49
4104 -17
4105 29
4106 103
4107 -113
4108 1
4109 9
4110 11
4111 99
4112 -125
4113 91
4114 -155
4115 141
4116 53
4117 -23
4118 -135
4119 65
4120 107
4121 -85
4122 -147
4123 147
4124 -105
4125 101
4126 -41
4127 -19
4128 155
4129 -99
4130 163
4131 -197
4132 51
4133 -117
4134 133
4135 -81
4136 15
4137 61
4138 -99
4139 35
4140 97
4141 -103
4142 77
4143 -55
4144 -59
4145 47
4146 -125
4147 151
4148 -79
4149 169
4150 -217
4151 139
4152 7
4153 5
4154 -83
4155 107
4156 -31
4157 21
4158 39
4159 -65
4160 -83
4161 131
4162 -69
4163 13
4164 -45
4165 81
4166 -173
4167 93
4168 -41
4169 175
4170 -17
4171 -169
4172 85
4173 39
4174 -89
4175 75
4176 25
4177 -95
4178 89
4179 -167
4180 163
4181 -79
4182 67
4183 -9
4184 87
4185 -81
4186 23
4187 11
4188 -97
4189 103
4190 -143
4191 -45
4192 121
4193 -119
4194 99
4195 53
4196 37
4197 -33
4198 -53
4199 -101
4200 141
4201 -69
4202 45
4203 -57
4204 87
4205 -77
4206 -7
4207 -51
4208 19
4209 117
4210 -69
4211 -45
4212 -7
4213 15
4214 67
4215 9
4216 -67
4217 65
4218 9
4219 9
4220 91
4221 -85
4222 75
4223 -113
4224 -121
4225 209
4226 -81
4227 25
4228 -37
4229 31
4230 93
4231 -53
4232 -85
4233 33
4234 -39
4235 153
4236 -79
4237 -15
4238 -53
4239 -9
4240 19
4241 3
4242 -25
4243 -45
4244 135
4245 -29
4246 -11
4247 -31
4248 81
4249 -109
4250 67
4251 -201
4252 193
4253 -75
4254 -65
4255 105
4256 -75
4257 107
4258 -7
4259 -25
4260 65
4261 9
4262 -103
4263 119
4264 -57
4265 -83
4266 65
4267 29
4268 -19
4269 11
4270 -37
4271 51
4272 -61
4273 -9
4274 177
4275 -207
4276 55
4277 -147
4278 87
4279 173
4280 -127
4281 51
4282 -29
4283 -21
4284 -111
4285 211
4286 33
4287 -49
4288 -95
4289 17
4290 105
4291 -109
4292 57
4293 51
4294 -45
4295 -27
4296 77
4297 49
4298 -145
4299 155
4300 -195
4301 -109
4302 113
4303 85
4304 -69
4305 5
4306 -89
4307 257
4308 -187
4309 -59
4310 -41
4311 45
4312 69
4313 57
4314 -31
4315 57
4316 55
4317 -143
4318 99
4319 -81
4320 -27
4321 3
4322 203
4323 -161
4324 21
4325 -1
4326 -39
4327 -43
4328 51
4329 3
4330 -45
4331 141
4332 -5
4333 -89
4334 -47
4335 -41
4336 31
4337 105
4338 -61
4339 -77
4340 233
4341 -129
4342 5
4343 43
4344 -133
4345 81
4346 31
4347 -37
4348 17
4349 -29
4350 -67
4351 73
4352 39
4353 -55
4354 -7
4355 -101
4356 23
4357 81
4358 -45
4359 125
4360 -107
4361 51
4362 -23
4363 15
4364 -163
4365 115
4366 -15
4367 43
4368 -59
4369 227
4370 -239
4371 55
4372 129
4373 -157
4374 3
4375 25
4376 53
4377 37
4378 83
4379 -5
4380 -89
4381 -105
4382 9
4383 243
4384 -117
4385 -19
4386 -37
4387 87
4388 -111
4389 41
4390 -17
4391 -9
4392 93
4393 -35
4394 69
4395 -105
4396 -55
4397 -15
4398 -55
4399 15
4400 71
4401 141
4402 -97
4403 -79
4404 77
4405 3
4406 -69
4407 107
4408 -17
4409 67
4410 -13
4411 -175
4412 179
4413 -71
4414 41
4415 -93
4416 11
4417 9
4418 69
4419 -33
4420 -7
4421 89
4422 -55
4423 -189
4424 143
4425 -49
4426 -81
4427 33
4428 67
4429 25
4430 -21
4431 65
4432 -49
4433 -95
4434 33
4435 81
4436 79
4437 -117
4438 47
4439 -33
4440 -37
4441 33
4442 -151
4443 99
4444 49
4445 -71
4446 127
4447 -13
4448 1
4449 105
4450 -213
4451 159
4452 -111
4453 -23
4454 -25
4455 -7
4456 123
4457 -93
4458 85
4459 27
4460 -53
4461 -5
4462 -73
4463 181
4464 -83
4465 33
4466 -49
4467 -95
4468 73
4469 13
4470 55
4471 49
4472 -73
4473 -49
4474 -3
4475 99
4476 -17
4477 -129
4478 155
4479 -43
4480 -137
4481 165
4482 -11
4483 -29
4484 -85
4485 87
4486 -67
4487 117
4488 -93
4489 -37
4490 131
4491 -217
4492 201
4493 -151
4494 -35
4495 171
4496 -57
4497 -129
4498 177
4499 67
4500 -143
4501 -73
4502 253
4503 -123
4504 -121
4505 213
4506 -75
4507 -63
4508 109
4509 -135
4510 151
4511 -97
4512 17
4513 19
4514 -19
4515 -69
4516 1
4517 23
4518 -85
4519 205
4520 -211
4521 85
4522 49
4523 -35
4524 75
4525 -127
4526 141
4527 -61
4528 -71
4529 -7
4530 -55
4531 103
4532 -115
4533 167
4534 -111
4535 63
4536 105
4537 -77
4538 -43
4539 -95
4540 155
4541 1
4542 -111
4543 7
4544 147
4545 -87
4546 31
4547 -13
4548 -25
4549 41
4550 -43
4551 65
4552 -109
4553 83
4554 67
4555 -61
4556 -21
4557 -17
4558 -77
4559 183
4560 -85
4561 11
4562 -19
4563 55
4564 45
4565 -143
4566 -17
4567 69
4568 -9
4569 -1
4570 -89
4571 117
4572 23
4573 -49
4574 -45
4575 123
4576 -133
4577 55
4578 -163
4579 163
4580 -45
4581 -73
4582 187
4583 -15
4584 -95
4585 1
4586 -17
4587 47
4588 -85
4589 179
4590 -15
4591 -97
4592 53
4593 -45
4594 77
4595 -75
4596 31
4597 -51
4598 -15
4599 -13
4600 153
4601 5
4602 -137
4603 37
4604 -43
4605 89
4606 3
4607 -49
4608 -19
4609 105
4610 -93
4611 -95
4612 155
4613 -115
4614 73
4615 -29
4616 79
4617 29
4618 -115
4619 71
4620 -41
4621 105
4622 23
4623 -99
4624 7
4625 -85
4626 -111
4627 77
4628 185
4629 -99
4630 45
4631 -17
4632 -63
4633 -43
4634 -31
4635 127
4636 -111
4637 87
4638 -19
4639 111
4640 -27
4641 -47
4642 -13
4643 61
4644 -23
4645 21
4646 -37
4647 -61
4648 -51
4649 29
4650 -105
4651 117
4652 105
4653 -157
4654 139
4655 -13
4656 -15
4657 -11
4658 31
4659 19
4660 -45
4661 -125
4662 83
4663 -79
4664 81
4665 61
4666 -25
4667 -23
4668 143
4669 -93
4670 -39
4671 -65
4672 21
4673 217
4674 -151
4675 -157
4676 209
4677 -83
4678 47
4679 -71
4680 21
4681 -57
4682 31
4683 25
4684 3
4685 65
4686 -15
4687 -127
4688 201
4689 -31
4690 -65
4691 47
4692 -49
4693 -99
4694 185
4695 -61
4696 -67
4697 7
4698 25
4699 -37
4700 -21
4701 143
4702 11
4703 -175
4704 87
4705 -39
4706 31
4707 79
4708 -141
4709 43
4710 -25
4711 63
4712 -49
4713 23
4714 75
4715 -151
4716 45
4717 -35
4718 135
4719 -49
4720 -7
4721 11
4722 -51
4723 131
4724 -149
4725 11
4726 131
4727 -191
4728 135
4729 -161
4730 199
4731 -33
4732 -9
4733 -59
4734 95
4735 -47
4736 71
4737 23
4738 -113
4739 -67
4740 11
4741 107
4742 -79
4743 99
4744 -113
4745 75
4746 -17
4747 79
4748 -185
4749 83
4750 -111
4751 169
4752 -249
4753 325
4754 -233
4755 -31
4756 207
4757 -9
4758 -9
4759 -93
4760 23
4761 -9
4762 57
4763 -33
4764 67
4765 7
4766 -77
4767 11
4768 -37
4769 -45
4770 131
4771 -49
4772 55
4773 -125
4774 41
4775 -97
4776 157
4777 -53
4778 -83
4779 221
4780 -87
4781 -25
4782 -73
4783 33
4784 41
4785 -5
4786 -31
4787 25
4788 39
4789 33
4790 -169
4791 103
4792 45
4793 -29
4794 -9
4795 -157
4796 143
4797 147
4798 -75
4799 -143
4800 87
4801 65
4802 -5
4803 -297
4804 219
4805 3
4806 5
4807 -31
4808 155
4809 -207
4810 85
4811 47
4812 -123
4813 25
4814 -61
4815 89
4816 65
4817 -29
4818 53
4819 -125
4820 93
4821 37
4822 -43
4823 -61
4824 77
4825 -81
4826 99
4827 -37
4828 -55
4829 37
4830 -9
4831 15
4832 23
4833 35
4834 -91
4835 41
4836 61
4837 -141
4838 1
4839 41
4840 -51
4841 31
4842 115
4843 -85
4844 21
4845 131
4846 -107
4847 -3
4848 -59
4849 21
4850 -3
4851 -23
4852 7
4853 75
4854 41
4855 -139
4856 41
4857 27
4858 -131
4859 41
4860 67
4861 73
4862 -131
4863 63
4864 -73
4865 15
4866 5
4867 87
4868 -23
4869 -1
4870 -53
4871 -63
4872 -9
4873 139
4874 -35
4875 99
4876 -95
4877 -39
4878 131
4879 -43
4880 -35
4881 123
4882 -157
4883 71
4884 -47
4885 79
4886 -79
4887 -1
4888 55
4889 -71
4890 85
4891 -77
4892 -53
4893 -69
4894 191
4895 -111
4896 127
4897 89
4898 -141
4899 -83
4900 119
4901 -57
4902 -1
4903 145
4904 -103
4905 -45
4906 -47
4907 117
4908 -45
4909 -17
4910 -23
4911 21
4912 -11
4913 -75
4914 125
4915 -143
4916 63
4917 23
4918 -123
4919 171
4920 -77
4921 125
4922 -43
4923 -101
4924 1
4925 103
4926 -91
4927 175
4928 -169
4929 -33
4930 43
4931 75
4932 -193
4933 109
4934 241
4935 -193
4936 161
4937 -267
4938 107
4939 49
4940 -9
4941 -29
4942 -17
4943 -73
4944 43
4945 93
4946 -43
4947 73
4948 -147
4949 57
4950 45
4951 -99
4952 25
4953 -49
4954 213
4955 -217
4956 67
4957 -7
4958 11
4959 -37
4960 111
4961 -15
4962 -221
4963 193
4964 -51
4965 101
4966 -169
4967 99
4968 -5
4969 -81
4970 -9
4971 107
4972 39
4973 25
4974 -59
4975 21
4976 -7
4977 -13
4978 93
4979 -175
4980 195
4981 -209
4982 175
4983 -123
4984 49
4985 -117
4986 139
4987 -1
4988 -199
4989 41
4990 43
4991 103
4992 -57
4993 -9
4994 163
4995 -151
4996 -17
4997 47
4998 -27
4999 -95
5000 1
5001 99
5002 -81
5003 119
5004 43
5005 -59
5006 83
5007 -65
5008 -43
5009 35
5010 -25
5011 3
5012 13
5013 73
5014 -101
5015 71
5016 -61
5017 -59
5018 43
5019 -5
5020 39
5021 45
5022 -147
5023 -13
5024 121
5025 -43
5026 83
5027 31
5028 -63
5029 -11
5030 49
5031 -139
5032 99
5033 -7
5034 39
5035 -93
5036 29
5037 -71
5038 -27
5039 27
5040 -103
5041 123
5042 31
5043 35
5044 23
5045 -107
5046 105
5047 -129
5048 171
5049 -127
5050 25
5051 -13
5052 45
5053 23
5054 -99
5055 83
5056 41
5057 -187
5058 107
5059 -63
5060 171
5061 -21
5062 -157
5063 25
5064 -25
5065 107
5066 1
5067 -33
5068 99
5069 -65
5070 13
5071 -87
5072 127
5073 -95
5074 -81
5075 91
5076 61
5077 -247
5078 179
5079 7
5080 -85
5081 155
5082 -163
5083 103
5084 149
5085 -161
5086 71
5087 -31
5088 -9
5089 -7
5090 -41
5091 59
5092 -137
5093 249
5094 -31
5095 -33
5096 -35
5097 -95
5098 -39
5099 201
5100 -67
5101 3
5102 19
5103 -39
5104 35
5105 -67
5106 47
5107 55
5108 -109
5109 7
5110 115
5111 -127
5112 11
5113 95
5114 -63
5115 89
5116 -113
5117 17
5118 -1
5119 -103
5120 63
5121 1
5122 69
5123 -147
5124 91
5125 23
5126 -13
5127 -113
5128 255
5129 -47
5130 -87
5131 9
5132 -37
5133 101
5134 -203
5135 283
5136 -47
5137 -87
5138 -7
5139 49
5140 -81
5141 -35
5142 -11
5143 113
5144 -45
5145 -1
5146 -57
5147 67
5148 65
5149 -183
5150 69
5151 147
5152 -69
5153 -51
5154 5
5155 1
5156 15
5157 -199
5158 193
5159 -27
5160 69
5161 -127
5162 -33
5163 99
5164 53
5165 -135
5166 31
5167 -43
5168 71
5169 55
5170 69
5171 -159
5172 87
5173 -113
5174 55
5175 31
5176 -67
5177 71
5178 111
5179 -91
5180 53
5181 -87
5182 5
5183 25
5184 -23
5185 27
5186 17
5187 -27
5188 -61
5189 25
5190 -87
5191 175
5192 -91
5193 47
5194 -45
5195 -35
5196 61
5197 71
5198 21
5199 -157
5200 -25
5201 73
5202 73
5203 -39
5204 -31
5205 31
5206 -27
5207 53
5208 -117
5209 47
5210 59
5211 5
5212 -77
5213 155
5214 -137
5215 -99
5216 369
5217 -295
5218 7
5219 29
5220 37
5221 25
5222 59
5223 -107
5224 61
5225 3
5226 -141
5227 175
5228 -113
5229 13
5230 -61
5231 -69
5232 59
5233 177
5234 -179
5235 129
5236 -71
5237 59
5238 -55
5239 75
5240 19
5241 -37
5242 -161
5243 123
5244 -21
5245 55
5246 -107
5247 -75
5248 57
5249 131
5250 5
5251 25
5252 -163
5253 145
5254 -89
5255 -75
5256 45
5257 -29
5258 115
5259 59
5260 -69
5261 -119
5262 47
5263 23
5264 -83
5265 127
5266 7
5267 -45
5268 97
5269 -185
5270 149
5271 -59
5272 13
5273 87
5274 -23
5275 17
5276 -59
5277 59
5278 91
5279 -181
5280 -17
5281 41
5282 109
5283 -61
5284 -49
5285 -145
5286 95
5287 -63
5288 51
5289 -53
5290 15
5291 219
5292 -119
5293 -81
5294 181
5295 -109
5296 7
5297 45
5298 -23
5299 33
5300 -33
5301 -145
5302 199
5303 -55
5304 -159
5305 173
5306 27
5307 -11
5308 -37
5309 31
5310 39
5311 -107
5312 39
5313 -139
5314 101
5315 57
5316 -53
5317 85
5318 -69
5319 -47
5320 23
5321 81
5322 -133
5323 105
5324 145
5325 -107
5326 -63
5327 11
5328 -83
5329 13
5330 9
5331 137
5332 -33
5333 -113
5334 -119
5335 105
5336 9
5337 63
5338 105
5339 -219
5340 93
5341 115
5342 51
5343 -137
5344 17
5345 -7
5346 -37
5347 223
5348 -171
5349 -15
5350 -57
5351 121
5352 -37
5353 -31
5354 -15
5355 -35
5356 215
5357 -167
5358 63
5359 -81
5360 -25
5361 -11
5362 153
5363 -271
5364 67
5365 195
5366 -139
5367 -67
5368 235
5369 -101
5370 63
5371 -51
5372 -51
5373 -15
5374 -91
5375 65
5376 233
5377 -129
5378 -181
5379 93
5380 -89
5381 359
5382 -377
5383 127
5384 55
5385 41
5386 -101
5387 -109
5388 25
5389 149
5390 -11
5391 -91
5392 83
5393 -7
5394 -43
5395 131
5396 -199
5397 141
5398 -137
5399 119
5400 47
5401 -53
5402 -81
5403 121
5404 -119
5405 55
5406 -121
5407 143
5408 39
5409 -69
5410 -13
5411 65
5412 41
5413 -129
5414 133
5415 -147
5416 155
5417 -197
5418 99
5419 -37
5420 -39
5421 123
5422 -1
5423 -65
5424 25
5425 -57
5426 133
5427 -209
5428 151
5429 75
5430 -175
5431 25
5432 -147
5433 191
5434 63
5435 -103
5436 129
5437 -197
5438 177
5439 -121
5440 89
5441 -123
5442 81
5443 -59
5444 115
5445 -41
5446 -3
5447 87
5448 -99
5449 -57
5450 217
5451 -173
5452 -73
5453 109
5454 -31
5455 83
5456 -105
5457 83
5458 125
5459 -181
5460 -49
5461 13
5462 -99
5463 313
5464 -249
5465 -7
5466 153
5467 -165
5468 183
5469 -59
5470 -13
5471 7
5472 87
5473 -127
5474 -45
5475 35
5476 23
5477 39
5478 25
5479 -43
5480 -33
5481 -93
5482 87
5483 171
5484 -181
5485 73
5486 31
5487 -69
5488 -19
5489 -33
5490 -73
5491 221
5492 -127
5493 61
5494 47
5495 -273
5496 157
5497 63
5498 -179
5499 69
5500 169
5501 27
5502 -187
5503 45
5504 81
5505 -139
5506 141
5507 -105
5508 77
5509 -77
5510 -59
5511 237
5512 -63
5513 61
5514 -7
5515 -127
5516 7
5517 93
5518 -15
5519 -83
5520 27
5521 29
5522 -59
5523 83
5524 -39
5525 19
5526 121
5527 -203
5528 115
5529 -67
5530 -65
5531 -9
5532 83
5533 -77
5534 203
5535 -43
5536 -17
5537 -49
5538 -9
5539 -53
5540 49
5541 -35
5542 47
5543 -69
5544 95
5545 -47
5546 157
5547 -237
5548 11
5549 89
5550 -69
5551 -47
5552 189
5553 -77
5554 31
5555 -77
5556 33
5557 87
5558 -185
5559 155
5560 -143
5561 27
5562 -11
5563 23
5564 -49
5565 183
5566 -29
5567 -21
5568 -151
5569 241
5570 -143
5571 13
5572 5
5573 57
5574 -169
5575 47
5576 31
5577 39
5578 49
5579 -111
5580 229
5581 -161
5582 15
5583 -47
5584 99
5585 -53
5586 31
5587 -71
5588 85
5589 -127
5590 65
5591 -13
5592 135
5593 -165
5594 -25
5595 17
5596 113
5597 43
5598 -121
5599 -109
5600 123
5601 -81
5602 9
5603 -45
5604 61
5605 99
5606 25
5607 -81
5608 -39
5609 37
5610 61
5611 -103
5612 89
5613 37
5614 -35
5615 69
5616 -111
5617 -161
5618 67
5619 67
5620 129
5621 -101
5622 -31
5623 35
5624 -21
5625 -97
5626 -39
5627 103
5628 59
5629 3
5630 -177
5631 121
5632 35
5633 9
5634 -69
5635 51
5636 119
5637 -131
5638 19
5639 -55
5640 119
5641 -161
5642 131
5643 1
5644 -29
5645 15
5646 -41
5647 57
5648 -7
5649 75
5650 -99
5651 83
5652 -115
5653 123
5654 -73
5655 -273
5656 331
5657 -165
5658 311
5659 -277
5660 -37
5661 127
5662 -163
5663 187
5664 -133
5665 83
5666 -59
5667 -45
5668 -25
5669 143
5670 -137
5671 121
5672 -49
5673 -55
5674 25
5675 153
5676 -103
5677 -181
5678 209
5679 -29
5680 123
5681 47
5682 -55
5683 -171
5684 217
5685 -101
5686 -53
5687 171
5688 -223
5689 87
5690 -79
5691 21
5692 17
5693 -65
5694 -21
5695 -1
5696 -113
5697 157
5698 45
5699 65
5700 -101
5701 51
5702 17
5703 63
5704 9
5705 -137
5706 135
5707 -7
5708 -73
5709 -95
5710 293
5711 -251
5712 41
5713 -61
5714 -41
5715 123
5716 41
5717 -167
5718 155
5719 -113
5720 -43
5721 117
5722 -33
5723 11
5724 9
5725 -21
5726 31
5727 65
5728 -149
5729 91
5730 -21
5731 15
5732 -5
5733 -51
5734 103
5735 -137
5736 17
5737 107
5738 -105
5739 -21
5740 135
5741 -135
5742 153
5743 -185
5744 123
5745 -23
5746 -73
5747 223
5748 -107
5749 -1
5750 9
5751 -131
5752 139
5753 15
5754 213
5755 -267
5756 -101
5757 61
5758 73
5759 -81
5760 -5
5761 127
5762 -75
5763 17
5764 -23
5765 49
5766 23
5767 -75
5768 -107
5769 105
5770 -105
5771 133
5772 -87
5773 103
5774 161
5775 -213
5776 -45
5777 33
5778 -43
5779 -43
5780 107
5781 -21
5782 -119
5783 85
5784 201
5785 -209
5786 97
5787 -91
5788 179
5789 -73
5790 -67
5791 -69
5792 107
5793 7
5794 11
5795 -103
5796 107
5797 -117
5798 169
5799 95
5800 -79
5801 -129
5802 131
5803 -109
5804 -53
5805 71
5806 97
5807 -83
5808 -143
5809 183
5810 -151
5811 -13
5812 129
5813 -1
5814 -113
5815 35
5816 9
5817 -3
5818 77
5819 -37
5820 -67
5821 139
5822 -135
5823 43
5824 97
5825 -23
5826 -57
5827 33
5828 -23
5829 -39
5830 43
5831 -15
5832 -83
5833 53
5834 -51
5835 149
5836 -63
5837 35
5838 -35
5839 43
5840 -95
5841 -7
5842 149
5843 -93
5844 -41
5845 1
5846 91
5847 -45
5848 -35
5849 37
5850 -9
5851 7
5852 -19
5853 137
5854 -75
5855 -13
5856 -125
5857 189
5858 -41
5859 -61
5860 33
5861 -33
5862 -3
5863 -89
5864 247
5865 -155
5866 -155
5867 223
5868 -171
5869 129
5870 -99
5871 287
5872 -153
5873 -227
5874 195
5875 105
5876 -197
5877 15
5878 -37
5879 113
5880 -15
5881 -27
5882 141
5883 -9
5884 11
5885 -243
5886 311
5887 -267
5888 19
5889 97
5890 -67
5891 157
5892 -183
5893 11
5894 9
5895 149
5896 -205
5897 29
5898 65
5899 -29
5900 -51
5901 -83
5902 291
5903 -45
5904 -155
5905 -73
5906 115
5907 39
5908 11
5909 -29
5910 17
5911 47
5912 -63
5913 25
5914 -17
5915 119
5916 -203
5917 125
5918 -43
5919 103
5920 -49
5921 17
5922 -71
5923 -13
5924 -39
5925 111
5926 25
5927 -65
5928 -5
5929 -89
5930 287
5931 -265
5932 125
5933 -89
5934 7
5935 -3
5936 -1
5937 -143
5938 219
5939 -59
5940 3
5941 -35
5942 29
5943 31
5944 -69
5945 39
5946 -33
5947 125
5948 -89
5949 49
5950 9
5951 21
5952 -225
5953 267
5954 -153
5955 51
5956 -41
5957 -133
5958 157
5959 -25
5960 -39
5961 219
5962 -233
5963 151
5964 -75
5965 89
5966 -243
5967 219
5968 -85
5969 119
5970 -155
5971 9
5972 -95
5973 101
5974 55
5975 -53
5976 25
5977 9
5978 39
5979 -97
5980 129
5981 -101
5982 29
5983 -9
5984 -55
5985 91
5986 -59
5987 89
5988 5
5989 -59
5990 -95
5991 175
5992 -139
5993 85
5994 147
5995 -153
5996 35
5997 -125
5998 87
5999 11
6000 -13
6001 11
6002 -137
6003 117
6004 73
6005 -173
6006 263
6007 -241
6008 111
6009 -7
6010 3
6011 -225
6012 175
6013 3
6014 59
6015 -47
6016 29
6017 19
6018 -91
6019 -17
6020 67
6021 -245
6022 289
6023 -1
6024 -99
6025 101
6026 -115
6027 -19
6028 41
6029 33
6030 23
6031 -123
6032 113
6033 35
6034 -41
6035 119
6036 -255
6037 -37
6038 273
6039 -17
6040 -65
6041 35
6042 63
6043 -131
6044 29
6045 -35
6046 -11
6047 37
6048 -109
6049 91
6050 -35
6051 35
6052 17
6053 -121
6054 1
6055 63
6056 19
6057 33
6058 -71
6059 45
6060 139
6061 -165
6062 145
6063 -141
6064 29
6065 97
6066 15
6067 -85
6068 33
6069 117
6070 -187
6071 49
6072 47
6073 -67
6074 91
6075 -131
6076 -63
6077 135
6078 49
6079 -215
6080 275
6081 -211
6082 169
6083 -343
6084 217
6085 -9
6086 45
6087 -49
6088 -25
6089 155
6090 -63
6091 3
6092 -11
6093 113
6094 -115
6095 21
6096 55
6097 25
6098 -59
6099 -99
6100 -139
6101 55
6102 133
6103 -57
6104 -113
6105 93
6106 81
6107 -37
6108 -15
6109 33
6110 -79
6111 61
6112 57
6113 -65
6114 15
6115 -41
6116 1
6117 -83
6118 -39
6119 245
6120 -25
6121 -99
6122 29
6123 -51
6124 45
6125 -13
6126 83
6127 -25
6128 -7
6129 143
6130 -211
6131 -25
6132 81
6133 -65
6134 -69
6135 143
6136 65
6137 -177
6138 85
6139 99
6140 -147
6141 27
6142 -79
6143 203
6144 -115
6145 157
6146 -165
6147 63
6148 -131
6149 171
6150 9
6151 -157
6152 87
6153 -31
6154 79
6155 15
6156 9
6157 -65
6158 -41
6159 123
6160 11
6161 -137
6162 -15
6163 155
6164 -153
6165 59
6166 45
6167 -31
6168 11
6169 77
6170 -41
6171 1
6172 157
6173 -303
6174 71
6175 -101
6176 167
6177 -49
6178 -23
6179 -65
6180 79
6181 -89
6182 53
6183 87
6184 -29
6185 -11
6186 -29
6187 -9
6188 -59
6189 173
6190 31
6191 -103
6192 35
6193 105
6194 -251
6195 177
6196 -67
6197 117
6198 -65
6199 -117
6200 51
6201 -27
6202 201
6203 -73
6204 -73
6205 -159
6206 97
6207 -177
6208 245
6209 -69
6210 67
6211 -73
6212 -83
6213 131
6214 5
6215 5
6216 39
6217 85
6218 -97
6219 -69
6220 1
6221 -69
6222 -5
6223 179
6224 -31
6225 -45
6226 41
6227 -161
6228 51
6229 235
6230 -185
6231 -15
6232 45
6233 -27
6234 147
6235 -175
6236 49
6237 47
6238 47
6239 -79
6240 -79
6241 -71
6242 231
6243 -125
6244 135
6245 -43
6246 -127
6247 93
6248 -159
6249 143
6250 39
6251 -35
6252 -127
6253 5
6254 -7
6255 -1
6256 177
6257 -89
6258 9
6259 -29
6260 -49
6261 49
6262 -91
6263 101
6264 101
6265 -151
6266 157
6267 -55
6268 -1
6269 47
6270 -135
6271 119
6272 -127
6273 213
6274 -235
6275 143
6276 -49
6277 -45
6278 137
6279 -247
6280 1
6281 161
6282 -9
6283 57
6284 -75
6285 57
6286 -89
6287 79
6288 11
6289 -27
6290 -103
6291 -45
6292 341
6293 -277
6294 39
6295 23
6296 79
6297 -49
6298 89
6299 -317
6300 221
6301 -105
6302 99
6303 -49
6304 47
6305 -53
6306 -23
6307 79
6308 175
6309 -307
6310 221
6311 -35
6312 -141
6313 55
6314 -21
6315 113
6316 -63
6317 71
6318 -57
6319 -17
6320 -9
6321 -53
6322 93
6323 -69
6324 97
6325 -157
6326 217
6327 -93
6328 23
6329 -11
6330 -71
6331 137
6332 -81
6333 41
6334 -35
6335 17
6336 -15
6337 -137
6338 83
6339 49
6340 -87
6341 143
6342 -87
6343 59
6344 -167
6345 -33
6346 105
6347 33
6348 21
6349 -35
6350 -59
6351 -121
6352 201
6353 45
6354 -29
6355 -119
6356 249
6357 -29
6358 -259
6359 201
6360 -1
6361 -143
6362 43
6363 165
6364 -35
6365 -139
6366 -41
6367 95
6368 31
6369 169
6370 -225
6371 -1
6372 101
6373 -193
6374 65
6375 155
6376 -139
6377 1
6378 147
6379 -197
6380 55
6381 -57
6382 151
6383 -39
6384 27
6385 17
6386 -149
6387 45
6388 1
6389 -137
6390 117
6391 75
6392 63
6393 -145
6394 11
6395 -143
6396 281
6397 -141
6398 179
6399 -113
6400 -65
6401 109
6402 -31
6403 -53
6404 -123
6405 195
6406 21
6407 -161
6408 45
6409 85
6410 -33
6411 -141
6412 193
6413 -147
6414 29
6415 95
6416 -3
6417 -169
6418 185
6419 -29
6420 21
6421 1
6422 -15
6423 3
6424 -59
6425 65
6426 117
6427 -195
6428 141
6429 -187
6430 121
6431 -165
6432 95
6433 77
6434 9
6435 -159
6436 175
6437 -207
6438 201
6439 -51
6440 79
6441 -75
6442 57
6443 -85
6444 111
6445 -89
6446 39
6447 49
6448 -253
6449 325
6450 -155
6451 -63
6452 -39
6453 53
6454 31
6455 93
6456 -67
6457 -131
6458 51
6459 -5
6460 99
6461 -17
6462 -205
6463 141
6464 61
6465 -75
6466 85
6467 -53
6468 67
6469 -53
6470 -109
6471 -61
6472 97
6473 97
6474 -59
6475 233
6476 -161
6477 -43
6478 -13
6479 29
6480 45
6481 5
6482 -75
6483 -7
6484 15
6485 -35
6486 31
6487 103
6488 -153
6489 69
6490 27
6491 -47
6492 -7
6493 11
6494 -9
6495 147
6496 -265
6497 341
6498 -159
6499 13
6500 17
6501 -173
6502 107
6503 -85
6504 141
6505 -93
6506 183
6507 -149
6508 -5
6509 -39
6510 87
6511 -19
6512 29
6513 -143
6514 133
6515 29
6516 -91
6517 119
6518 -87
6519 -85
6520 -9
6521 61
6522 63
6523 15
6524 -159
6525 -29
6526 177
6527 -29
6528 151
6529 -233
6530 113
6531 -11
6532 -23
6533 -89
6534 181
6535 -53
6536 -103
6537 -35
6538 -53
6539 249
6540 -107
6541 -33
6542 199
6543 -161
6544 69
6545 -67
6546 81
6547 -67
6548 -65
6549 -129
6550 115
6551 21
6552 31
6553 147
6554 -47
6555 -81
6556 -3
6557 71
6558 61
6559 -191
6560 39
6561 -5
6562 111
6563 -173
6564 91
6565 39
6566 -145
6567 181
6568 -93
6569 -81
6570 29
6571 255
6572 -245
6573 155
6574 1
6575 19
6576 61
6577 -291
6578 87
6579 -11
6580 -3
6581 -93
6582 127
6583 -35
6584 69
6585 -51
6586 51
6587 -19
6588 -3
6589 -165
6590 139
6591 -103
6592 287
6593 -275
6594 183
6595 -143
6596 167
6597 -73
6598 -57
6599 1
6600 215
6601 -193
6602 -121
6603 59
6604 -27
6605 -55
6606 139
6607 -65
6608 149
6609 -87
6610 -35
6611 -43
6612 133
6613 -271
6614 271
6615 -25
6616 115
6617 27
6618 -247
6619 135
6620 -239
6621 237
6622 -139
6623 141
6624 -97
6625 127
6626 -121
6627 49
6628 21
6629 -83
6630 -113
6631 129
6632 -5
6633 11
6634 27
6635 15
6636 -139
6637 -1
6638 67
6639 117
6640 75
6641 -179
6642 23
6643 -17
6644 93
6645 29
6646 -17
6647 -93
6648 179
6649 -271
6650 153
6651 -147
6652 253
6653 -185
6654 179
6655 -95
6656 -81
6657 129
6658 -53
6659 -45
6660 21
6661 7
6662 31
6663 99
6664 33
6665 -125
6666 55
6667 -199
6668 117
6669 -161
6670 151
6671 49
6672 -73
6673 105
6674 -33
6675 55
6676 -157
6677 -15
6678 87
6679 -159
6680 119
6681 -33
6682 87
6683 109
6684 29
6685 -83
6686 -157
6687 13
6688 -135
6689 163
6690 77
6691 -23
6692 -5
6693 -67
6694 -75
6695 -35
6696 -1
6697 269
6698 -209
6699 65
6700 167
6701 -183
6702 39
6703 -19
6704 41
6705 -57
6706 -69
6707 117
6708 -97
6709 3
6710 95
6711 13
6712 133
6713 -75
6714 -139
6715 139
6716 -243
6717 83
6718 215
6719 -63
6720 -105
6721 -75
6722 141
6723 -169
6724 35
6725 199
6726 -171
6727 103
6728 -69
6729 -7
6730 -39
6731 253
6732 -257
6733 183
6734 -123
6735 61
6736 -27
6737 -35
6738 -45
6739 189
6740 -187
6741 -61
6742 71
6743 133
6744 -201
6745 141
6746 81
6747 -25
6748 -43
6749 -35
6750 89
6751 -101
6752 -83
6753 -101
6754 79
6755 117
6756 99
6757 -137
6758 -27
6759 191
6760 -265
6761 23
6762 203
6763 27
6764 -247
6765 -51
6766 295
6767 -27
6768 -127
6769 55
6770 75
6771 3
6772 -45
6773 183
6774 -145
6775 -77
6776 -31
6777 81
6778 -11
6779 -135
6780 99
6781 113
6782 -25
6783 -99
6784 -11
6785 17
6786 115
6787 -227
6788 67
6789 41
6790 -19
6791 27
6792 -97
6793 111
6794 11
6795 -61
6796 -59
6797 25
6798 171
6799 -139
6800 173
6801 -65
6802 -45
6803 57
6804 -233
6805 217
6806 17
6807 -201
6808 131
6809 73
6810 -135
6811 -47
6812 67
6813 59
6814 -31
6815 -23
6816 -47
6817 -65
6818 117
6819 -185
6820 197
6821 -113
6822 229
6823 -87
6824 -97
6825 101
6826 -49
6827 -79
6828 187
6829 -109
6830 79
6831 -13
6832 -89
6833 -71
6834 -65
6835 323
6836 -151
6837 -89
6838 -3
6839 37
6840 173
6841 27
6842 -147
6843 27
6844 -81
6845 -55
6846 185
6847 -125
6848 29
6849 -93
6850 -3
6851 103
6852 97
6853 -105
6854 -13
6855 -75
6856 -39
6857 61
6858 7
6859 247
6860 -215
6861 103
6862 -1
6863 -25
6864 -89
6865 53
6866 15
6867 83
6868 79
6869 -229
6870 45
6871 -7
6872 19
6873 -47
6874 55
6875 -51
6876 71
6877 -31
6878 -143
6879 187
6880 37
6881 -95
6882 93
6883 -109
6884 -27
6885 123
6886 -169
6887 185
6888 -57
6889 -153
6890 17
6891 53
6892 -33
6893 -57
6894 349
6895 -235
6896 -37
6897 243
6898 -141
6899 -83
6900 119
6901 -87
6902 -101
6903 137
6904 -5
6905 -19
6906 53
6907 1
6908 -25
6909 19
6910 67
6911 -125
6912 29
6913 -5
6914 147
6915 -209
6916 17
6917 159
6918 -3
6919 -15
6920 -155
6921 -71
6922 237
6923 -155
6924 -63
6925 145
6926 -59
6927 321
6928 -261
6929 -127
6930 195
6931 -27
6932 -133
6933 105
6934 -49
6935 19
6936 -9
6937 -129
6938 287
6939 -223
6940 49
6941 161
6942 -221
6943 175
6944 -89
6945 97
6946 -87
6947 -159
6948 267
6949 -47
6950 -47
6951 75
6952 -149
6953 9
6954 -63
6955 173
6956 -237
6957 57
6958 159
6959 81
6960 -177
6961 71
6962 31
6963 -17
6964 -97
6965 149
6966 101
6967 -217
6968 109
6969 -103
6970 49
6971 51
6972 -83
6973 -131
6974 131
6975 -69
6976 143
6977 -113
6978 -23
6979 67
6980 -41
6981 -79
6982 -21
6983 57
6984 -87
6985 207
6986 93
6987 -207
6988 -27
6989 77
6990 103
6991 1
6992 -149
6993 -39
6994 133
6995 -27
6996 -57
6997 163
6998 -169
6999 125
7000 -161
7001 -17
7002 89
7003 65
7004 -185
7005 55
7006 -5
7007 165
7008 35
7009 -157
7010 -23
7011 33
7012 61
7013 -123
7014 33
7015 221
7016 -91
7017 -135
7018 -61
7019 153
7020 -21
7021 39
7022 21
7023 -55
7024 13
7025 -23
7026 17
7027 -41
7028 179
7029 -87
7030 -47
7031 -59
7032 137
7033 -107
7034 -117
7035 39
7036 249
7037 -95
7038 -45
7039 -17
7040 25
7041 -163
7042 -29
7043 237
7044 -147
7045 103
7046 47
7047 -45
7048 -47
7049 113
7050 -91
7051 -115
7052 39
7053 79
7054 23
7055 53
7056 -67
7057 -175
7058 243
7059 -35
7060 1
7061 -59
7062 57
7063 -63
7064 77
7065 -19
7066 -101
7067 121
7068 -159
7069 -21
7070 37
7071 147
7072 -77
7073 -15
7074 -35
7075 -3
7076 -11
7077 211
7078 -153
7079 115
7080 -181
7081 185
7082 -245
7083 83
7084 145
7085 -39
7086 -39
7087 -97
7088 173
7089 -177
7090 -9
7091 71
7092 43
7093 -85
7094 91
7095 41
7096 39
7097 -41
7098 -291
7099 157
7100 269
7101 -287
7102 43
7103 81
7104 95
7105 -73
7106 -71
7107 159
7108 -75
7109 -175
7110 31
7111 7
7112 25
7113 161
7114 -247
7115 181
7116 -39
7117 11
7118 -17
7119 -27
7120 -3
7121 173
7122 -165
7123 1
7124 23
7125 -49
7126 -55
7127 39
7128 11
7129 -19
7130 -87
7131 283
7132 -265
7133 171
7134 -109
7135 -31
7136 197
7137 -155
7138 137
7139 -229
7140 77
7141 -35
7142 67
7143 7
7144 -61
7145 39
7146 -143
7147 151
7148 131
7149 -73
7150 23
7151 45
7152 -57
7153 143
7154 -201
7155 -13
7156 -49
7157 165
7158 117
7159 -79
7160 -53
7161 77
7162 -129
7163 71
7164 -65
7165 97
7166 -161
7167 45
7168 -23
7169 21
7170 35
7171 -97
7172 129
7173 -111
7174 177
7175 -61
7176 -91
7177 -13
7178 167
7179 -21
7180 -249
7181 121
7182 123
7183 -151
7184 131
7185 -85
7186 157
7187 -63
7188 -205
7189 5
7190 77
7191 23
7192 -59
7193 19
7194 35
7195 53
7196 -3
7197 -105
7198 167
7199 25
7200 -43
7201 -101
7202 65
7203 9
7204 -87
7205 15
7206 -69
7207 279
7208 -171
7209 21
7210 7
7211 13
7212 -129
7213 193
7214 -167
7215 -11
7216 77
7217 -55
7218 17
7219 49
7220 -61
7221 149
7222 115
7223 -171
7224 -23
7225 -49
7226 49
7227 -31
7228 29
7229 99
7230 -185
7231 81
7232 -21
7233 -3
7234 -135
7235 251
7236 -71
7237 -149
7238 271
7239 -145
7240 -81
7241 -1
7242 115
7243 -49
7244 77
7245 -165
7246 143
7247 53
7248 -115
7249 -109
7250 229
7251 -115
7252 23
7253 7
7254 -91
7255 201
7256 -217
7257 185
7258 -133
7259 33
7260 -69
7261 37
7262 -89
7263 55
7264 -173
7265 149
7266 81
7267 -51
7268 117
7269 -193
7270 63
7271 51
7272 63
7273 -211
7274 171
7275 -131
7276 201
7277 -105
7278 -17
7279 167
7280 -167
7281 -5
7282 193
7283 -257
7284 41
7285 111
7286 -25
7287 33
7288 -123
7289 131
7290 -49
7291 -97
7292 139
7293 -43
7294 -53
7295 51
7296 49
7297 35
7298 -19
7299 -107
7300 7
7301 67
7302 33
7303 -79
7304 11
7305 -109
7306 101
7307 1
7308 -145
7309 149
7310 13
7311 -27
7312 -171
7313 67
7314 183
7315 17
7316 -205
7317 129
7318 -35
7319 81
7320 -91
7321 -169
7322 329
7323 -75
7324 -153
7325 123
7326 -59
7327 17
7328 -29
7329 25
7330 83
7331 -63
7332 145
7333 -177
7334 193
7335 -31
7336 21
7337 -145
7338 59
7339 -95
7340 25
7341 -159
7342 229
7343 -161
7344 -121
7345 193
7346 73
7347 -99
7348 43
7349 81
7350 57
7351 -117
7352 -45
7353 77
7354 27
7355 73
7356 -127
7357 -89
7358 27
7359 129
7360 97
7361 -119
7362 -205
7363 57
7364 -45
7365 269
7366 -83
7367 169
7368 -183
7369 39
7370 -163
7371 53
7372 131
7373 -205
7374 -39
7375 79
7376 87
7377 -39
7378 61
7379 53
7380 -151
7381 251
7382 -111
7383 -29
7384 -213
7385 37
7386 105
7387 -135
7388 53
7389 123
7390 -83
7391 125
7392 -131
7393 -67
7394 163
7395 -23
7396 -1
7397 33
7398 27
7399 -187
7400 87
7401 -59
7402 107
7403 19
7404 -175
7405 235
7406 -195
7407 75
7408 89
7409 -97
7410 -5
7411 77
7412 -91
7413 201
7414 -39
7415 -139
7416 -61
7417 -25
7418 193
7419 -103
7420 189
7421 -87
7422 -195
7423 239
7424 -7
7425 -221
7426 135
7427 151
7428 -195
7429 31
7430 47
7431 -137
7432 83
7433 21
7434 -91
7435 105
7436 83
7437 -45
7438 29
7439 -93
7440 105
7441 35
7442 -177
7443 -45
7444 41
7445 -135
7446 65
7447 53
7448 99
7449 -25
7450 49
7451 -131
7452 119
7453 105
7454 -137
7455 35
7456 -217
7457 145
7458 63
7459 -145
7460 111
7461 59
7462 -155
7463 163
7464 -15
7465 -117
7466 43
7467 71
7468 -257
7469 41
7470 117
7471 -89
7472 181
7473 -143
7474 -29
7475 143
7476 7
7477 -185
7478 197
7479 -69
7480 -19
7481 75
7482 -69
7483 141
7484 -37
7485 89
7486 -105
7487 83
7488 -37
7489 9
7490 -89
7491 -75
7492 55
7493 49
7494 -111
7495 61
7496 105
7497 -53
7498 -19
7499 -69
7500 -21
7501 115
7502 17
7503 -181
7504 31
7505 47
7506 -21
7507 241
7508 -149
7509 -33
7510 75
7511 -5
7512 -147
7513 -211
7514 203
7515 225
7516 -215
7517 89
7518 -115
7519 103
7520 -13
7521 161
7522 -137
7523 161
7524 -229
7525 43
7526 -61
7527 33
7528 -11
7529 -41
7530 191
7531 -63
7532 -199
7533 37
7534 103
7535 83
7536 81
7537 -157
7538 37
7539 -81
7540 147
7541 -231
7542 -57
7543 -11
7544 329
7545 -23
7546 -109
7547 111
7548 -149
7549 67
7550 71
7551 -93
7552 -69
7553 47
7554 -25
7555 43
7556 9
7557 -61
7558 63
7559 -77
7560 -151
7561 183
7562 49
7563 -33
7564 65
7565 -49
7566 -3
7567 9
7568 25
7569 45
7570 107
7571 -39
7572 -187
7573 33
7574 131
7575 -169
7576 -53
7577 69
7578 -63
7579 131
7580 -73
7581 41
7582 -59
7583 169
7584 -233
7585 249
7586 -67
7587 -113
7588 19
7589 -3
7590 65
7591 -103
7592 225
7593 -199
7594 -33
7595 103
7596 -63
7597 67
7598 9
7599 -47
7600 -63
7601 201
7602 31
7603 -165
7604 -233
7605 329
7606 -91
7607 47
7608 -147
7609 21
7610 133
7611 -129
7612 -73
7613 391
7614 -211
7615 -103
7616 -23
7617 11
7618 29
7619 -41
7620 183
7621 -139
7622 -85
7623 -35
7624 285
7625 -53
7626 33
7627 -255
7628 193
7629 -5
7630 -7
7631 13
7632 81
7633 -99
7634 55
7635 -139
7636 101
7637 -7
7638 -43
7639 127
7640 -221
7641 127
7642 103
7643 -117
7644 77
7645 -141
7646 29
7647 59
7648 17
7649 -41
7650 107
7651 -75
7652 49
7653 -175
7654 91
7655 -83
7656 115
7657 -169
7658 201
7659 -163
7660 155
7661 -103
7662 -47
7663 95
7664 -63
7665 61
7666 121
7667 -31
7668 -223
7669 119
7670 9
7671 -135
7672 149
7673 -127
7674 111
7675 -21
7676 121
7677 -125
7678 -97
7679 69
7680 -21
7681 23
7682 -91
7683 257
7684 -173
7685 37
7686 -53
7687 359
7688 -331
7689 189
7690 -111
7691 -65
7692 -51
7693 117
7694 -23
7695 -149
7696 233
7697 -131
7698 23
7699 53
7700 -63
7701 -131
7702 57
7703 97
7704 57
7705 53
7706 -147
7707 149
7708 -127
7709 -51
7710 207
7711 -51
7712 -103
7713 73
7714 -23
7715 -99
7716 181
7717 -227
7718 23
7719 29
7720 93
7721 -47
7722 65
7723 -1
7724 -15
7725 151
7726 -297
7727 15
7728 153
7729 -69
7730 95
7731 -99
7732 -63
7733 283
7734 -75
7735 -29
7736 -135
7737 -73
7738 -31
7739 117
7740 21
7741 65
7742 5
7743 -41
7744 9
7745 -19
7746 79
7747 -255
7748 277
7749 -125
7750 -77
7751 101
7752 -67
7753 51
7754 151
7755 -11
7756 -111
7757 -29
7758 31
7759 45
7760 -35
7761 175
7762 -155
7763 59
7764 -75
7765 -43
7766 33
7767 -121
7768 149
7769 3
7770 -85
7771 -19
7772 5
7773 -17
7774 19
7775 89
7776 75
7777 -105
7778 -175
7779 263
7780 -195
7781 109
7782 -105
7783 -59
7784 45
7785 263
7786 -119
7787 -59
7788 79
7789 -61
7790 -17
7791 -15
7792 -7
7793 35
7794 -153
7795 -19
7796 215
7797 -141
7798 -57
7799 185
7800 -99
7801 35
7802 63
7803 73
7804 -75
7805 113
7806 -227
7807 95
7808 -57
7809 41
7810 -73
7811 93
7812 65
7813 -93
7814 201
7815 -257
7816 97
7817 -161
7818 249
7819 -317
7820 301
7821 -225
7822 169
7823 11
7824 7
7825 -75
7826 197
7827 -85
7828 -105
7829 89
7830 85
7831 -233
7832 215
7833 -211
7834 119
7835 -97
7836 -7
7837 79
7838 -169
7839 117
7840 17
7841 81
7842 17
7843 -61
7844 23
7845 -67
7846 -43
7847 187
7848 -201
7849 -25
7850 99
7851 -9
7852 9
7853 -117
7854 55
7855 -81
7856 -99
7857 315
7858 -125
7859 43
7860 9
7861 69
7862 -173
7863 155
7864 57
7865 61
7866 -185
7867 25
7868 3
7869 -179
7870 91
7871 139
7872 -41
7873 35
7874 -5
7875 17
7876 -19
7877 23
7878 -117
7879 1
7880 -19
7881 59
7882 -105
7883 1
7884 17
7885 -53
7886 227
7887 -77
7888 -43
7889 43
7890 -63
7891 31
7892 59
7893 -99
7894 -119
7895 141
7896 43
7897 5
7898 -51
7899 -79
7900 301
7901 -3
7902 -269
7903 11
7904 125
7905 -73
7906 125
7907 -63
7908 29
7909 -221
7910 269
7911 -5
7912 -267
7913 219
7914 -117
7915 213
7916 -199
7917 -13
7918 -5
7919 23
7920 27
7921 29
7922 39
7923 -135
7924 43
7925 87
7926 -199
7927 27
7928 165
7929 -59
7930 -127
7931 77
7932 303
7933 -211
7934 -7
7935 -139
7936 17
7937 37
7938 161
7939 -155
7940 -13
7941 63
7942 -15
7943 -57
7944 197
7945 -7
7946 -149
7947 -55
7948 -79
7949 259
7950 43
7951 -217
7952 131
7953 105
7954 -365
7955 227
7956 -19
7957 -23
7958 -159
7959 273
7960 -129
7961 67
7962 55
7963 -163
7964 -5
7965 39
7966 147
7967 -215
7968 139
7969 83
7970 -233
7971 -27
7972 231
7973 47
7974 -59
7975 -27
7976 45
7977 -25
7978 -263
7979 251
7980 11
7981 -41
7982 -139
7983 165
7984 57
7985 -183
7986 -11
7987 139
7988 -19
7989 -63
7990 -125
7991 243
7992 97
7993 -225
7994 -121
7995 77
7996 261
7997 -257
7998 33
7999 7
8000 81
