2 0
3 -1
4 2
5 -1
6 0
7 -3
8 -2
9 -5
10 4
11 -3
12 -2
13 -7
14 -4
15 -9
16 10
17 -3
18 -4
19 11
20 0
21 -1
22 -6
23 3
24 -2
25 5
26 -2
27 -3
28 -2
29 7
30 -2
31 -5
32 -4
33 5
34 0
35 1
36 -2
37 -5
38 0
39 -7
40 6
41 -11
42 0
43 -13
44 10
45 -7
46 -8
47 23
48 0
49 -1
50 10
51 -1
52 2
53 -15
54 6
55 -1
56 -8
57 5
58 -6
59 11
60 0
61 1
62 -10
63 -1
64 -8
65 15
66 -8
67 -5
68 -8
69 13
70 10
71 -13
72 4
73 -3
74 2
75 19
76 -10
77 -5
78 0
79 -7
80 -6
81 -5
82 0
83 -3
84 8
85 11
86 8
87 1
88 4
89 -1
90 2
91 3
92 6
93 -5
94 4
95 -7
96 -6
97 5
98 -6
99 -3
100 -10
101 -9
102 0
103 -17
104 -6
105 -23
106 -10
107 11
108 -4
109 3
110 -12
111 -1
112 14
113 -3
114 -6
115 -7
116 -8
117 25
118 6
119 9
120 -12
121 3
122 4
123 3
124 -4
125 -3
126 8
127 -11
128 6
129 -9
130 8
131 -5
132 12
133 -3
134 2
135 -1
136 4
137 -17
138 -6
139 -3
140 4
141 3
142 6
143 -9
144 -4
145 -27
146 4
147 21
148 -4
149 17
150 -4
151 -13
152 -10
153 -27
154 16
155 -19
156 -4
157 -15
158 -16
159 9
160 -8
161 -11
162 -6
163 11
164 -4
165 7
166 -6
167 7
168 -10
169 17
170 10
171 -5
172 -24
173 27
174 -10
175 -11
176 30
177 3
178 0
179 -3
180 -12
181 1
182 -14
183 5
184 -14
185 7
186 -18
187 3
188 46
189 7
190 4
191 -7
192 12
193 -19
194 16
195 3
196 12
197 1
198 -2
199 17
200 0
201 31
202 -8
203 1
204 -14
205 7
206 -12
207 -1
208 2
209 -21
210 -32
211 -17
212 -16
213 -23
214 42
215 13
216 4
217 -13
218 -14
219 17
220 -6
221 7
222 -10
223 21
224 2
225 -9
226 28
227 -7
228 8
229 -7
230 12
231 7
232 12
233 -5
234 8
235 19
236 -8
237 3
238 14
239 -17
240 4
241 -9
242 -2
243 25
244 -6
245 -13
246 -6
247 15
248 14
249 -13
250 -8
251 1
252 10
253 13
254 -10
255 1
256 18
257 1
258 16
259 7
260 -16
261 1
262 10
263 7
264 12
265 -9
266 6
267 -17
268 -10
269 19
270 12
271 7
272 -22
273 -19
274 -44
275 17
276 12
277 5
278 -28
279 -15
280 0
281 -37
282 14
283 25
284 6
285 -1
286 4
287 1
288 -8
289 -3
290 26
291 31
292 -12
293 -7
294 6
295 3
296 -12
297 -37
298 -28
299 5
300 10
301 13
302 -6
303 -11
304 -28
305 -5
306 0
307 -29
308 4
309 -13
310 18
311 17
312 14
313 1
314 12
315 5
316 -22
317 -11
318 -26
319 -27
320 -22
321 3
322 0
323 -3
324 -30
325 9
326 12
327 1
328 18
329 7
330 -12
331 11
332 24
333 -3
334 -2
335 -5
336 -2
337 19
338 -18
339 -31
340 -44
341 25
342 20
343 -17
344 2
345 -21
346 -38
347 -1
348 -36
349 -5
350 28
351 -7
352 -30
353 -1
354 -6
355 13
356 52
357 5
358 -2
359 -13
360 -10
361 53
362 -24
363 7
364 22
365 -1
366 18
367 -39
368 8
369 21
370 -20
371 -9
372 -6
373 -13
374 6
375 -3
376 0
377 -13
378 -6
379 25
380 -20
381 25
382 8
383 -1
384 -42
385 -13
386 52
387 5
388 14
389 -11
390 -44
391 7
392 6
393 -21
394 14
395 -9
396 6
397 1
398 4
399 35
400 16
401 5
402 -18
403 -17
404 -44
405 15
406 14
407 -13
408 12
409 43
410 4
411 -9
412 56
413 13
414 20
415 -11
416 -6
417 -11
418 -12
419 25
420 22
421 -9
422 -30
423 13
424 -36
425 -47
426 -44
427 -1
428 -32
429 13
430 2
431 37
432 12
433 -3
434 4
435 -35
436 50
437 -23
438 14
439 -25
440 18
441 -3
442 -12
443 3
444 8
445 15
446 -48
447 7
448 -4
449 11
450 -16
451 -19
452 -2
453 -11
454 -24
455 31
456 -4
457 -45
458 60
459 -1
460 -20
461 -51
462 8
463 -21
464 -8
465 -3
466 38
467 21
468 2
469 -21
470 36
471 3
472 -4
473 -29
474 6
475 -45
476 -16
477 15
478 28
479 -9
480 -40
481 -9
482 4
483 1
484 6
485 13
486 -4
487 -13
488 42
489 -9
490 -18
491 9
492 12
493 -25
494 0
495 45
496 54
497 5
498 4
499 -17
500 2
501 -11
502 -20
503 17
504 16
505 -7
506 12
507 5
508 6
509 1
510 16
511 29
512 -24
513 3
514 12
515 -45
516 32
517 -7
518 2
519 21
520 6
521 23
522 2
523 -25
524 -22
525 -15
526 -2
527 15
528 10
529 -29
530 -20
531 27
532 -26
533 27
534 -4
535 25
536 -50
537 -17
538 12
539 -49
540 30
541 -5
542 6
543 7
544 2
545 23
546 -18
547 19
548 0
549 13
550 20
551 1
552 16
553 19
554 -12
555 -13
556 -2
557 29
558 -20
559 -21
560 8
561 -3
562 -22
563 15
564 -32
565 3
566 -48
567 43
568 28
569 1
570 18
571 -33
572 -22
573 25
574 56
575 -19
576 6
577 1
578 12
579 -33
580 8
581 -33
582 28
583 -17
584 -14
585 -15
586 14
587 -9
588 -26
589 31
590 -12
591 -37
592 -66
593 -23
594 62
595 -35
596 -28
597 -21
598 -12
599 -23
600 8
601 -31
602 -4
603 -37
604 -4
605 11
606 -18
607 9
608 84
609 1
610 24
611 -5
612 18
613 -31
614 -16
615 37
616 18
617 7
618 -46
619 43
620 -10
621 15
622 30
623 21
624 -8
625 -53
626 -2
627 -25
628 -2
629 -1
630 20
631 19
632 -8
633 -33
634 -10
635 23
636 60
637 -35
638 -24
639 11
640 -24
641 -5
642 20
643 -1
644 -16
645 15
646 -16
647 -29
648 36
649 -7
650 12
651 15
652 -36
653 1
654 -40
655 -3
656 -54
657 25
658 -34
659 47
660 20
661 -5
662 -32
663 53
664 -22
665 -11
666 -18
667 31
668 -20
669 9
670 6
671 -23
672 -26
673 -7
674 30
675 -7
676 -30
677 -23
678 0
679 -51
680 -4
681 -41
682 28
683 -15
684 -52
685 19
686 -44
687 -9
688 4
689 17
690 28
691 9
692 4
693 41
694 10
695 -7
696 -16
697 59
698 12
699 -17
700 26
701 7
702 -6
703 -17
704 0
705 5
706 4
707 -39
708 34
709 13
710 -16
711 -25
712 8
713 -5
714 40
715 9
716 -26
717 -5
718 -16
719 19
720 22
721 -39
722 32
723 -31
724 -32
725 61
726 -34
727 -25
728 -4
729 -1
730 4
731 -5
732 22
733 33
734 -22
735 11
736 -4
737 23
738 18
739 17
740 6
741 -29
742 6
743 5
744 10
745 -21
746 26
747 -1
748 -14
749 -45
750 22
751 -15
752 -4
753 -9
754 -12
755 31
756 20
757 1
758 20
759 -3
760 -4
761 5
762 -14
763 -81
764 -26
765 7
766 -20
767 3
768 -68
769 19
770 104
771 -21
772 -44
773 -29
774 16
775 -59
776 -2
777 -33
778 34
779 25
780 40
781 1
782 -22
783 29
784 -6
785 15
786 -10
787 13
788 54
789 -43
790 6
791 43
792 -16
793 21
794 -24
795 37
796 8
797 -9
798 0
799 1
800 -16
801 31
802 6
803 15
804 18
805 17
806 -36
807 61
808 10
809 27
810 -4
811 -1
812 -6
813 19
814 4
815 -9
816 14
817 -9
818 26
819 7
820 -10
821 -69
822 36
823 -25
824 44
825 -61
826 16
827 -23
828 4
829 -1
830 -44
831 -1
832 26
833 7
834 -30
835 -1
836 -6
837 -9
838 -26
839 -15
840 56
841 9
842 10
843 15
844 -6
845 27
846 -20
847 -11
848 10
849 1
850 48
851 25
852 -52
853 -19
854 24
855 -27
856 -2
857 -19
858 -8
859 19
860 8
861 5
862 -28
863 -9
864 -32
865 27
866 4
867 -15
868 -12
869 7
870 -44
871 15
872 14
873 9
874 20
875 -47
876 14
877 43
878 -56
879 43
880 4
881 -9
882 24
883 31
884 -14
885 31
886 -54
887 -1
888 0
889 -75
890 -20
891 -7
892 0
893 37
894 24
895 11
896 -2
897 25
898 22
899 -57
900 14
901 -11
902 44
903 -31
904 -18
905 39
906 32
907 -13
908 20
909 19
910 -12
911 -7
912 -14
913 -15
914 4
915 39
916 -40
917 -5
918 -38
919 -27
920 6
921 -49
922 30
923 -27
924 0
925 7
926 0
927 27
928 -12
929 -5
930 28
931 -25
932 -38
933 -7
934 86
935 -57
936 -34
937 -19
938 -2
939 49
940 6
941 11
942 -30
943 -13
944 -16
945 23
946 8
947 -21
948 -14
949 25
950 -24
951 -57
952 -50
953 13
954 22
955 35
956 16
957 -1
958 -38
959 23
960 38
961 5
962 -88
963 -37
964 48
965 3
966 30
967 3
968 -26
969 19
970 -34
971 -1
972 56
973 -39
974 6
975 65
976 20
977 -13
978 -26
979 19
980 20
981 -25
982 40
983 -13
984 -18
985 49
986 8
987 -53
988 -40
989 47
990 -36
991 9
992 -6
993 13
994 -6
995 11
996 -24
997 27
998 14
999 -13
1000 2
1001 -3
1002 22
1003 47
1004 -72
1005 17
1006 -12
1007 19
1008 24
1009 25
1010 -42
1011 -1
1012 -26
1013 -19
1014 60
1015 35
1016 24
1017 -55
1018 26
1019 -23
1020 16
1021 -69
1022 8
1023 -9
1024 -18
1025 -29
1026 -8
1027 25
1028 14
1029 75
1030 12
1031 -53
1032 -16
1033 15
1034 4
1035 69
1036 4
1037 21
1038 -36
1039 -1
1040 -2
1041 -21
1042 -26
1043 3
1044 14
1045 -45
1046 -60
1047 -1
1048 -14
1049 65
1050 16
1051 -49
1052 -4
1053 -35
1054 -10
1055 45
1056 22
1057 7
1058 -44
1059 11
1060 -24
1061 37
1062 -16
1063 33
1064 34
1065 -3
1066 0
1067 23
1068 -36
1069 7
1070 6
1071 -31
1072 -6
1073 -9
1074 32
1075 13
1076 26
1077 -25
1078 32
1079 9
1080 -16
1081 -5
1082 28
1083 33
1084 16
1085 -53
1086 46
1087 -15
1088 12
1089 -23
1090 34
1091 -49
1092 0
1093 -25
1094 68
1095 39
1096 -4
1097 39
1098 -10
1099 11
1100 28
1101 31
1102 -30
1103 59
1104 -40
1105 -63
1106 0
1107 13
1108 -44
1109 15
1110 14
1111 -23
1112 -20
1113 -7
1114 -28
1115 -29
1116 -32
1117 -37
1118 -56
1119 -61
1120 32
1121 -23
1122 -6
1123 -41
1124 34
1125 -39
1126 -16
1127 -23
1128 4
1129 5
1130 18
1131 35
1132 -2
1133 41
1134 -2
1135 -25
1136 16
1137 23
1138 18
1139 31
1140 60
1141 35
1142 -6
1143 63
1144 30
1145 -11
1146 22
1147 -35
1148 -24
1149 9
1150 4
1151 27
1152 40
1153 17
1154 34
1155 63
1156 4
1157 -9
1158 12
1159 -23
1160 16
1161 -7
1162 -36
1163 -13
1164 6
1165 -11
1166 12
1167 -51
1168 28
1169 19
1170 -56
1171 -13
1172 20
1173 9
1174 -12
1175 -7
1176 0
1177 -11
1178 -2
1179 -39
1180 48
1181 57
1182 12
1183 -45
1184 28
1185 -11
1186 56
1187 -21
1188 -16
1189 -53
1190 -48
1191 -3
1192 -6
1193 5
1194 30
1195 -5
1196 14
1197 17
1198 -78
1199 59
1200 -30
1201 33
1202 42
1203 1
1204 12
1205 53
1206 44
1207 3
1208 26
1209 35
1210 -42
1211 -95
1212 36
1213 -17
1214 -14
1215 39
1216 -26
1217 -51
1218 -14
1219 -69
1220 20
1221 -37
1222 -36
1223 9
1224 8
1225 -13
1226 14
1227 -25
1228 -2
1229 31
1230 -6
1231 5
1232 30
1233 1
1234 76
1235 29
1236 -34
1237 35
1238 -46
1239 37
1240 -10
1241 -27
1242 -46
1243 -1
1244 14
1245 -27
1246 14
1247 73
1248 8
1249 35
1250 4
1251 39
1252 -4
1253 37
1254 0
1255 37
1256 -12
1257 -5
1258 -44
1259 -11
1260 -52
1261 7
1262 -14
1263 -21
1264 8
1265 -21
1266 -18
1267 -55
1268 -8
1269 -1
1270 34
1271 -33
1272 34
1273 -31
1274 62
1275 73
1276 8
1277 -21
1278 14
1279 -13
1280 -32
1281 -77
1282 14
1283 -13
1284 -48
1285 -41
1286 -12
1287 -37
1288 14
1289 39
1290 -50
1291 55
1292 24
1293 17
1294 0
1295 53
1296 42
1297 27
1298 -36
1299 9
1300 -6
1301 -13
1302 34
1303 -29
1304 14
1305 57
1306 2
1307 -37
1308 34
1309 1
1310 0
1311 51
1312 76
1313 1
1314 24
1315 19
1316 2
1317 -11
1318 -18
1319 -51
1320 -28
1321 5
1322 30
1323 19
1324 32
1325 -19
1326 24
1327 3
1328 22
1329 7
1330 -10
1331 -21
1332 38
1333 3
1334 20
1335 11
1336 16
1337 21
1338 24
1339 1
1340 46
1341 -7
1342 22
1343 -25
1344 46
1345 -63
1346 64
1347 37
1348 -12
1349 -25
1350 14
1351 45
1352 20
1353 -1
1354 -38
1355 -7
1356 34
1357 91
1358 30
1359 -13
1360 -36
1361 3
1362 -16
1363 7
1364 -2
1365 -3
1366 -20
1367 -35
1368 -36
1369 19
1370 30
1371 23
1372 54
1373 11
1374 28
1375 5
1376 20
1377 -39
1378 -36
1379 35
1380 8
1381 -55
1382 70
1383 -33
1384 38
1385 29
1386 80
1387 -51
1388 -40
1389 37
1390 6
1391 -9
1392 0
1393 21
1394 42
1395 1
1396 12
1397 -9
1398 22
1399 -7
1400 40
1401 -29
1402 8
1403 119
1404 -6
1405 -7
1406 18
1407 33
1408 -6
1409 -71
1410 -4
1411 -3
1412 0
1413 -47
1414 2
1415 29
1416 54
1417 -35
1418 -16
1419 -59
1420 -12
1421 -17
1422 8
1423 -47
1424 56
1425 -77
1426 52
1427 -51
1428 -4
1429 59
1430 -76
1431 -61
1432 -60
1433 33
1434 -62
1435 9
1436 2
1437 23
1438 -72
1439 17
1440 -72
1441 -7
1442 -2
1443 -61
1444 40
1445 -39
1446 -2
1447 -19
1448 -108
1449 39
1450 -52
1451 45
1452 -22
1453 5
1454 -74
1455 41
1456 -34
1457 47
1458 82
1459 25
1460 34
1461 -61
1462 32
1463 53
1464 -84
1465 43
1466 14
1467 13
1468 16
1469 33
1470 -22
1471 -29
1472 18
1473 -41
1474 -20
1475 -39
1476 22
1477 75
1478 -16
1479 31
1480 30
1481 55
1482 -6
1483 27
1484 56
1485 -21
1486 -58
1487 -9
1488 4
1489 -33
1490 16
1491 55
1492 0
1493 -27
1494 -8
1495 35
1496 -52
1497 91
1498 -36
1499 49
1500 50
1501 3
1502 24
1503 -9
1504 -36
1505 27
1506 -14
1507 23
1508 66
1509 -15
1510 -40
1511 41
1512 14
1513 -3
1514 -116
1515 15
1516 -60
1517 65
1518 -28
1519 63
1520 -56
1521 99
1522 -22
1523 -17
1524 14
1525 -37
1526 12
1527 -47
1528 40
1529 -15
1530 58
1531 7
1532 -6
1533 33
1534 -72
1535 -47
1536 -16
1537 33
1538 -10
1539 25
1540 54
1541 -91
1542 -20
1543 -7
1544 66
1545 21
1546 28
1547 27
1548 -54
1549 -1
1550 -30
1551 -15
1552 30
1553 -33
1554 68
1555 -17
1556 16
1557 -19
1558 32
1559 37
1560 18
1561 9
1562 22
1563 -31
1564 38
1565 -5
1566 -2
1567 9
1568 -22
1569 43
1570 -34
1571 15
1572 -6
1573 1
1574 10
1575 -39
1576 -4
1577 3
1578 38
1579 39
1580 -22
1581 9
1582 16
1583 -45
1584 -44
1585 -3
1586 -20
1587 -27
1588 0
1589 1
1590 -2
1591 -47
1592 -24
1593 29
1594 -16
1595 -5
1596 26
1597 5
1598 22
1599 -109
1600 -28
1601 -9
1602 -24
1603 -39
1604 16
1605 -23
1606 -16
1607 43
1608 -10
1609 -21
1610 -10
1611 9
1612 34
1613 -11
1614 -26
1615 27
1616 -14
1617 65
1618 32
1619 21
1620 4
1621 -71
1622 -30
1623 23
1624 -10
1625 -67
1626 -48
1627 21
1628 -4
1629 13
1630 14
1631 -73
1632 20
1633 -13
1634 42
1635 27
1636 24
1637 -27
1638 8
1639 -21
1640 6
1641 3
1642 20
1643 -29
1644 32
1645 -39
1646 -42
1647 -101
1648 -52
1649 55
1650 28
1651 -3
1652 -76
1653 5
1654 24
1655 -13
1656 -38
1657 -31
1658 -10
1659 -73
1660 16
1661 -41
1662 -18
1663 -21
1664 8
1665 19
1666 -16
1667 -35
1668 56
1669 19
1670 30
1671 -13
1672 14
1673 -9
1674 28
1675 17
1676 10
1677 -53
1678 64
1679 -93
1680 -68
1681 17
1682 -32
1683 37
1684 -30
1685 41
1686 70
1687 -37
1688 -26
1689 49
1690 82
1691 -41
1692 70
1693 83
1694 -4
1695 -23
1696 22
1697 -5
1698 2
1699 -1
1700 4
1701 -5
1702 34
1703 -13
1704 30
1705 -51
1706 -4
1707 3
1708 -36
1709 -7
1710 38
1711 67
1712 56
1713 21
1714 44
1715 75
1716 28
1717 49
1718 52
1719 -21
1720 -62
1721 49
1722 46
1723 35
1724 34
1725 -39
1726 28
1727 13
1728 -42
1729 -35
1730 -34
1731 13
1732 66
1733 33
1734 4
1735 15
1736 74
1737 13
1738 26
1739 49
1740 -84
1741 -15
1742 26
1743 15
1744 54
1745 -15
1746 -20
1747 19
1748 2
1749 -21
1750 58
1751 61
1752 60
1753 -87
1754 16
1755 45
1756 -4
1757 -59
1758 -18
1759 -53
1760 32
1761 -13
1762 54
1763 31
1764 -84
1765 -23
1766 -50
1767 -43
1768 -34
1769 -21
1770 -6
1771 11
1772 -46
1773 31
1774 62
1775 73
1776 70
1777 23
1778 32
1779 1
1780 6
1781 25
1782 4
1783 51
1784 -12
1785 -11
1786 -14
1787 -25
1788 -48
1789 55
1790 46
1791 -5
1792 14
1793 13
1794 52
1795 -35
1796 -16
1797 7
1798 -6
1799 25
1800 -56
1801 9
1802 40
1803 -5
1804 -20
1805 -37
1806 20
1807 33
1808 38
1809 -27
1810 12
1811 3
1812 -32
1813 -37
1814 32
1815 -11
1816 -28
1817 39
1818 22
1819 15
1820 -16
1821 17
1822 32
1823 -47
1824 -20
1825 43
1826 60
1827 -15
1828 -52
1829 -3
1830 -32
1831 -21
1832 42
1833 -27
1834 -38
1835 -57
1836 38
1837 25
1838 32
1839 105
1840 -18
1841 75
1842 -52
1843 53
1844 -44
1845 49
1846 -66
1847 -15
1848 120
1849 -27
1850 -58
1851 15
1852 -56
1853 7
1854 -26
1855 -7
1856 -6
1857 33
1858 -4
1859 -55
1860 82
1861 -1
1862 22
1863 21
1864 -10
1865 -15
1866 8
1867 -113
1868 62
1869 -29
1870 -62
1871 49
1872 56
1873 15
1874 36
1875 -93
1876 34
1877 1
1878 60
1879 -79
1880 -12
1881 -45
1882 64
1883 45
1884 -6
1885 -9
1886 44
1887 -1
1888 42
1889 -9
1890 -4
1891 57
1892 -78
1893 39
1894 16
1895 -5
1896 14
1897 -55
1898 -30
1899 13
1900 -40
1901 -51
1902 -70
1903 -7
1904 42
1905 -29
1906 -4
1907 -71
1908 48
1909 13
1910 38
1911 21
1912 36
1913 -21
1914 38
1915 9
1916 58
1917 -5
1918 22
1919 -19
1920 -30
1921 7
1922 28
1923 -71
1924 -28
1925 -3
1926 -6
1927 31
1928 0
1929 9
1930 -10
1931 31
1932 -62
1933 -29
1934 -18
1935 -41
1936 -22
1937 9
1938 -22
1939 -63
1940 -36
1941 -51
1942 -50
1943 -35
1944 -14
1945 7
1946 -24
1947 -19
1948 38
1949 13
1950 -38
1951 -27
1952 8
1953 83
1954 -38
1955 73
1956 44
1957 59
1958 -36
1959 -33
1960 6
1961 -9
1962 24
1963 49
1964 66
1965 29
1966 46
1967 -31
1968 30
1969 -61
1970 -66
1971 87
1972 38
1973 -23
1974 32
1975 11
1976 -2
1977 -23
1978 -86
1979 1
1980 -6
1981 33
1982 -58
1983 -109
1984 -36
1985 17
1986 -18
1987 -39
1988 -42
1989 29
1990 52
1991 37
1992 -24
1993 23
1994 86
1995 -57
1996 44
1997 69
1998 26
1999 13
2000 -8
