2 0
3 -1
4 2
5 -1
6 0
7 -3
8 -2
9 -5
10 4
11 -3
12 -2
13 -7
14 -4
15 -9
16 10
17 -3
18 -4
19 11
20 0
21 -1
22 -6
23 3
24 -2
25 5
26 -2
27 -3
28 -2
29 7
30 -2
31 -5
32 -4
33 5
34 0
35 1
36 -2
37 -5
38 0
39 -7
40 6
41 -11
42 0
43 -13
44 10
45 -7
46 -8
47 23
48 0
49 -1
50 10
51 -1
52 2
53 -15
54 6
55 -1
56 -8
57 5
58 -6
59 11
60 0
61 1
62 -10
63 -1
64 -8
65 15
66 -8
67 -5
68 -8
69 13
70 10
71 -13
72 4
73 -3
74 2
75 19
76 -10
77 -5
78 0
79 -7
80 -6
81 -5
82 0
83 -3
84 8
85 11
86 8
87 1
88 4
89 -1
90 2
91 3
92 6
93 -5
94 4
95 -7
96 -6
97 5
98 -6
99 -3
100 -10
101 -9
102 0
103 -17
104 -6
105 -23
106 -10
107 11
108 -4
109 3
110 -12
111 -1
112 14
113 -3
114 -6
115 -7
116 -8
117 25
118 6
119 9
120 -12
121 3
122 4
123 3
124 -4
125 -3
126 8
127 -11
128 6
129 -9
130 8
131 -5
132 12
133 -3
134 2
135 -1
136 4
137 -17
138 -6
139 -3
140 4
141 3
142 6
143 -9
144 -4
145 -27
146 4
147 21
148 -4
149 17
150 -4
151 -13
152 -10
153 -27
154 16
155 -19
156 -4
157 -15
158 -16
159 9
160 -8
161 -11
162 -6
163 11
164 -4
165 7
166 -6
167 7
168 -10
169 17
170 10
171 -5
172 -24
173 27
174 -10
175 -11
176 30
177 3
178 0
179 -3
180 -12
181 1
182 -14
183 5
184 -14
185 7
186 -18
187 3
188 46
189 7
190 4
191 -7
192 12
193 -19
194 16
195 3
196 12
197 1
198 -2
199 17
200 0
201 31
202 -8
203 1
204 -14
205 7
206 -12
207 -1
208 2
209 -21
210 -32
211 -17
212 -16
213 -23
214 42
215 13
216 4
217 -13
218 -14
219 17
220 -6
221 7
222 -10
223 21
224 2
225 -9
226 28
227 -7
228 8
229 -7
230 12
231 7
232 12
233 -5
234 8
235 19
236 -8
237 3
238 14
239 -17
240 4
241 -9
242 -2
243 25
244 -6
245 -13
246 -6
247 15
248 14
249 -13
250 -8
251 1
252 10
253 13
254 -10
255 1
256 18
257 1
258 16
259 7
260 -16
261 1
262 10
263 7
264 12
265 -9
266 6
267 -17
268 -10
269 19
270 12
271 7
272 -22
273 -19
274 -44
275 17
276 12
277 5
278 -28
279 -15
280 0
281 -37
282 14
283 25
284 6
285 -1
286 4
287 1
288 -8
289 -3
290 26
291 31
292 -12
293 -7
294 6
295 3
296 -12
297 -37
298 -28
299 5
300 10
301 13
302 -6
303 -11
304 -28
305 -5
306 0
307 -29
308 4
309 -13
310 18
311 17
312 14
313 1
314 12
315 5
316 -22
317 -11
318 -26
319 -27
320 -22
321 3
322 0
323 -3
324 -30
325 9
326 12
327 1
328 18
329 7
330 -12
331 11
332 24
333 -3
334 -2
335 -5
336 -2
337 19
338 -18
339 -31
340 -44
341 25
342 20
343 -17
344 2
345 -21
346 -38
347 -1
348 -36
349 -5
350 28
351 -7
352 -30
353 -1
354 -6
355 13
356 52
357 5
358 -2
359 -13
360 -10
361 53
362 -24
363 7
364 22
365 -1
366 18
367 -39
368 8
369 21
370 -20
371 -9
372 -6
373 -13
374 6
375 -3
376 0
377 -13
378 -6
379 25
380 -20
381 25
382 8
383 -1
384 -42
385 -13
386 52
387 5
388 14
389 -11
390 -44
391 7
392 6
393 -21
394 14
395 -9
396 6
397 1
398 4
399 35
400 16
401 5
402 -18
403 -17
404 -44
405 15
406 14
407 -13
408 12
409 43
410 4
411 -9
412 56
413 13
414 20
415 -11
416 -6
417 -11
418 -12
419 25
420 22
421 -9
422 -30
423 13
424 -36
425 -47
426 -44
427 -1
428 -32
429 13
430 2
431 37
432 12
433 -3
434 4
435 -35
436 50
437 -23
438 14
439 -25
440 18
441 -3
442 -12
443 3
444 8
445 15
446 -48
447 7
448 -4
449 11
450 -16
451 -19
452 -2
453 -11
454 -24
455 31
456 -4
457 -45
458 60
459 -1
460 -20
461 -51
462 8
463 -21
464 -8
465 -3
466 38
467 21
468 2
469 -21
470 36
471 3
472 -4
473 -29
474 6
475 -45
476 -16
477 15
478 28
479 -9
480 -40
481 -9
482 4
483 1
484 6
485 13
486 -4
487 -13
488 42
489 -9
490 -18
491 9
492 12
493 -25
494 0
495 45
496 54
497 5
498 4
499 -17
500 2
501 -11
502 -20
503 17
504 16
505 -7
506 12
507 5
508 6
509 1
510 16
511 29
512 -24
513 3
514 12
515 -45
516 32
517 -7
518 2
519 21
520 6
521 23
522 2
523 -25
524 -22
525 -15
526 -2
527 15
528 10
529 -29
530 -20
531 27
532 -26
533 27
534 -4
535 25
536 -50
537 -17
538 12
539 -49
540 30
541 -5
542 6
543 7
544 2
545 23
546 -18
547 19
548 0
549 13
550 20
551 1
552 16
553 19
554 -12
555 -13
556 -2
557 29
558 -20
559 -21
560 8
561 -3
562 -22
563 15
564 -32
565 3
566 -48
567 43
568 28
569 1
570 18
571 -33
572 -22
573 25
574 56
575 -19
576 6
577 1
578 12
579 -33
580 8
581 -33
582 28
583 -17
584 -14
585 -15
586 14
587 -9
588 -26
589 31
590 -12
591 -37
592 -66
593 -23
594 62
595 -35
596 -28
597 -21
598 -12
599 -23
600 8
601 -31
602 -4
603 -37
604 -4
605 11
606 -18
607 9
608 84
609 1
610 24
611 -5
612 18
613 -31
614 -16
615 37
616 18
617 7
618 -46
619 43
620 -10
621 15
622 30
623 21
624 -8
625 -53
626 -2
627 -25
628 -2
629 -1
630 20
631 19
632 -8
633 -33
634 -10
635 23
636 60
637 -35
638 -24
639 11
640 -24
641 -5
642 20
643 -1
644 -16
645 15
646 -16
647 -29
648 36
649 -7
650 12
651 15
652 -36
653 1
654 -40
655 -3
656 -54
657 25
658 -34
659 47
660 20
661 -5
662 -32
663 53
664 -22
665 -11
666 -18
667 31
668 -20
669 9
670 6
671 -23
672 -26
673 -7
674 30
675 -7
676 -30
677 -23
678 0
679 -51
680 -4
681 -41
682 28
683 -15
684 -52
685 19
686 -44
687 -9
688 4
689 17
690 28
691 9
692 4
693 41
694 10
695 -7
696 -16
697 59
698 12
699 -17
700 26
701 7
702 -6
703 -17
704 0
705 5
706 4
707 -39
708 34
709 13
710 -16
711 -25
712 8
713 -5
714 40
715 9
716 -26
717 -5
718 -16
719 19
720 22
721 -39
722 32
723 -31
724 -32
725 61
726 -34
727 -25
728 -4
729 -1
730 4
731 -5
732 22
733 33
734 -22
735 11
736 -4
737 23
738 18
739 17
740 6
741 -29
742 6
743 5
744 10
745 -21
746 26
747 -1
748 -14
749 -45
750 22
751 -15
752 -4
753 -9
754 -12
755 31
756 20
757 1
758 20
759 -3
760 -4
761 5
762 -14
763 -81
764 -26
765 7
766 -20
767 3
768 -68
769 19
770 104
771 -21
772 -44
773 -29
774 16
775 -59
776 -2
777 -33
778 34
779 25
780 40
781 1
782 -22
783 29
784 -6
785 15
786 -10
787 13
788 54
789 -43
790 6
791 43
792 -16
793 21
794 -24
795 37
796 8
797 -9
798 0
799 1
800 -16
801 31
802 6
803 15
804 18
805 17
806 -36
807 61
808 10
809 27
810 -4
811 -1
812 -6
813 19
814 4
815 -9
816 14
817 -9
818 26
819 7
820 -10
821 -69
822 36
823 -25
824 44
825 -61
826 16
827 -23
828 4
829 -1
830 -44
831 -1
832 26
833 7
834 -30
835 -1
836 -6
837 -9
838 -26
839 -15
840 56
841 9
842 10
843 15
844 -6
845 27
846 -20
847 -11
848 10
849 1
850 48
851 25
852 -52
853 -19
854 24
855 -27
856 -2
857 -19
858 -8
859 19
860 8
861 5
862 -28
863 -9
864 -32
865 27
866 4
867 -15
868 -12
869 7
870 -44
871 15
872 14
873 9
874 20
875 -47
876 14
877 43
878 -56
879 43
880 4
881 -9
882 24
883 31
884 -14
885 31
886 -54
887 -1
888 0
889 -75
890 -20
891 -7
892 0
893 37
894 24
895 11
896 -2
897 25
898 22
899 -57
900 14
901 -11
902 44
903 -31
904 -18
905 39
906 32
907 -13
908 20
909 19
910 -12
911 -7
912 -14
913 -15
914 4
915 39
916 -40
917 -5
918 -38
919 -27
920 6
921 -49
922 30
923 -27
924 0
925 7
926 0
927 27
928 -12
929 -5
930 28
931 -25
932 -38
933 -7
934 86
935 -57
936 -34
937 -19
938 -2
939 49
940 6
941 11
942 -30
943 -13
944 -16
945 23
946 8
947 -21
948 -14
949 25
950 -24
951 -57
952 -50
953 13
954 22
955 35
956 16
957 -1
958 -38
959 23
960 38
961 5
962 -88
963 -37
964 48
965 3
966 30
967 3
968 -26
969 19
970 -34
971 -1
972 56
973 -39
974 6
975 65
976 20
977 -13
978 -26
979 19
980 20
981 -25
982 40
983 -13
984 -18
985 49
986 8
987 -53
988 -40
989 47
990 -36
991 9
992 -6
993 13
994 -6
995 11
996 -24
997 27
998 14
999 -13
1000 2
1001 -3
1002 22
1003 47
1004 -72
1005 17
1006 -12
1007 19
1008 24
1009 25
1010 -42
1011 -1
1012 -26
1013 -19
1014 60
1015 35
1016 24
1017 -55
1018 26
1019 -23
1020 16
1021 -69
1022 8
1023 -9
1024 -18
1025 -29
1026 -8
1027 25
1028 14
1029 75
1030 12
1031 -53
1032 -16
1033 15
1034 4
1035 69
1036 4
1037 21
1038 -36
1039 -1
1040 -2
1041 -21
1042 -26
1043 3
1044 14
1045 -45
1046 -60
1047 -1
1048 -14
1049 65
1050 16
1051 -49
1052 -4
1053 -35
1054 -10
1055 45
1056 22
1057 7
1058 -44
1059 11
1060 -24
1061 37
1062 -16
1063 33
1064 34
1065 -3
1066 0
1067 23
1068 -36
1069 7
1070 6
1071 -31
1072 -6
1073 -9
1074 32
1075 13
1076 26
1077 -25
1078 32
1079 9
1080 -16
1081 -5
1082 28
1083 33
1084 16
1085 -53
1086 46
1087 -15
1088 12
1089 -23
1090 34
1091 -49
1092 0
1093 -25
1094 68
1095 39
1096 -4
1097 39
1098 -10
1099 11
1100 28
1101 31
1102 -30
1103 59
1104 -40
1105 -63
1106 0
1107 13
1108 -44
1109 15
1110 14
1111 -23
1112 -20
1113 -7
1114 -28
1115 -29
1116 -32
1117 -37
1118 -56
1119 -61
1120 32
1121 -23
1122 -6
1123 -41
1124 34
1125 -39
1126 -16
1127 -23
1128 4
1129 5
1130 18
1131 35
1132 -2
1133 41
1134 -2
1135 -25
1136 16
1137 23
1138 18
1139 31
1140 60
1141 35
1142 -6
1143 63
1144 30
1145 -11
1146 22
1147 -35
1148 -24
1149 9
1150 4
1151 27
1152 40
1153 17
1154 34
1155 63
1156 4
1157 -9
1158 12
1159 -23
1160 16
1161 -7
1162 -36
1163 -13
1164 6
1165 -11
1166 12
1167 -51
1168 28
1169 19
1170 -56
1171 -13
1172 20
1173 9
1174 -12
1175 -7
1176 0
1177 -11
1178 -2
1179 -39
1180 48
1181 57
1182 12
1183 -45
1184 28
1185 -11
1186 56
1187 -21
1188 -16
1189 -53
1190 -48
1191 -3
1192 -6
1193 5
1194 30
1195 -5
1196 14
1197 17
1198 -78
1199 59
1200 -30
1201 33
1202 42
1203 1
1204 12
1205 53
1206 44
1207 3
1208 26
1209 35
1210 -42
1211 -95
1212 36
1213 -17
1214 -14
1215 39
1216 -26
1217 -51
1218 -14
1219 -69
1220 20
1221 -37
1222 -36
1223 9
1224 8
1225 -13
1226 14
1227 -25
1228 -2
1229 31
1230 -6
1231 5
1232 30
1233 1
1234 76
1235 29
1236 -34
1237 35
1238 -46
1239 37
1240 -10
1241 -27
1242 -46
1243 -1
1244 14
1245 -27
1246 14
1247 73
1248 8
1249 35
1250 4
1251 39
1252 -4
1253 37
1254 0
1255 37
1256 -12
1257 -5
1258 -44
1259 -11
1260 -52
1261 7
1262 -14
1263 -21
1264 8
1265 -21
1266 -18
1267 -55
1268 -8
1269 -1
1270 34
1271 -33
1272 34
1273 -31
1274 62
1275 73
1276 8
1277 -21
1278 14
1279 -13
1280 -32
1281 -77
1282 14
1283 -13
1284 -48
1285 -41
1286 -12
1287 -37
1288 14
1289 39
1290 -50
1291 55
1292 24
1293 17
1294 0
1295 53
1296 42
1297 27
1298 -36
1299 9
1300 -6
1301 -13
1302 34
1303 -29
1304 14
1305 57
1306 2
1307 -37
1308 34
1309 1
1310 0
1311 51
1312 76
1313 1
1314 24
1315 19
1316 2
1317 -11
1318 -18
1319 -51
1320 -28
1321 5
1322 30
1323 19
1324 32
1325 -19
1326 24
1327 3
1328 22
1329 7
1330 -10
1331 -21
1332 38
1333 3
1334 20
1335 11
1336 16
1337 21
1338 24
1339 1
1340 46
1341 -7
1342 22
1343 -25
1344 46
1345 -63
1346 64
1347 37
1348 -12
1349 -25
1350 14
1351 45
1352 20
1353 -1
1354 -38
1355 -7
1356 34
1357 91
1358 30
1359 -13
1360 -36
1361 3
1362 -16
1363 7
1364 -2
1365 -3
1366 -20
1367 -35
1368 -36
1369 19
1370 30
1371 23
1372 54
1373 11
1374 28
1375 5
1376 20
1377 -39
1378 -36
1379 35
1380 8
1381 -55
1382 70
1383 -33
1384 38
1385 29
1386 80
1387 -51
1388 -40
1389 37
1390 6
1391 -9
1392 0
1393 21
1394 42
1395 1
1396 12
1397 -9
1398 22
1399 -7
1400 40
1401 -29
1402 8
1403 119
1404 -6
1405 -7
1406 18
1407 33
1408 -6
1409 -71
1410 -4
1411 -3
1412 0
1413 -47
1414 2
1415 29
1416 54
1417 -35
1418 -16
1419 -59
1420 -12
1421 -17
1422 8
1423 -47
1424 56
1425 -77
1426 52
1427 -51
1428 -4
1429 59
1430 -76
1431 -61
1432 -60
1433 33
1434 -62
1435 9
1436 2
1437 23
1438 -72
1439 17
1440 -72
1441 -7
1442 -2
1443 -61
1444 40
1445 -39
1446 -2
1447 -19
1448 -108
1449 39
1450 -52
1451 45
1452 -22
1453 5
1454 -74
1455 41
1456 -34
1457 47
1458 82
1459 25
1460 34
1461 -61
1462 32
1463 53
1464 -84
1465 43
1466 14
1467 13
1468 16
1469 33
1470 -22
1471 -29
1472 18
1473 -41
1474 -20
1475 -39
1476 22
1477 75
1478 -16
1479 31
1480 30
1481 55
1482 -6
1483 27
1484 56
1485 -21
1486 -58
1487 -9
1488 4
1489 -33
1490 16
1491 55
1492 0
1493 -27
1494 -8
1495 35
1496 -52
1497 91
1498 -36
1499 49
1500 50
1501 3
1502 24
1503 -9
1504 -36
1505 27
1506 -14
1507 23
1508 66
1509 -15
1510 -40
1511 41
1512 14
1513 -3
1514 -116
1515 15
1516 -60
1517 65
1518 -28
1519 63
1520 -56
1521 99
1522 -22
1523 -17
1524 14
1525 -37
1526 12
1527 -47
1528 40
1529 -15
1530 58
1531 7
1532 -6
1533 33
1534 -72
1535 -47
1536 -16
1537 33
1538 -10
1539 25
1540 54
1541 -91
1542 -20
1543 -7
1544 66
1545 21
1546 28
1547 27
1548 -54
1549 -1
1550 -30
1551 -15
1552 30
1553 -33
1554 68
1555 -17
1556 16
1557 -19
1558 32
1559 37
1560 18
1561 9
1562 22
1563 -31
1564 38
1565 -5
1566 -2
1567 9
1568 -22
1569 43
1570 -34
1571 15
1572 -6
1573 1
1574 10
1575 -39
1576 -4
1577 3
1578 38
1579 39
1580 -22
1581 9
1582 16
1583 -45
1584 -44
1585 -3
1586 -20
1587 -27
1588 0
1589 1
1590 -2
1591 -47
1592 -24
1593 29
1594 -16
1595 -5
1596 26
1597 5
1598 22
1599 -109
1600 -28
1601 -9
1602 -24
1603 -39
1604 16
1605 -23
1606 -16
1607 43
1608 -10
1609 -21
1610 -10
1611 9
1612 34
1613 -11
1614 -26
1615 27
1616 -14
1617 65
1618 32
1619 21
1620 4
1621 -71
1622 -30
1623 23
1624 -10
1625 -67
1626 -48
1627 21
1628 -4
1629 13
1630 14
1631 -73
1632 20
1633 -13
1634 42
1635 27
1636 24
1637 -27
1638 8
1639 -21
1640 6
1641 3
1642 20
1643 -29
1644 32
1645 -39
1646 -42
1647 -101
1648 -52
1649 55
1650 28
1651 -3
1652 -76
1653 5
1654 24
1655 -13
1656 -38
1657 -31
1658 -10
1659 -73
1660 16
1661 -41
1662 -18
1663 -21
1664 8
1665 19
1666 -16
1667 -35
1668 56
1669 19
1670 30
1671 -13
1672 14
1673 -9
1674 28
1675 17
1676 10
1677 -53
1678 64
1679 -93
1680 -68
1681 17
1682 -32
1683 37
1684 -30
1685 41
1686 70
1687 -37
1688 -26
1689 49
1690 82
1691 -41
1692 70
1693 83
1694 -4
1695 -23
1696 22
1697 -5
1698 2
1699 -1
1700 4
1701 -5
1702 34
1703 -13
1704 30
1705 -51
1706 -4
1707 3
1708 -36
1709 -7
1710 38
1711 67
1712 56
1713 21
1714 44
1715 75
1716 28
1717 49
1718 52
1719 -21
1720 -62
1721 49
1722 46
1723 35
1724 34
1725 -39
1726 28
1727 13
1728 -42
1729 -35
1730 -34
1731 13
1732 66
1733 33
1734 4
1735 15
1736 74
1737 13
1738 26
1739 49
1740 -84
1741 -15
1742 26
1743 15
1744 54
1745 -15
1746 -20
1747 19
1748 2
1749 -21
1750 58
1751 61
1752 60
1753 -87
1754 16
1755 45
1756 -4
1757 -59
1758 -18
1759 -53
1760 32
1761 -13
1762 54
1763 31
1764 -84
1765 -23
1766 -50
1767 -43
1768 -34
1769 -21
1770 -6
1771 11
1772 -46
1773 31
1774 62
1775 73
1776 70
1777 23
1778 32
1779 1
1780 6
1781 25
1782 4
1783 51
1784 -12
1785 -11
1786 -14
1787 -25
1788 -48
1789 55
1790 46
1791 -5
1792 14
1793 13
1794 52
1795 -35
1796 -16
1797 7
1798 -6
1799 25
1800 -56
1801 9
1802 40
1803 -5
1804 -20
1805 -37
1806 20
1807 33
1808 38
1809 -27
1810 12
1811 3
1812 -32
1813 -37
1814 32
1815 -11
1816 -28
1817 39
1818 22
1819 15
1820 -16
1821 17
1822 32
1823 -47
1824 -20
1825 43
1826 60
1827 -15
1828 -52
1829 -3
1830 -32
1831 -21
1832 42
1833 -27
1834 -38
1835 -57
1836 38
1837 25
1838 32
1839 105
1840 -18
1841 75
1842 -52
1843 53
1844 -44
1845 49
1846 -66
1847 -15
1848 120
1849 -27
1850 -58
1851 15
1852 -56
1853 7
1854 -26
1855 -7
1856 -6
1857 33
1858 -4
1859 -55
1860 82
1861 -1
1862 22
1863 21
1864 -10
1865 -15
1866 8
1867 -113
1868 62
1869 -29
1870 -62
1871 49
1872 56
1873 15
1874 36
1875 -93
1876 34
1877 1
1878 60
1879 -79
1880 -12
1881 -45
1882 64
1883 45
1884 -6
1885 -9
1886 44
1887 -1
1888 42
1889 -9
1890 -4
1891 57
1892 -78
1893 39
1894 16
1895 -5
1896 14
1897 -55
1898 -30
1899 13
1900 -40
1901 -51
1902 -70
1903 -7
1904 42
1905 -29
1906 -4
1907 -71
1908 48
1909 13
1910 38
1911 21
1912 36
1913 -21
1914 38
1915 9
1916 58
1917 -5
1918 22
1919 -19
1920 -30
1921 7
1922 28
1923 -71
1924 -28
1925 -3
1926 -6
1927 31
1928 0
1929 9
1930 -10
1931 31
1932 -62
1933 -29
1934 -18
1935 -41
1936 -22
1937 9
1938 -22
1939 -63
1940 -36
1941 -51
1942 -50
1943 -35
1944 -14
1945 7
1946 -24
1947 -19
1948 38
1949 13
1950 -38
1951 -27
1952 8
1953 83
1954 -38
1955 73
1956 44
1957 59
1958 -36
1959 -33
1960 6
1961 -9
1962 24
1963 49
1964 66
1965 29
1966 46
1967 -31
1968 30
1969 -61
1970 -66
1971 87
1972 38
1973 -23
1974 32
1975 11
1976 -2
1977 -23
1978 -86
1979 1
1980 -6
1981 33
1982 -58
1983 -109
1984 -36
1985 17
1986 -18
1987 -39
1988 -42
1989 29
1990 52
1991 37
1992 -24
1993 23
1994 86
1995 -57
1996 44
1997 69
1998 26
1999 13
2000 -8
2001 103
2002 24
2003 9
2004 -8
2005 -25
2006 2
2007 -15
2008 -10
2009 -49
2010 -52
2011 -3
2012 -18
2013 -91
2014 16
2015 -13
2016 10
2017 57
2018 16
2019 59
2020 56
2021 -71
2022 54
2023 17
2024 -2
2025 -1
2026 -10
2027 11
2028 18
2029 7
2030 -16
2031 -29
2032 -52
2033 19
2034 4
2035 -103
2036 -56
2037 53
2038 -50
2039 1
2040 24
2041 -81
2042 40
2043 53
2044 -66
2045 3
2046 -74
2047 -15
2048 -40
2049 -59
2050 -84
2051 25
2052 -22
2053 -59
2054 56
2055 -5
2056 -54
2057 19
2058 -20
2059 35
2060 -8
2061 89
2062 -34
2063 -25
2064 -42
2065 3
2066 22
2067 81
2068 -34
2069 9
2070 -26
2071 -5
2072 0
2073 15
2074 44
2075 23
2076 -60
2077 -23
2078 -18
2079 47
2080 50
2081 29
2082 52
2083 57
2084 -8
2085 35
2086 -46
2087 -3
2088 8
2089 21
2090 -8
2091 49
2092 -22
2093 -23
2094 -76
2095 -63
2096 -6
2097 9
2098 -12
2099 -63
2100 32
2101 -87
2102 0
2103 -53
2104 -12
2105 31
2106 20
2107 -101
2108 76
2109 119
2110 28
2111 19
2112 -52
2113 85
2114 -66
2115 21
2116 -4
2117 -45
2118 -46
2119 -7
2120 -18
2121 -43
2122 -38
2123 5
2124 -48
2125 -31
2126 58
2127 -3
2128 -80
2129 9
2130 -8
2131 83
2132 22
2133 -29
2134 94
2135 -15
2136 -76
2137 67
2138 -26
2139 59
2140 -52
2141 15
2142 16
2143 63
2144 66
2145 79
2146 -46
2147 5
2148 32
2149 -51
2150 88
2151 23
2152 -56
2153 -11
2154 -2
2155 53
2156 -44
2157 -49
2158 114
2159 -31
2160 36
2161 -75
2162 -12
2163 -5
2164 30
2165 5
2166 46
2167 15
2168 14
2169 -27
2170 26
2171 -145
2172 70
2173 -29
2174 -76
2175 -67
2176 -30
2177 -45
2178 62
2179 61
2180 16
2181 -129
2182 -62
2183 17
2184 12
2185 -33
2186 52
2187 -13
2188 -60
2189 23
2190 -56
2191 -53
2192 12
2193 -37
2194 -68
2195 41
2196 -38
2197 43
2198 90
2199 -39
2200 -56
2201 -45
2202 -30
2203 47
2204 -10
2205 -11
2206 58
2207 -69
2208 -74
2209 -67
2210 -112
2211 23
2212 -24
2213 3
2214 24
2215 -45
2216 10
2217 -73
2218 74
2219 -21
2220 18
2221 17
2222 -50
2223 75
2224 -4
2225 29
2226 54
2227 21
2228 -122
2229 5
2230 56
2231 -37
2232 -76
2233 13
2234 78
2235 87
2236 16
2237 77
2238 6
2239 -11
2240 66
2241 -27
2242 -38
2243 11
2244 78
2245 -11
2246 -6
2247 -43
2248 66
2249 -37
2250 22
2251 3
2252 -54
2253 -29
2254 -12
2255 -7
2256 56
2257 -71
2258 38
2259 -15
2260 4
2261 33
2262 -22
2263 77
2264 -6
2265 1
2266 6
2267 -35
2268 30
2269 -15
2270 -24
2271 -1
2272 4
2273 65
2274 -48
2275 -21
2276 -14
2277 -41
2278 -34
2279 111
2280 66
2281 -3
2282 -44
2283 -39
2284 16
2285 1
2286 -52
2287 17
2288 -10
2289 19
2290 -32
2291 -69
2292 10
2293 -19
2294 -56
2295 33
2296 90
2297 25
2298 48
2299 19
2300 6
2301 -1
2302 -80
2303 59
2304 32
2305 -3
2306 -58
2307 57
2308 96
2309 -13
2310 38
2311 -27
2312 -40
2313 -65
2314 66
2315 -19
2316 -28
2317 57
2318 -8
2319 27
2320 -6
2321 -45
2322 -36
2323 73
2324 -26
2325 117
2326 -76
2327 -7
2328 -6
2329 17
2330 54
2331 -21
2332 -24
2333 -27
2334 -16
2335 5
2336 48
2337 -37
2338 44
2339 -53
2340 6
2341 69
2342 -44
2343 19
2344 -100
2345 -25
2346 32
2347 -7
2348 30
2349 67
2350 -42
2351 -9
2352 -44
2353 43
2354 32
2355 -3
2356 28
2357 83
2358 -16
2359 33
2360 64
2361 85
2362 -22
2363 9
2364 -18
2365 61
2366 -14
2367 -9
2368 -6
2369 77
2370 -32
2371 55
2372 36
2373 91
2374 -36
2375 47
2376 -36
2377 -23
2378 -26
2379 43
2380 -12
2381 -59
2382 26
2383 23
2384 -78
2385 31
2386 -10
2387 -33
2388 -50
2389 33
2390 94
2391 21
2392 8
2393 53
2394 -60
2395 61
2396 -44
2397 71
2398 24
2399 87
2400 -84
2401 -33
2402 34
2403 -45
2404 50
2405 -39
2406 50
2407 -69
2408 8
2409 35
2410 72
2411 5
2412 2
2413 -55
2414 -26
2415 -17
2416 30
2417 49
2418 -26
2419 53
2420 -100
2421 -111
2422 -30
2423 -41
2424 18
2425 -39
2426 -72
2427 47
2428 -52
2429 39
2430 -4
2431 21
2432 -58
2433 23
2434 84
2435 -11
2436 -38
2437 -57
2438 -88
2439 -23
2440 70
2441 1
2442 16
2443 -31
2444 -42
2445 105
2446 -34
2447 35
2448 50
2449 -19
2450 -12
2451 -27
2452 14
2453 -3
2454 -40
2455 119
2456 -70
2457 -33
2458 96
2459 -75
2460 48
2461 -45
2462 0
2463 97
2464 2
2465 23
2466 -92
2467 53
2468 2
2469 21
2470 -84
2471 -61
2472 24
2473 -13
2474 -20
2475 113
2476 -12
2477 -17
2478 -136
2479 -43
2480 -54
2481 17
2482 -60
2483 27
2484 -26
2485 -15
2486 -22
2487 41
2488 74
2489 23
2490 16
2491 35
2492 -54
2493 79
2494 -46
2495 -1
2496 64
2497 -65
2498 -44
2499 31
2500 -114
2501 61
2502 4
2503 -41
2504 76
2505 11
2506 24
2507 45
2508 28
2509 -23
2510 16
2511 65
2512 18
2513 35
2514 -48
2515 -39
2516 84
2517 25
2518 -10
2519 27
2520 112
2521 -9
2522 -62
2523 -29
2524 70
2525 -53
2526 -78
2527 1
2528 6
2529 -47
2530 -46
2531 33
2532 -92
2533 13
2534 -178
2535 39
2536 20
2537 25
2538 34
2539 57
2540 52
2541 69
2542 28
2543 11
2544 -18
2545 -5
2546 -2
2547 -77
2548 -90
2549 29
2550 -40
2551 -77
2552 72
2553 -3
2554 6
2555 17
2556 86
2557 -47
2558 38
2559 -3
2560 -76
2561 -39
2562 -58
2563 -3
2564 -60
2565 -65
2566 44
2567 -19
2568 -54
2569 129
2570 -42
2571 17
2572 -62
2573 15
2574 42
2575 39
2576 104
2577 37
2578 -18
2579 5
2580 -6
2581 21
2582 48
2583 -147
2584 -14
2585 -19
2586 -38
2587 -63
2588 -36
2589 -7
2590 -34
2591 -53
2592 38
2593 -59
2594 -20
2595 -53
2596 -46
2597 -35
2598 -52
2599 -7
2600 -40
2601 -31
2602 -14
2603 -25
2604 -2
2605 51
2606 54
2607 17
2608 -36
2609 33
2610 -46
2611 41
2612 8
2613 -29
2614 30
2615 -31
2616 20
2617 21
2618 162
2619 -59
2620 -12
2621 9
2622 -2
2623 11
2624 -70
2625 87
2626 -74
2627 11
2628 128
2629 -69
2630 6
2631 -23
2632 14
2633 125
2634 -32
2635 -7
2636 12
2637 3
2638 20
2639 -31
2640 -50
2641 -19
2642 -134
2643 1
2644 14
2645 25
2646 12
2647 -61
2648 -20
2649 25
2650 64
2651 -83
2652 38
2653 13
2654 68
2655 -11
2656 -38
2657 95
2658 50
2659 79
2660 52
2661 -39
2662 -98
2663 41
2664 44
2665 49
2666 82
2667 -61
2668 -52
2669 59
2670 -2
2671 35
2672 -26
2673 105
2674 46
2675 -7
2676 -70
2677 39
2678 -56
2679 13
2680 18
2681 -13
2682 -20
2683 -51
2684 2
2685 3
2686 -26
2687 -23
2688 -54
2689 31
2690 6
2691 35
2692 -32
2693 -89
2694 -2
2695 -29
2696 -84
2697 39
2698 8
2699 9
2700 36
2701 53
2702 56
2703 -9
2704 16
2705 57
2706 -54
2707 5
2708 -4
2709 -31
2710 28
2711 9
2712 -24
2713 -107
2714 2
2715 59
2716 28
2717 -157
2718 -46
2719 -53
2720 -24
2721 15
2722 -56
2723 -5
2724 -8
2725 31
2726 -66
2727 -9
2728 -74
2729 -51
2730 -68
2731 -61
2732 86
2733 -75
2734 -42
2735 9
2736 54
2737 3
2738 76
2739 67
2740 -30
2741 71
2742 18
2743 43
2744 -20
2745 -27
2746 80
2747 -7
2748 54
2749 -27
2750 44
2751 17
2752 64
2753 3
2754 -30
2755 -7
2756 -62
2757 17
2758 -80
2759 -23
2760 78
2761 -49
2762 24
2763 -135
2764 58
2765 121
2766 -30
2767 -9
2768 4
2769 -79
2770 -152
2771 49
2772 -78
2773 27
2774 -52
2775 3
2776 56
2777 27
2778 -76
2779 -29
2780 86
2781 -19
2782 -4
2783 -107
2784 10
2785 137
2786 86
2787 -59
2788 -66
2789 -1
2790 -30
2791 -109
2792 -110
2793 -91
2794 126
2795 -87
2796 44
2797 33
2798 -64
2799 -15
2800 46
2801 -17
2802 6
2803 -47
2804 120
2805 103
2806 -24
2807 51
2808 -20
2809 -89
2810 32
2811 85
2812 -36
2813 -35
2814 88
2815 -75
2816 34
2817 -75
2818 -50
2819 -41
2820 20
2821 -5
2822 -24
2823 1
2824 -130
2825 -75
2826 34
2827 45
2828 60
2829 -55
2830 -42
2831 1
2832 60
2833 -79
2834 -124
2835 -1
2836 28
2837 -23
2838 -8
2839 5
2840 64
2841 -67
2842 98
2843 19
2844 6
2845 3
2846 10
2847 117
2848 -22
2849 -5
2850 -58
2851 -11
2852 52
2853 35
2854 -38
2855 19
2856 -12
2857 65
2858 -4
2859 51
2860 4
2861 -63
2862 -4
2863 21
2864 26
2865 -25
2866 -4
2867 -41
2868 -68
2869 -97
2870 -58
2871 -1
2872 26
2873 -19
2874 136
2875 73
2876 -48
2877 9
2878 16
2879 -1
2880 -22
2881 45
2882 -2
2883 -49
2884 60
2885 117
2886 -82
2887 -41
2888 14
2889 -45
2890 -52
2891 -43
2892 56
2893 -25
2894 -10
2895 17
2896 6
2897 17
2898 10
2899 -5
2900 26
2901 -63
2902 -34
2903 37
2904 -28
2905 -141
2906 30
2907 -33
2908 -92
2909 -13
2910 58
2911 23
2912 -88
2913 73
2914 56
2915 21
2916 -10
2917 -53
2918 -92
2919 29
2920 -68
2921 73
2922 -14
2923 93
2924 -74
2925 41
2926 8
2927 19
2928 -38
2929 101
2930 30
2931 7
2932 -82
2933 -29
2934 -36
2935 -93
2936 68
2937 -47
2938 8
2939 -33
2940 26
2941 -21
2942 18
2943 -151
2944 -48
2945 -25
2946 -64
2947 -89
2948 32
2949 -11
2950 -2
2951 31
2952 -44
2953 -83
2954 48
2955 25
2956 40
2957 -27
2958 -72
2959 31
2960 -54
2961 -79
2962 -6
2963 -25
2964 18
2965 59
2966 -22
2967 -31
2968 -74
2969 37
2970 50
2971 -41
2972 26
2973 9
2974 28
2975 -73
2976 112
2977 41
2978 28
2979 5
2980 52
2981 -45
2982 -54
2983 49
2984 36
2985 -59
2986 -108
2987 7
2988 12
2989 -85
2990 -22
2991 -29
2992 -30
2993 51
2994 -10
2995 -53
2996 38
2997 -19
2998 -4
2999 -35
3000 -42
3001 -105
3002 54
3003 93
3004 124
3005 -21
3006 -30
3007 -69
3008 14
3009 19
3010 38
3011 -53
3012 58
3013 -27
3014 -94
3015 77
3016 0
3017 -107
3018 26
3019 -21
3020 40
3021 -15
3022 4
3023 101
3024 10
3025 5
3026 52
3027 -61
3028 -146
3029 11
3030 54
3031 -37
3032 14
3033 1
3034 -102
3035 -59
3036 -102
3037 15
3038 92
3039 -51
3040 -18
3041 -71
3042 60
3043 37
3044 -72
3045 73
3046 -132
3047 -73
3048 -46
3049 33
3050 -2
3051 85
3052 -118
3053 -3
3054 -130
3055 75
3056 -14
3057 49
3058 36
3059 -39
3060 -32
3061 53
3062 -42
3063 23
3064 -8
3065 -49
3066 10
3067 81
3068 -58
3069 -27
3070 -30
3071 9
3072 -60
3073 -41
3074 -28
3075 -13
3076 34
3077 23
3078 -22
3079 -57
3080 12
3081 -21
3082 16
3083 69
3084 10
3085 -3
3086 -188
3087 9
3088 -2
3089 -33
3090 18
3091 29
3092 -40
3093 -11
3094 62
3095 -3
3096 38
3097 17
3098 -24
3099 135
3100 -82
3101 -53
3102 40
3103 45
3104 -60
3105 -21
3106 32
3107 -87
3108 54
3109 81
3110 6
3111 95
3112 -42
3113 55
3114 -10
3115 -19
3116 -26
3117 -21
3118 14
3119 -27
3120 -8
3121 13
3122 10
3123 55
3124 44
3125 31
3126 18
3127 -25
3128 -6
3129 -17
3130 28
3131 29
3132 18
3133 11
3134 8
3135 -49
3136 -56
3137 113
3138 42
3139 145
3140 12
3141 83
3142 48
3143 -19
3144 -126
3145 1
3146 -20
3147 43
3148 46
3149 87
3150 -24
3151 -11
3152 48
3153 -81
3154 80
3155 -71
3156 -26
3157 49
3158 0
3159 -21
3160 100
3161 7
3162 -8
3163 -17
3164 56
3165 31
3166 -68
3167 11
3168 -144
3169 -33
3170 -18
3171 47
3172 146
3173 -65
3174 132
3175 -19
3176 64
3177 -41
3178 -4
3179 99
3180 -92
3181 -23
3182 -16
3183 -21
3184 78
3185 -75
3186 -54
3187 -53
3188 -12
3189 19
3190 46
3191 67
3192 -60
3193 -85
3194 20
3195 45
3196 -4
3197 -29
3198 -38
3199 -49
3200 12
3201 105
3202 -14
3203 -35
3204 -68
3205 75
3206 -50
3207 1
3208 -58
3209 1
3210 -12
3211 9
3212 64
3213 -49
3214 -94
3215 107
3216 32
3217 -5
3218 -60
3219 -1
3220 72
3221 -81
3222 -10
3223 165
3224 38
3225 -51
3226 48
3227 -13
3228 -40
3229 -69
3230 -46
3231 7
3232 88
3233 -27
3234 42
3235 97
3236 -152
3237 -13
3238 80
3239 -1
3240 -122
3241 -51
3242 6
3243 -5
3244 -8
3245 -33
3246 -86
3247 -19
3248 2
3249 -53
3250 -10
3251 135
3252 -68
3253 -5
3254 6
3255 -3
3256 -6
3257 -95
3258 -156
3259 85
3260 16
3261 93
3262 -22
3263 69
3264 -46
3265 55
3266 4
3267 -59
3268 20
3269 -47
3270 -76
3271 -55
3272 -68
3273 77
3274 -48
3275 17
3276 26
3277 105
3278 -12
3279 -31
3280 -56
3281 35
3282 8
3283 -5
3284 -74
3285 15
3286 -28
3287 -39
3288 34
3289 1
3290 -78
3291 15
3292 -40
3293 3
3294 -88
3295 -43
3296 38
3297 -39
3298 -12
3299 -91
3300 102
3301 47
3302 -4
3303 13
3304 82
3305 93
3306 56
3307 23
3308 -52
3309 -5
3310 -14
3311 -65
3312 30
3313 -57
3314 72
3315 -31
3316 124
3317 67
3318 6
3319 49
3320 -70
3321 77
3322 -2
3323 75
3324 2
3325 -29
3326 50
3327 43
3328 18
3329 15
3330 34
3331 55
3332 -6
3333 -81
3334 86
3335 33
3336 -64
3337 -15
3338 86
3339 35
3340 -86
3341 -1
3342 -28
3343 49
3344 -60
3345 -53
3346 -4
3347 17
3348 -2
3349 11
3350 30
3351 59
3352 -6
3353 -85
3354 30
3355 11
3356 194
3357 19
3358 100
3359 19
3360 -4
3361 119
3362 -68
3363 15
3364 70
3365 -81
3366 -26
3367 -1
3368 -54
3369 9
3370 0
3371 -71
3372 24
3373 37
3374 -26
3375 149
3376 16
3377 33
3378 22
3379 -85
3380 24
3381 -65
3382 -76
3383 39
3384 56
3385 -47
3386 -58
3387 -17
3388 -70
3389 107
3390 24
3391 -61
3392 12
3393 17
3394 -6
3395 83
3396 -30
3397 31
3398 -12
3399 -21
3400 62
3401 19
3402 -82
3403 19
3404 -20
3405 -63
3406 -84
3407 -31
3408 44
3409 31
3410 6
3411 19
3412 2
3413 -121
3414 -28
3415 -53
3416 40
3417 57
3418 -100
3419 -1
3420 -20
3421 -19
3422 -10
3423 -13
3424 16
3425 19
3426 -46
3427 27
3428 50
3429 41
3430 -44
3431 -45
3432 -60
3433 29
3434 14
3435 -53
3436 -158
3437 -85
3438 -148
3439 -101
3440 10
3441 81
3442 70
3443 17
3444 12
3445 -69
3446 130
3447 -67
3448 16
3449 19
3450 34
3451 -65
3452 -62
3453 -45
3454 -60
3455 -59
3456 -6
3457 61
3458 40
3459 -145
3460 86
3461 17
3462 52
3463 123
3464 78
3465 41
3466 -72
3467 -81
3468 -90
3469 -45
3470 90
3471 5
3472 -4
3473 -53
3474 -176
3475 77
3476 104
3477 -27
3478 -70
3479 -155
3480 -46
3481 107
3482 -66
3483 -89
3484 68
3485 -49
3486 -84
3487 -11
3488 60
3489 117
3490 -40
3491 17
3492 20
3493 57
3494 24
3495 43
3496 42
3497 -19
3498 52
3499 -17
3500 16
3501 115
3502 38
3503 1
3504 96
3505 59
3506 -16
3507 7
3508 82
3509 -59
3510 54
3511 13
3512 6
3513 5
3514 -22
3515 -107
3516 90
3517 3
3518 114
3519 -7
3520 18
3521 7
3522 -2
3523 19
3524 -32
3525 63
3526 -14
3527 -37
3528 -38
3529 -33
3530 20
3531 -1
3532 -70
3533 -71
3534 -64
3535 59
3536 -114
3537 -45
3538 40
3539 23
3540 -18
3541 29
3542 40
3543 71
3544 40
3545 107
3546 86
3547 17
3548 128
3549 97
3550 44
3551 39
3552 -32
3553 35
3554 14
3555 21
3556 8
3557 -13
3558 84
3559 35
3560 -90
3561 85
3562 38
3563 -83
3564 -14
3565 -11
3566 -6
3567 -15
3568 -54
3569 -31
3570 -68
3571 65
3572 68
3573 21
3574 -86
3575 37
3576 54
3577 -35
3578 52
3579 31
3580 -34
3581 59
3582 8
3583 -25
3584 -54
3585 15
3586 40
3587 -85
3588 -6
3589 -33
3590 -4
3591 -47
3592 -112
3593 -15
3594 24
3595 61
3596 18
3597 -27
3598 -32
3599 -105
3600 -80
3601 -113
3602 58
3603 -127
3604 14
3605 -21
3606 -58
3607 -105
3608 -40
3609 -7
3610 -20
3611 -73
3612 -60
3613 -99
3614 108
3615 47
3616 66
3617 -53
3618 -30
3619 39
3620 -2
3621 45
3622 116
3623 25
3624 -70
3625 133
3626 -20
3627 29
3628 100
3629 -91
3630 34
3631 13
3632 -26
3633 39
3634 34
3635 71
3636 2
3637 53
3638 -32
3639 39
3640 38
3641 -19
3642 14
3643 -35
3644 4
3645 -41
3646 -94
3647 -105
3648 8
3649 -5
3650 50
3651 69
3652 54
3653 -17
3654 52
3655 -11
3656 8
3657 -99
3658 52
3659 -19
3660 -68
3661 33
3662 4
3663 -17
3664 88
3665 123
3666 80
3667 127
3668 20
3669 -9
3670 94
3671 -29
3672 -4
3673 -59
3674 48
3675 -47
3676 16
3677 7
3678 -32
3679 -45
3680 24
3681 -73
3682 -6
3683 79
3684 22
3685 27
3686 62
3687 91
3688 6
3689 1
3690 4
3691 91
3692 38
3693 -51
3694 50
3695 41
3696 -10
3697 95
3698 32
3699 -1
3700 -40
3701 79
3702 66
3703 -33
3704 54
3705 -103
3706 56
3707 -127
3708 64
3709 -73
3710 -18
3711 -67
3712 -52
3713 -85
3714 -14
3715 29
3716 -4
3717 -81
3718 -56
3719 -19
3720 38
3721 71
3722 14
3723 -65
3724 -104
3725 -39
3726 -100
3727 25
3728 2
3729 -47
3730 -60
3731 11
3732 -68
3733 -85
3734 44
3735 49
3736 30
3737 -53
3738 80
3739 3
3740 -72
3741 -73
3742 -4
3743 35
3744 -46
3745 35
3746 94
3747 -113
3748 8
3749 -49
3750 34
3751 39
3752 48
3753 -3
3754 32
3755 75
3756 -16
3757 43
3758 -38
3759 -35
3760 -22
3761 55
3762 82
3763 -7
3764 28
3765 -5
3766 -20
3767 43
3768 -20
3769 69
3770 70
3771 -107
3772 86
3773 99
3774 -10
3775 -57
3776 -60
3777 -1
3778 -28
3779 133
3780 2
3781 -29
3782 42
3783 107
3784 -2
3785 31
3786 106
3787 139
3788 -166
3789 119
3790 6
3791 83
3792 8
3793 -69
3794 -18
3795 -7
3796 4
3797 5
3798 62
3799 -71
3800 108
3801 13
3802 6
3803 -121
3804 30
3805 -29
3806 -60
3807 -43
3808 -24
3809 -53
3810 -52
3811 1
3812 64
3813 13
3814 4
3815 115
3816 -58
3817 -9
3818 -2
3819 -11
3820 -18
3821 57
3822 26
3823 43
3824 -56
3825 39
3826 102
3827 -1
3828 -14
3829 -25
3830 -10
3831 -19
3832 32
3833 19
3834 -172
3835 25
3836 14
3837 -15
3838 -62
3839 41
3840 68
3841 95
3842 -28
3843 -23
3844 -14
3845 9
3846 -6
3847 -61
3848 -100
3849 5
3850 30
3851 -55
3852 122
3853 23
3854 -114
3855 -95
3856 -34
3857 -83
3858 -180
3859 -7
3860 -28
3861 -5
3862 -38
3863 -87
3864 72
3865 -129
3866 -86
3867 -115
3868 60
3869 1
3870 82
3871 49
3872 -78
3873 -47
3874 -84
3875 -77
3876 124
3877 21
3878 14
3879 -113
3880 -16
3881 39
3882 -90
3883 27
3884 -96
3885 97
3886 -122
3887 -67
3888 60
3889 -55
3890 44
3891 -59
3892 86
3893 -81
3894 30
3895 -25
3896 60
3897 75
3898 -42
3899 -13
3900 20
3901 -35
3902 -88
3903 41
3904 4
3905 -69
3906 68
3907 -15
3908 -64
3909 57
3910 -26
3911 39
3912 -22
3913 73
3914 -108
3915 21
3916 62
3917 -47
3918 10
3919 29
3920 -70
3921 -129
3922 22
3923 -25
3924 8
3925 33
3926 34
3927 -13
3928 4
3929 -5
3930 52
3931 11
3932 -50
3933 67
3934 54
3935 -57
3936 -26
3937 -61
3938 48
3939 101
3940 -48
3941 -35
3942 34
3943 117
3944 -110
3945 -93
3946 6
3947 -115
3948 220
3949 -39
3950 130
3951 -51
3952 62
3953 55
3954 38
3955 -43
3956 -120
3957 -15
3958 -10
3959 -43
3960 40
3961 47
3962 88
3963 -69
3964 18
3965 -29
3966 26
3967 -15
3968 -64
3969 -51
3970 34
3971 35
3972 -10
3973 -29
3974 -96
3975 -49
3976 -14
3977 41
3978 66
3979 -47
3980 -26
3981 -27
3982 -34
3983 77
3984 40
3985 -15
3986 -6
3987 -27
3988 -26
3989 -31
3990 -20
3991 -3
3992 -74
3993 -51
3994 98
3995 15
3996 20
3997 1
3998 112
3999 109
4000 -48
4001 33
4002 -34
4003 23
4004 -32
4005 -71
4006 68
4007 49
4008 -44
4009 -57
4010 42
4011 69
4012 92
4013 143
4014 92
4015 9
4016 -4
4017 29
4018 4
4019 -101
4020 20
4021 -5
4022 -62
4023 -31
4024 52
4025 -17
4026 112
4027 -57
4028 42
4029 83
4030 -88
4031 69
4032 66
4033 -49
4034 -18
4035 -23
4036 90
4037 -39
4038 8
4039 -75
4040 32
4041 -69
4042 32
4043 21
4044 34
4045 51
4046 -94
4047 135
4048 10
4049 21
4050 2
4051 -11
4052 42
4053 23
4054 -26
4055 19
4056 -14
4057 -55
4058 6
4059 -25
4060 10
4061 31
4062 -44
4063 47
4064 -72
4065 -43
4066 24
4067 -87
4068 108
4069 115
4070 -6
4071 -3
4072 12
4073 -37
4074 78
4075 3
4076 -90
4077 33
4078 -10
4079 -53
4080 16
4081 61
4082 -22
4083 23
4084 -92
4085 -53
4086 -30
4087 -79
4088 -136
4089 55
4090 -52
4091 51
4092 -4
4093 -65
4094 -6
4095 1
4096 -74
4097 99
4098 4
4099 105
4100 82
4101 45
4102 -80
4103 -31
4104 -48
4105 -19
4106 84
4107 -29
4108 -28
4109 -19
4110 -8
4111 91
4112 -34
4113 57
4114 -98
4115 43
4116 96
4117 73
4118 -62
4119 3
4120 110
4121 25
4122 -122
4123 25
4124 -80
4125 21
4126 -20
4127 -39
4128 116
4129 17
4130 180
4131 -17
4132 34
4133 -83
4134 50
4135 -31
4136 -16
4137 45
4138 -54
4139 -19
4140 78
4141 -25
4142 52
4143 -3
4144 -62
4145 -15
4146 -140
4147 11
4148 -68
4149 101
4150 -116
4151 23
4152 30
4153 35
4154 -48
4155 59
4156 28
4157 49
4158 88
4159 23
4160 -60
4161 71
4162 2
4163 15
4164 -30
4165 51
4166 -122
4167 -29
4168 -70
4169 105
4170 88
4171 -81
4172 4
4173 43
4174 -46
4175 29
4176 54
4177 -41
4178 48
4179 -119
4180 44
4181 -35
4182 32
4183 23
4184 110
4185 29
4186 52
4187 63
4188 -34
4189 69
4190 -74
4191 -119
4192 2
4193 -117
4194 -18
4195 35
4196 72
4197 39
4198 -14
4199 -115
4200 26
4201 -43
4202 2
4203 -55
4204 32
4205 -45
4206 -52
4207 -103
4208 -84
4209 33
4210 -36
4211 -81
4212 -88
4213 -73
4214 -6
4215 3
4216 -64
4217 1
4218 10
4219 19
4220 110
4221 25
4222 100
4223 -13
4224 -134
4225 75
4226 -6
4227 19
4228 -18
4229 13
4230 106
4231 53
4232 -32
4233 1
4234 -38
4235 115
4236 36
4237 21
4238 -32
4239 -41
4240 -22
4241 -19
4242 -44
4243 -89
4244 46
4245 17
4246 6
4247 -25
4248 56
4249 -53
4250 14
4251 -187
4252 6
4253 -69
4254 -134
4255 -29
4256 -104
4257 3
4258 -4
4259 -29
4260 36
4261 45
4262 -58
4263 61
4264 4
4265 -79
4266 -14
4267 15
4268 -4
4269 7
4270 -30
4271 21
4272 -40
4273 -49
4274 128
4275 -79
4276 -24
4277 -171
4278 -84
4279 89
4280 -38
4281 13
4282 -16
4283 -37
4284 -148
4285 63
4286 96
4287 47
4288 -48
4289 -31
4290 74
4291 -35
4292 22
4293 73
4294 28
4295 1
4296 78
4297 127
4298 -18
4299 137
4300 -58
4301 -167
4302 -54
4303 31
4304 -38
4305 -33
4306 -122
4307 135
4308 -52
4309 -111
4310 -152
4311 -107
4312 -38
4313 19
4314 -12
4315 45
4316 100
4317 -43
4318 56
4319 -25
4320 -52
4321 -49
4322 154
4323 -7
4324 14
4325 13
4326 -26
4327 -69
4328 -18
4329 -15
4330 -60
4331 81
4332 76
4333 -13
4334 -60
4335 -101
4336 -70
4337 35
4338 -26
4339 -103
4340 130
4341 1
4342 6
4343 49
4344 -84
4345 -3
4346 28
4347 -9
4348 8
4349 -21
4350 -88
4351 -15
4352 24
4353 -31
4354 -38
4355 -139
4356 -116
4357 -35
4358 -80
4359 45
4360 -62
4361 -11
4362 -34
4363 -19
4364 -182
4365 -67
4366 -82
4367 -39
4368 -98
4369 129
4370 -110
4371 -55
4372 74
4373 -83
4374 -80
4375 -55
4376 -2
4377 35
4378 118
4379 113
4380 24
4381 -81
4382 -72
4383 171
4384 54
4385 35
4386 -2
4387 85
4388 -26
4389 15
4390 -2
4391 -11
4392 82
4393 47
4394 116
4395 11
4396 -44
4397 -59
4398 -114
4399 -99
4400 -28
4401 113
4402 16
4403 -63
4404 14
4405 17
4406 -52
4407 55
4408 38
4409 105
4410 92
4411 -83
4412 96
4413 25
4414 66
4415 -27
4416 -16
4417 -7
4418 62
4419 29
4420 22
4421 111
4422 56
4423 -133
4424 10
4425 -39
4426 -120
4427 -87
4428 -20
4429 5
4430 -16
4431 49
4432 0
4433 -95
4434 -62
4435 19
4436 98
4437 -19
4438 28
4439 -5
4440 -42
4441 -9
4442 -160
4443 -61
4444 -12
4445 -83
4446 44
4447 31
4448 32
4449 137
4450 -76
4451 83
4452 -28
4453 -51
4454 -76
4455 -83
4456 40
4457 -53
4458 32
4459 59
4460 6
4461 1
4462 -72
4463 109
4464 26
4465 59
4466 10
4467 -85
4468 -12
4469 1
4470 56
4471 105
4472 32
4473 -17
4474 -20
4475 79
4476 62
4477 -67
4478 88
4479 45
4480 -92
4481 73
4482 62
4483 33
4484 -52
4485 35
4486 -32
4487 85
4488 -8
4489 -45
4490 86
4491 -131
4492 70
4493 -81
4494 -116
4495 55
4496 -2
4497 -131
4498 46
4499 113
4500 -30
4501 -103
4502 150
4503 27
4504 -94
4505 119
4506 44
4507 -19
4508 90
4509 -45
4510 106
4511 9
4512 26
4513 45
4514 26
4515 -43
4516 -42
4517 -19
4518 -104
4519 101
4520 -110
4521 -25
4522 24
4523 -11
4524 64
4525 -63
4526 78
4527 17
4528 -54
4529 -61
4530 -116
4531 -13
4532 -128
4533 39
4534 -72
4535 -9
4536 96
4537 19
4538 -24
4539 -119
4540 36
4541 37
4542 -74
4543 -67
4544 80
4545 -7
4546 24
4547 11
4548 -14
4549 27
4550 -16
4551 49
4552 -60
4553 23
4554 90
4555 29
4556 8
4557 -9
4558 -86
4559 97
4560 12
4561 23
4562 4
4563 59
4564 104
4565 -39
4566 -56
4567 13
4568 4
4569 3
4570 -86
4571 31
4572 54
4573 5
4574 -40
4575 83
4576 -50
4577 5
4578 -158
4579 5
4580 -40
4581 -113
4582 74
4583 59
4584 -36
4585 -35
4586 -52
4587 -5
4588 -90
4589 89
4590 74
4591 -23
4592 30
4593 -15
4594 62
4595 -13
4596 18
4597 -33
4598 -48
4599 -61
4600 92
4601 97
4602 -40
4603 -3
4604 -46
4605 43
4606 46
4607 -3
4608 -22
4609 83
4610 -10
4611 -105
4612 50
4613 -65
4614 8
4615 -21
4616 58
4617 87
4618 -28
4619 43
4620 2
4621 107
4622 130
4623 31
4624 38
4625 -47
4626 -158
4627 -81
4628 104
4629 5
4630 50
4631 33
4632 -30
4633 -73
4634 -104
4635 23
4636 -88
4637 -1
4638 -20
4639 91
4640 64
4641 17
4642 4
4643 65
4644 42
4645 63
4646 26
4647 -35
4648 -86
4649 -57
4650 -162
4651 -45
4652 60
4653 -97
4654 42
4655 29
4656 14
4657 3
4658 34
4659 53
4660 8
4661 -117
4662 -34
4663 -113
4664 -32
4665 29
4666 4
4667 -19
4668 124
4669 31
4670 -8
4671 -73
4672 -52
4673 165
4674 14
4675 -143
4676 66
4677 -17
4678 30
4679 -41
4680 -20
4681 -77
4682 -46
4683 -21
4684 -18
4685 47
4686 32
4687 -95
4688 106
4689 75
4690 10
4691 57
4692 8
4693 -91
4694 94
4695 33
4696 -34
4697 -27
4698 -2
4699 -39
4700 -60
4701 83
4702 94
4703 -81
4704 6
4705 -33
4706 -2
4707 77
4708 -64
4709 -21
4710 -46
4711 17
4712 -32
4713 -9
4714 66
4715 -85
4716 -40
4717 -75
4718 60
4719 11
4720 4
4721 15
4722 -36
4723 95
4724 -54
4725 -43
4726 88
4727 -103
4728 32
4729 -129
4730 70
4731 37
4732 28
4733 -31
4734 64
4735 17
4736 88
4737 111
4738 -2
4739 -69
4740 -58
4741 49
4742 -30
4743 69
4744 -44
4745 31
4746 14
4747 93
4748 -92
4749 -9
4750 -120
4751 49
4752 -200
4753 125
4754 -108
4755 -139
4756 68
4757 59
4758 50
4759 -43
4760 -20
4761 -29
4762 28
4763 -5
4764 62
4765 69
4766 -8
4767 3
4768 -34
4769 -79
4770 52
4771 3
4772 58
4773 -67
4774 -26
4775 -123
4776 34
4777 -19
4778 -102
4779 119
4780 32
4781 7
4782 -66
4783 -33
4784 8
4785 3
4786 -28
4787 -3
4788 36
4789 69
4790 -100
4791 3
4792 48
4793 19
4794 10
4795 -147
4796 -4
4797 143
4798 68
4799 -75
4800 12
4801 77
4802 72
4803 -225
4804 -6
4805 -3
4806 2
4807 -29
4808 126
4809 -81
4810 4
4811 51
4812 -72
4813 -47
4814 -108
4815 -19
4816 46
4817 17
4818 70
4819 -55
4820 38
4821 75
4822 32
4823 -29
4824 48
4825 -33
4826 66
4827 29
4828 -26
4829 11
4830 2
4831 17
4832 40
4833 75
4834 -16
4835 25
4836 86
4837 -55
4838 -54
4839 -13
4840 -64
4841 -33
4842 82
4843 -3
4844 18
4845 149
4846 42
4847 39
4848 -20
4849 1
4850 -2
4851 -25
4852 -18
4853 57
4854 98
4855 -41
4856 0
4857 27
4858 -104
4859 -63
4860 4
4861 77
4862 -54
4863 9
4864 -64
4865 -49
4866 -44
4867 43
4868 20
4869 19
4870 -34
4871 -97
4872 -106
4873 33
4874 -2
4875 97
4876 2
4877 -37
4878 94
4879 51
4880 16
4881 139
4882 -18
4883 53
4884 6
4885 85
4886 6
4887 5
4888 60
4889 -11
4890 74
4891 -3
4892 -56
4893 -125
4894 66
4895 -45
4896 82
4897 171
4898 30
4899 -53
4900 66
4901 9
4902 8
4903 153
4904 50
4905 5
4906 -42
4907 75
4908 30
4909 13
4910 -10
4911 11
4912 0
4913 -75
4914 50
4915 -93
4916 -30
4917 -7
4918 -130
4919 41
4920 -36
4921 89
4922 46
4923 -55
4924 -54
4925 49
4926 -42
4927 133
4928 -36
4929 -69
4930 -26
4931 49
4932 -144
4933 -35
4934 206
4935 13
4936 174
4937 -93
4938 14
4939 63
4940 54
4941 25
4942 8
4943 -65
4944 -22
4945 71
4946 28
4947 101
4948 -46
4949 11
4950 56
4951 -43
4952 -18
4953 -67
4954 146
4955 -71
4956 -4
4957 -11
4958 0
4959 -37
4960 74
4961 59
4962 -162
4963 31
4964 -20
4965 81
4966 -88
4967 11
4968 6
4969 -75
4970 -84
4971 23
4972 62
4973 87
4974 28
4975 49
4976 42
4977 29
4978 122
4979 -53
4980 142
4981 -67
4982 108
4983 -15
4984 34
4985 -83
4986 56
4987 55
4988 -144
4989 -103
4990 -60
4991 43
4992 -14
4993 -23
4994 140
4995 -11
4996 -28
4997 19
4998 -8
4999 -103
5000 -102
5001 -3
5002 -84
5003 35
5004 78
5005 19
5006 102
5007 37
5008 -6
5009 29
5010 4
5011 7
5012 20
5013 93
5014 -8
5015 63
5016 2
5017 -57
5018 -14
5019 -19
5020 20
5021 65
5022 -82
5023 -95
5024 26
5025 -17
5026 66
5027 97
5028 34
5029 23
5030 72
5031 -67
5032 32
5033 25
5034 64
5035 -29
5036 0
5037 -71
5038 -98
5039 -71
5040 -174
5041 -51
5042 -20
5043 15
5044 38
5045 -69
5046 36
5047 -93
5048 78
5049 -49
5050 -24
5051 -37
5052 8
5053 31
5054 -68
5055 15
5056 56
5057 -131
5058 -24
5059 -87
5060 84
5061 63
5062 -94
5063 -69
5064 -94
5065 13
5066 14
5067 -19
5068 80
5069 15
5070 28
5071 -59
5072 68
5073 -27
5074 -108
5075 -17
5076 44
5077 -203
5078 -24
5079 -17
5080 -102
5081 53
5082 -110
5083 -7
5084 142
5085 -19
5086 52
5087 21
5088 12
5089 5
5090 -36
5091 23
5092 -114
5093 135
5094 104
5095 71
5096 36
5097 -59
5098 -98
5099 103
5100 36
5101 39
5102 58
5103 19
5104 54
5105 -13
5106 34
5107 89
5108 -20
5109 -13
5110 102
5111 -25
5112 -14
5113 81
5114 18
5115 107
5116 -6
5117 11
5118 10
5119 -93
5120 -30
5121 -29
5122 40
5123 -107
5124 -16
5125 7
5126 -6
5127 -119
5128 136
5129 89
5130 2
5131 11
5132 -26
5133 75
5134 -128
5135 155
5136 108
5137 21
5138 14
5139 63
5140 -18
5141 -53
5142 -64
5143 49
5144 4
5145 3
5146 -54
5147 13
5148 78
5149 -105
5150 -36
5151 111
5152 42
5153 -9
5154 -4
5155 -3
5156 12
5157 -187
5158 6
5159 -21
5160 48
5161 -79
5162 -112
5163 -13
5164 40
5165 -95
5166 -64
5167 -107
5168 -36
5169 19
5170 88
5171 -71
5172 16
5173 -97
5174 -42
5175 -11
5176 -78
5177 -7
5178 104
5179 13
5180 66
5181 -21
5182 -16
5183 9
5184 -14
5185 13
5186 30
5187 3
5188 -58
5189 -33
5190 -120
5191 55
5192 -36
5193 11
5194 -34
5195 -69
5196 -8
5197 63
5198 84
5199 -73
5200 -98
5201 -25
5202 48
5203 9
5204 -22
5205 9
5206 -18
5207 35
5208 -82
5209 -35
5210 24
5211 29
5212 -48
5213 107
5214 -30
5215 -129
5216 240
5217 -55
5218 -48
5219 -19
5220 18
5221 43
5222 102
5223 -5
5224 56
5225 59
5226 -82
5227 93
5228 -20
5229 -7
5230 -68
5231 -137
5232 -78
5233 99
5234 -80
5235 49
5236 -22
5237 37
5238 -18
5239 57
5240 76
5241 39
5242 -122
5243 1
5244 -20
5245 35
5246 -72
5247 -147
5248 -90
5249 41
5250 46
5251 71
5252 -92
5253 53
5254 -36
5255 -111
5256 -66
5257 -95
5258 20
5259 79
5260 10
5261 -109
5262 -62
5263 -39
5264 -122
5265 5
5266 12
5267 -33
5268 64
5269 -121
5270 28
5271 -31
5272 -18
5273 69
5274 46
5275 63
5276 4
5277 63
5278 154
5279 -27
5280 -44
5281 -3
5282 106
5283 45
5284 -4
5285 -149
5286 -54
5287 -117
5288 -66
5289 -119
5290 -104
5291 115
5292 -4
5293 -85
5294 96
5295 -13
5296 -6
5297 39
5298 16
5299 49
5300 16
5301 -129
5302 70
5303 15
5304 -144
5305 29
5306 56
5307 45
5308 8
5309 39
5310 78
5311 -29
5312 10
5313 -129
5314 -28
5315 29
5316 -24
5317 61
5318 -8
5319 -55
5320 -32
5321 49
5322 -84
5323 21
5324 166
5325 59
5326 -4
5327 7
5328 -76
5329 -63
5330 -54
5331 83
5332 50
5333 -63
5334 -182
5335 -77
5336 -68
5337 -5
5338 100
5339 -119
5340 -26
5341 89
5342 140
5343 3
5344 20
5345 13
5346 -24
5347 199
5348 28
5349 13
5350 -44
5351 77
5352 40
5353 9
5354 -6
5355 -41
5356 174
5357 7
5358 70
5359 -11
5360 -36
5361 -47
5362 106
5363 -165
5364 -98
5365 97
5366 -42
5367 -109
5368 126
5369 25
5370 88
5371 37
5372 -14
5373 -29
5374 -120
5375 -55
5376 178
5377 49
5378 -132
5379 -39
5380 -128
5381 231
5382 -146
5383 -19
5384 36
5385 77
5386 -24
5387 -133
5388 -108
5389 41
5390 30
5391 -61
5392 22
5393 15
5394 -28
5395 103
5396 -96
5397 45
5398 -92
5399 27
5400 74
5401 21
5402 -60
5403 61
5404 -58
5405 -3
5406 -124
5407 19
5408 58
5409 -11
5410 -24
5411 41
5412 82
5413 -47
5414 86
5415 -61
5416 94
5417 -103
5418 -4
5419 -41
5420 -80
5421 43
5422 42
5423 -23
5424 2
5425 -55
5426 78
5427 -131
5428 20
5429 95
5430 -80
5431 -55
5432 -202
5433 -11
5434 52
5435 -51
5436 78
5437 -119
5438 58
5439 -63
5440 26
5441 -97
5442 -16
5443 -75
5444 40
5445 -1
5446 -4
5447 83
5448 -16
5449 -73
5450 144
5451 -29
5452 -102
5453 7
5454 -24
5455 59
5456 -46
5457 37
5458 162
5459 -19
5460 -68
5461 -55
5462 -154
5463 159
5464 -90
5465 -97
5466 56
5467 -109
5468 74
5469 15
5470 2
5471 9
5472 96
5473 -31
5474 -76
5475 -41
5476 -18
5477 21
5478 46
5479 3
5480 -30
5481 -123
5482 -36
5483 135
5484 -46
5485 27
5486 58
5487 -11
5488 -30
5489 -63
5490 -136
5491 85
5492 -42
5493 19
5494 66
5495 -207
5496 -50
5497 13
5498 -166
5499 -97
5500 72
5501 99
5502 -88
5503 -43
5504 38
5505 -101
5506 40
5507 -65
5508 12
5509 -65
5510 -124
5511 113
5512 50
5513 111
5514 104
5515 -23
5516 -16
5517 77
5518 62
5519 -21
5520 6
5521 35
5522 -24
5523 59
5524 20
5525 39
5526 160
5527 -43
5528 72
5529 5
5530 -60
5531 -69
5532 14
5533 -63
5534 140
5535 97
5536 80
5537 31
5538 22
5539 -31
5540 18
5541 -17
5542 30
5543 -39
5544 56
5545 9
5546 166
5547 -71
5548 -60
5549 29
5550 -40
5551 -87
5552 102
5553 25
5554 56
5555 -21
5556 12
5557 99
5558 -86
5559 69
5560 -74
5561 -47
5562 -58
5563 -35
5564 -84
5565 99
5566 70
5567 49
5568 -102
5569 139
5570 -4
5571 9
5572 14
5573 71
5574 -98
5575 -51
5576 -20
5577 19
5578 68
5579 -43
5580 186
5581 25
5582 40
5583 -7
5584 92
5585 39
5586 70
5587 -1
5588 84
5589 -43
5590 22
5591 9
5592 144
5593 -21
5594 -46
5595 -29
5596 84
5597 127
5598 6
5599 -103
5600 20
5601 -61
5602 -52
5603 -97
5604 -36
5605 63
5606 88
5607 7
5608 -32
5609 5
5610 66
5611 -37
5612 52
5613 89
5614 54
5615 123
5616 12
5617 -149
5618 -82
5619 -15
5620 114
5621 13
5622 -18
5623 17
5624 -4
5625 -101
5626 -140
5627 -37
5628 22
5629 25
5630 -152
5631 -31
5632 4
5633 13
5634 -56
5635 -5
5636 114
5637 -17
5638 2
5639 -53
5640 66
5641 -95
5642 36
5643 37
5644 8
5645 23
5646 -18
5647 39
5648 32
5649 107
5650 8
5651 91
5652 -24
5653 99
5654 26
5655 -247
5656 84
5657 -81
5658 230
5659 -47
5660 -84
5661 43
5662 -120
5663 67
5664 -66
5665 17
5666 -42
5667 -87
5668 -112
5669 31
5670 -106
5671 15
5672 -34
5673 -89
5674 -64
5675 89
5676 -14
5677 -195
5678 14
5679 -15
5680 108
5681 155
5682 100
5683 -71
5684 146
5685 45
5686 -8
5687 163
5688 -60
5689 27
5690 -52
5691 -31
5692 -14
5693 -79
5694 -100
5695 -101
5696 -214
5697 -57
5698 -12
5699 53
5700 -48
5701 3
5702 20
5703 83
5704 92
5705 -45
5706 90
5707 83
5708 10
5709 -85
5710 208
5711 -43
5712 -2
5713 -63
5714 -104
5715 19
5716 60
5717 -107
5718 48
5719 -65
5720 -108
5721 9
5722 -24
5723 -13
5724 -4
5725 -25
5726 6
5727 71
5728 -78
5729 13
5730 -8
5731 7
5732 2
5733 -49
5734 54
5735 -83
5736 -66
5737 41
5738 -64
5739 -85
5740 50
5741 -85
5742 68
5743 -117
5744 6
5745 -17
5746 -90
5747 133
5748 26
5749 25
5750 34
5751 -97
5752 42
5753 57
5754 270
5755 3
5756 -98
5757 -37
5758 36
5759 -45
5760 -50
5761 77
5762 2
5763 19
5764 -4
5765 45
5766 68
5767 -7
5768 -114
5769 -9
5770 -114
5771 19
5772 -68
5773 35
5774 196
5775 -17
5776 -62
5777 -29
5778 -72
5779 -115
5780 -8
5781 -29
5782 -148
5783 -63
5784 138
5785 -71
5786 26
5787 -65
5788 114
5789 41
5790 -26
5791 -95
5792 12
5793 19
5794 30
5795 -73
5796 34
5797 -83
5798 86
5799 181
5800 102
5801 -27
5802 104
5803 -5
5804 -58
5805 13
5806 110
5807 27
5808 -116
5809 67
5810 -84
5811 -97
5812 32
5813 31
5814 -82
5815 -47
5816 -38
5817 -41
5818 36
5819 -1
5820 -68
5821 71
5822 -64
5823 -21
5824 76
5825 53
5826 -4
5827 29
5828 6
5829 -33
5830 10
5831 -5
5832 -88
5833 -35
5834 -86
5835 63
5836 0
5837 35
5838 0
5839 43
5840 -52
5841 -59
5842 90
5843 -3
5844 -44
5845 -43
5846 48
5847 3
5848 -32
5849 5
5850 -4
5851 3
5852 -16
5853 121
5854 46
5855 33
5856 -92
5857 97
5858 56
5859 -5
5860 28
5861 -5
5862 -8
5863 -97
5864 150
5865 -5
5866 -160
5867 63
5868 -108
5869 21
5870 -78
5871 209
5872 56
5873 -171
5874 24
5875 129
5876 -68
5877 -53
5878 -90
5879 23
5880 8
5881 -19
5882 122
5883 113
5884 124
5885 -119
5886 192
5887 -75
5888 -56
5889 41
5890 -26
5891 131
5892 -52
5893 -41
5894 -32
5895 117
5896 -88
5897 -59
5898 6
5899 -23
5900 -74
5901 -157
5902 134
5903 89
5904 -66
5905 -139
5906 -24
5907 15
5908 26
5909 -3
5910 14
5911 61
5912 -2
5913 23
5914 6
5915 125
5916 -78
5917 47
5918 4
5919 107
5920 58
5921 75
5922 4
5923 -9
5924 -48
5925 63
5926 88
5927 23
5928 18
5929 -71
5930 216
5931 -49
5932 76
5933 -13
5934 -6
5935 -9
5936 -10
5937 -153
5938 66
5939 7
5940 10
5941 -25
5942 4
5943 35
5944 -34
5945 5
5946 -28
5947 97
5948 8
5949 57
5950 66
5951 87
5952 -138
5953 129
5954 -24
5955 27
5956 -14
5957 -147
5958 10
5959 -15
5960 -54
5961 165
5962 -68
5963 83
5964 8
5965 97
5966 -146
5967 73
5968 -12
5969 107
5970 -48
5971 -39
5972 -134
5973 -33
5974 22
5975 -31
5976 -6
5977 3
5978 42
5979 -55
5980 74
5981 -27
5982 2
5983 -7
5984 -62
5985 29
5986 -30
5987 59
5988 64
5989 5
5990 -90
5991 85
5992 -54
5993 31
5994 178
5995 25
5996 60
5997 -65
5998 22
5999 33
6000 20
6001 31
6002 -106
6003 11
6004 84
6005 -89
6006 174
6007 -67
6008 44
6009 37
6010 40
6011 -185
6012 -10
6013 -7
6014 52
6015 5
6016 34
6017 53
6018 -38
6019 -55
6020 12
6021 -233
6022 56
6023 55
6024 -44
6025 57
6026 -58
6027 -77
6028 -36
6029 -3
6030 20
6031 -103
6032 10
6033 45
6034 4
6035 123
6036 -132
6037 -169
6038 104
6039 87
6040 22
6041 57
6042 120
6043 -11
6044 18
6045 -17
6046 -28
6047 9
6048 -100
6049 -9
6050 -44
6051 -9
6052 8
6053 -113
6054 -112
6055 -49
6056 -30
6057 3
6058 -68
6059 -23
6060 116
6061 -49
6062 96
6063 -45
6064 -16
6065 81
6066 96
6067 11
6068 44
6069 161
6070 -26
6071 23
6072 70
6073 3
6074 94
6075 -37
6076 -100
6077 35
6078 84
6079 -131
6080 144
6081 -67
6082 102
6083 -241
6084 -24
6085 -33
6086 12
6087 -37
6088 -62
6089 93
6090 30
6091 33
6092 22
6093 135
6094 20
6095 41
6096 96
6097 121
6098 62
6099 -37
6100 -176
6101 -121
6102 12
6103 -45
6104 -158
6105 -65
6106 16
6107 -21
6108 -36
6109 -3
6110 -82
6111 -21
6112 36
6113 -29
6114 -14
6115 -55
6116 -54
6117 -137
6118 -176
6119 69
6120 44
6121 -55
6122 -26
6123 -77
6124 -32
6125 -45
6126 38
6127 13
6128 6
6129 149
6130 -62
6131 -87
6132 -6
6133 -71
6134 -140
6135 3
6136 68
6137 -109
6138 -24
6139 75
6140 -72
6141 -45
6142 -124
6143 79
6144 -36
6145 121
6146 -44
6147 19
6148 -112
6149 59
6150 68
6151 -89
6152 -2
6153 -33
6154 46
6155 61
6156 70
6157 5
6158 -36
6159 87
6160 98
6161 -39
6162 -54
6163 101
6164 -52
6165 7
6166 52
6167 21
6168 32
6169 109
6170 68
6171 69
6172 226
6173 -77
6174 -6
6175 -107
6176 60
6177 11
6178 -12
6179 -77
6180 2
6181 -87
6182 -34
6183 53
6184 24
6185 13
6186 -16
6187 -25
6188 -84
6189 89
6190 120
6191 17
6192 52
6193 157
6194 -94
6195 83
6196 16
6197 133
6198 68
6199 -49
6200 2
6201 -25
6202 176
6203 103
6204 30
6205 -129
6206 -32
6207 -209
6208 36
6209 -33
6210 34
6211 -39
6212 -122
6213 9
6214 14
6215 19
6216 58
6217 143
6218 46
6219 -23
6220 -22
6221 -91
6222 -96
6223 83
6224 52
6225 7
6226 48
6227 -113
6228 -62
6229 173
6230 -12
6231 -27
6232 18
6233 -9
6234 138
6235 -37
6236 12
6237 59
6238 106
6239 27
6240 -52
6241 -123
6242 108
6243 -17
6244 118
6245 75
6246 -52
6247 41
6248 -118
6249 25
6250 64
6251 29
6252 -98
6253 -93
6254 -100
6255 -101
6256 76
6257 -13
6258 -4
6259 -33
6260 -82
6261 -33
6262 -124
6263 -23
6264 78
6265 -73
6266 84
6267 29
6268 28
6269 75
6270 -60
6271 59
6272 -68
6273 145
6274 -90
6275 53
6276 4
6277 -41
6278 96
6279 -151
6280 -150
6281 11
6282 2
6283 59
6284 -16
6285 41
6286 -48
6287 31
6288 42
6289 15
6290 -88
6291 -133
6292 208
6293 -69
6294 -30
6295 -7
6296 72
6297 23
6298 112
6299 -205
6300 16
6301 -89
6302 10
6303 -39
6304 8
6305 -45
6306 -68
6307 11
6308 186
6309 -121
6310 100
6311 65
6312 -76
6313 -21
6314 -42
6315 71
6316 8
6317 79
6318 22
6319 5
6320 -4
6321 -57
6322 36
6323 -33
6324 64
6325 -93
6326 124
6327 31
6328 54
6329 43
6330 -28
6331 109
6332 28
6333 69
6334 34
6335 51
6336 36
6337 -101
6338 -18
6339 31
6340 -56
6341 87
6342 0
6343 59
6344 -108
6345 -141
6346 -36
6347 -3
6348 18
6349 -17
6350 -76
6351 -197
6352 4
6353 49
6354 20
6355 -99
6356 150
6357 121
6358 -138
6359 63
6360 62
6361 -81
6362 -38
6363 127
6364 92
6365 -47
6366 -88
6367 7
6368 38
6369 207
6370 -18
6371 -19
6372 82
6373 -111
6374 -46
6375 109
6376 -30
6377 -29
6378 118
6379 -79
6380 -24
6381 -81
6382 70
6383 31
6384 58
6385 75
6386 -74
6387 -29
6388 -28
6389 -165
6390 -48
6391 27
6392 90
6393 -55
6394 -44
6395 -187
6396 94
6397 -47
6398 132
6399 19
6400 -46
6401 63
6402 32
6403 -21
6404 -144
6405 51
6406 72
6407 -89
6408 -44
6409 41
6410 8
6411 -133
6412 60
6413 -87
6414 -58
6415 37
6416 34
6417 -135
6418 50
6419 21
6420 42
6421 43
6422 28
6423 31
6424 -28
6425 37
6426 154
6427 -41
6428 100
6429 -87
6430 34
6431 -131
6432 -36
6433 41
6434 50
6435 -109
6436 66
6437 -141
6438 60
6439 9
6440 88
6441 13
6442 70
6443 -15
6444 96
6445 7
6446 46
6447 95
6448 -158
6449 167
6450 12
6451 -51
6452 -90
6453 -37
6454 -6
6455 87
6456 20
6457 -111
6458 -60
6459 -65
6460 34
6461 17
6462 -188
6463 -47
6464 14
6465 -61
6466 24
6467 -29
6468 38
6469 -15
6470 -124
6471 -185
6472 -88
6473 9
6474 -50
6475 183
6476 22
6477 -21
6478 -34
6479 -5
6480 40
6481 45
6482 -30
6483 -37
6484 -22
6485 -57
6486 -26
6487 77
6488 -76
6489 -7
6490 20
6491 -27
6492 -34
6493 -23
6494 -32
6495 115
6496 -150
6497 191
6498 32
6499 45
6500 62
6501 -111
6502 -4
6503 -89
6504 52
6505 -41
6506 142
6507 -7
6508 -12
6509 -51
6510 36
6511 17
6512 46
6513 -97
6514 36
6515 65
6516 -26
6517 93
6518 6
6519 -79
6520 -88
6521 -27
6522 36
6523 51
6524 -108
6525 -137
6526 40
6527 11
6528 162
6529 -71
6530 42
6531 31
6532 8
6533 -81
6534 100
6535 47
6536 -56
6537 -91
6538 -144
6539 105
6540 -2
6541 -35
6542 164
6543 3
6544 72
6545 5
6546 86
6547 19
6548 -46
6549 -175
6550 -60
6551 -39
6552 -8
6553 139
6554 92
6555 11
6556 8
6557 79
6558 140
6559 -51
6560 -12
6561 -17
6562 94
6563 -79
6564 12
6565 51
6566 -94
6567 87
6568 -6
6569 -87
6570 -58
6571 197
6572 -48
6573 107
6574 108
6575 127
6576 188
6577 -103
6578 -16
6579 -27
6580 -30
6581 -123
6582 4
6583 -31
6584 38
6585 -13
6586 38
6587 19
6588 16
6589 -149
6590 -10
6591 -113
6592 174
6593 -101
6594 82
6595 -61
6596 106
6597 33
6598 -24
6599 -23
6600 192
6601 -1
6602 -122
6603 -63
6604 -90
6605 -145
6606 -6
6607 -71
6608 78
6609 -9
6610 -44
6611 -87
6612 46
6613 -225
6614 46
6615 21
6616 136
6617 163
6618 -84
6619 51
6620 -188
6621 49
6622 -90
6623 51
6624 -46
6625 81
6626 -40
6627 9
6628 30
6629 -53
6630 -166
6631 -37
6632 -42
6633 -31
6634 -4
6635 11
6636 -128
6637 -129
6638 -62
6639 55
6640 130
6641 -49
6642 -26
6643 -43
6644 50
6645 79
6646 62
6647 -31
6648 148
6649 -123
6650 30
6651 -117
6652 136
6653 -49
6654 130
6655 35
6656 -46
6657 83
6658 30
6659 -15
6660 6
6661 13
6662 44
6663 143
6664 176
6665 51
6666 106
6667 -93
6668 24
6669 -137
6670 14
6671 63
6672 -10
6673 95
6674 62
6675 117
6676 -40
6677 -55
6678 32
6679 -127
6680 -8
6681 -41
6682 46
6683 155
6684 184
6685 101
6686 -56
6687 -43
6688 -178
6689 -15
6690 62
6691 39
6692 34
6693 -33
6694 -108
6695 -143
6696 -144
6697 125
6698 -84
6699 -19
6700 148
6701 -35
6702 4
6703 -15
6704 26
6705 -31
6706 -100
6707 17
6708 -80
6709 -77
6710 18
6711 31
6712 164
6713 89
6714 -50
6715 89
6716 -154
6717 -71
6718 144
6719 81
6720 -24
6721 -99
6722 42
6723 -127
6724 -92
6725 107
6726 -64
6727 39
6728 -30
6729 -37
6730 -76
6731 177
6732 -80
6733 103
6734 -20
6735 41
6736 14
6737 -21
6738 -66
6739 123
6740 -64
6741 -125
6742 -54
6743 79
6744 -122
6745 19
6746 100
6747 75
6748 32
6749 -3
6750 86
6751 -15
6752 -98
6753 -199
6754 -120
6755 -3
6756 96
6757 -41
6758 -68
6759 123
6760 -142
6761 -119
6762 84
6763 111
6764 -136
6765 -187
6766 108
6767 81
6768 -46
6769 9
6770 84
6771 87
6772 42
6773 225
6774 80
6775 3
6776 -28
6777 53
6778 42
6779 -93
6780 6
6781 119
6782 94
6783 -5
6784 -16
6785 1
6786 116
6787 -111
6788 -44
6789 -3
6790 -22
6791 5
6792 -92
6793 19
6794 30
6795 -31
6796 -90
6797 -65
6798 106
6799 -33
6800 140
6801 75
6802 30
6803 87
6804 -146
6805 71
6806 88
6807 -113
6808 18
6809 91
6810 -44
6811 -91
6812 -24
6813 35
6814 4
6815 -19
6816 -66
6817 -131
6818 -14
6819 -199
6820 -2
6821 -115
6822 114
6823 27
6824 -70
6825 31
6826 -18
6827 -97
6828 90
6829 -19
6830 60
6831 47
6832 -42
6833 -113
6834 -178
6835 145
6836 -6
6837 -95
6838 -98
6839 -61
6840 112
6841 139
6842 -8
6843 19
6844 -62
6845 -117
6846 68
6847 -57
6848 -28
6849 -121
6850 -124
6851 -21
6852 76
6853 -29
6854 -42
6855 -117
6856 -156
6857 -95
6858 -88
6859 159
6860 -56
6861 47
6862 46
6863 21
6864 -68
6865 -15
6866 0
6867 83
6868 162
6869 -67
6870 -22
6871 -29
6872 -10
6873 -57
6874 -2
6875 -53
6876 18
6877 -13
6878 -156
6879 31
6880 68
6881 -27
6882 66
6883 -43
6884 -70
6885 53
6886 -116
6887 69
6888 12
6889 -141
6890 -124
6891 -71
6892 -104
6893 -161
6894 188
6895 -47
6896 -84
6897 159
6898 18
6899 -65
6900 54
6901 -33
6902 -134
6903 3
6904 -2
6905 -21
6906 32
6907 33
6908 8
6909 27
6910 94
6911 -31
6912 -2
6913 -7
6914 140
6915 -69
6916 -52
6917 107
6918 104
6919 89
6920 -66
6921 -137
6922 100
6923 -55
6924 -118
6925 27
6926 -32
6927 289
6928 28
6929 -99
6930 96
6931 69
6932 -64
6933 41
6934 -8
6935 11
6936 2
6937 -127
6938 160
6939 -63
6940 -14
6941 147
6942 -74
6943 101
6944 12
6945 109
6946 22
6947 -137
6948 130
6949 83
6950 36
6951 111
6952 -38
6953 -29
6954 -92
6955 81
6956 -156
6957 -99
6958 60
6959 141
6960 -36
6961 35
6962 66
6963 49
6964 -48
6965 101
6966 202
6967 -15
6968 94
6969 -9
6970 40
6971 91
6972 8
6973 -123
6974 8
6975 -61
6976 82
6977 -31
6978 -54
6979 13
6980 -28
6981 -107
6982 -128
6983 -71
6984 -158
6985 49
6986 142
6987 -65
6988 -92
6989 -15
6990 88
6991 89
6992 -60
6993 -99
6994 34
6995 7
6996 -50
6997 113
6998 -56
6999 69
7000 -92
7001 -109
7002 -20
7003 45
7004 -140
7005 -85
7006 -90
7007 75
7008 110
7009 -47
7010 -70
7011 -37
7012 24
7013 -99
7014 -66
7015 155
7016 64
7017 -71
7018 -132
7019 21
7020 0
7021 39
7022 60
7023 5
7024 18
7025 -5
7026 12
7027 -29
7028 150
7029 63
7030 16
7031 -43
7032 94
7033 -13
7034 -130
7035 -91
7036 158
7037 63
7038 18
7039 1
7040 26
7041 -137
7042 -166
7043 71
7044 -76
7045 27
7046 74
7047 29
7048 -18
7049 95
7050 4
7051 -111
7052 -72
7053 7
7054 30
7055 83
7056 16
7057 -159
7058 84
7059 49
7060 50
7061 -9
7062 48
7063 -15
7064 62
7065 43
7066 -58
7067 63
7068 -96
7069 -117
7070 -80
7071 67
7072 -10
7073 -25
7074 -60
7075 -63
7076 -74
7077 137
7078 -16
7079 99
7080 -82
7081 103
7082 -142
7083 -59
7084 86
7085 47
7086 8
7087 -89
7088 84
7089 -93
7090 -102
7091 -31
7092 12
7093 -73
7094 18
7095 59
7096 98
7097 57
7098 -234
7099 -77
7100 192
7101 -95
7102 -52
7103 29
7104 124
7105 51
7106 -20
7107 139
7108 64
7109 -111
7110 -80
7111 -73
7112 -48
7113 113
7114 -134
7115 47
7116 8
7117 19
7118 2
7119 -25
7120 -28
7121 145
7122 -20
7123 -19
7124 4
7125 -45
7126 -100
7127 -61
7128 -50
7129 -69
7130 -156
7131 127
7132 -138
7133 33
7134 -76
7135 -107
7136 90
7137 -65
7138 72
7139 -157
7140 -80
7141 -115
7142 -48
7143 -41
7144 -102
7145 -63
7146 -206
7147 -55
7148 76
7149 3
7150 26
7151 71
7152 14
7153 157
7154 -44
7155 -57
7156 -106
7157 59
7158 176
7159 97
7160 44
7161 121
7162 -8
7163 63
7164 -2
7165 95
7166 -66
7167 -21
7168 -44
7169 -23
7170 12
7171 -85
7172 44
7173 -67
7174 110
7175 49
7176 -42
7177 -55
7178 112
7179 91
7180 -158
7181 -37
7182 86
7183 -65
7184 66
7185 -19
7186 138
7187 75
7188 -130
7189 -125
7190 -48
7191 -25
7192 -84
7193 -65
7194 -30
7195 23
7196 20
7197 -85
7198 82
7199 107
7200 64
7201 -37
7202 28
7203 37
7204 -50
7205 -35
7206 -104
7207 175
7208 4
7209 25
7210 32
7211 45
7212 -84
7213 109
7214 -58
7215 -69
7216 8
7217 -47
7218 -30
7219 19
7220 -42
7221 107
7222 222
7223 51
7224 28
7225 -21
7226 28
7227 -3
7228 26
7229 125
7230 -60
7231 21
7232 0
7233 -3
7234 -138
7235 113
7236 42
7237 -107
7238 164
7239 19
7240 -62
7241 -63
7242 52
7243 3
7244 80
7245 -85
7246 58
7247 111
7248 -4
7249 -113
7250 116
7251 1
7252 24
7253 31
7254 -60
7255 141
7256 -76
7257 109
7258 -24
7259 9
7260 -60
7261 -23
7262 -112
7263 -57
7264 -230
7265 -81
7266 0
7267 -51
7268 66
7269 -127
7270 -64
7271 -13
7272 50
7273 -161
7274 10
7275 -121
7276 80
7277 -25
7278 -42
7279 125
7280 -42
7281 -47
7282 146
7283 -111
7284 -70
7285 41
7286 16
7287 49
7288 -74
7289 57
7290 8
7291 -89
7292 50
7293 7
7294 -46
7295 5
7296 54
7297 89
7298 70
7299 -37
7300 -30
7301 37
7302 70
7303 -9
7304 2
7305 -107
7306 -6
7307 -5
7308 -150
7309 -1
7310 12
7311 -15
7312 -186
7313 -119
7314 64
7315 81
7316 -124
7317 5
7318 -30
7319 51
7320 -40
7321 -209
7322 120
7323 45
7324 -108
7325 15
7326 -44
7327 -27
7328 -56
7329 -31
7330 52
7331 -11
7332 134
7333 -43
7334 150
7335 119
7336 140
7337 -5
7338 54
7339 -41
7340 -16
7341 -175
7342 54
7343 -107
7344 -228
7345 -35
7346 38
7347 -61
7348 -18
7349 63
7350 120
7351 3
7352 -42
7353 35
7354 62
7355 135
7356 8
7357 -81
7358 -54
7359 75
7360 172
7361 53
7362 -152
7363 -95
7364 -140
7365 129
7366 46
7367 215
7368 32
7369 71
7370 -92
7371 -39
7372 92
7373 -113
7374 -152
7375 -73
7376 14
7377 -25
7378 36
7379 89
7380 -62
7381 189
7382 78
7383 49
7384 -164
7385 -127
7386 -22
7387 -157
7388 -104
7389 19
7390 -64
7391 61
7392 -70
7393 -137
7394 26
7395 3
7396 2
7397 35
7398 62
7399 -125
7400 -38
7401 -97
7402 10
7403 29
7404 -146
7405 89
7406 -106
7407 -31
7408 58
7409 -39
7410 -44
7411 33
7412 -58
7413 143
7414 104
7415 -35
7416 -96
7417 -121
7418 72
7419 -31
7420 158
7421 71
7422 -124
7423 115
7424 108
7425 -113
7426 22
7427 173
7428 -22
7429 9
7430 56
7431 -81
7432 2
7433 23
7434 -68
7435 37
7436 120
7437 75
7438 104
7439 11
7440 116
7441 151
7442 -26
7443 -71
7444 -30
7445 -165
7446 -100
7447 -47
7448 52
7449 27
7450 76
7451 -55
7452 64
7453 169
7454 32
7455 67
7456 -150
7457 -5
7458 58
7459 -87
7460 24
7461 83
7462 -72
7463 91
7464 76
7465 -41
7466 2
7467 73
7468 -184
7469 -143
7470 -26
7471 -115
7472 66
7473 -77
7474 -106
7475 37
7476 44
7477 -141
7478 56
7479 -13
7480 -32
7481 43
7482 -26
7483 115
7484 78
7485 167
7486 62
7487 145
7488 108
7489 117
7490 28
7491 -47
7492 8
7493 57
7494 -54
7495 7
7496 112
7497 59
7498 40
7499 -29
7500 -50
7501 65
7502 82
7503 -99
7504 -68
7505 -21
7506 -42
7507 199
7508 50
7509 17
7510 92
7511 87
7512 -60
7513 -271
7514 -68
7515 157
7516 -58
7517 31
7518 -84
7519 19
7520 6
7521 167
7522 30
7523 191
7524 -38
7525 5
7526 -56
7527 -23
7528 -34
7529 -75
7530 116
7531 53
7532 -146
7533 -109
7534 -6
7535 77
7536 158
7537 1
7538 38
7539 -43
7540 104
7541 -127
7542 -184
7543 -195
7544 134
7545 111
7546 2
7547 113
7548 -36
7549 31
7550 102
7551 9
7552 -60
7553 -13
7554 -38
7555 5
7556 14
7557 -47
7558 16
7559 -61
7560 -212
7561 -29
7562 20
7563 -13
7564 52
7565 3
7566 0
7567 9
7568 34
7569 79
7570 186
7571 147
7572 -40
7573 -7
7574 124
7575 -45
7576 -98
7577 -29
7578 -92
7579 39
7580 -34
7581 7
7582 -52
7583 117
7584 -116
7585 133
7586 66
7587 -47
7588 -28
7589 -31
7590 34
7591 -69
7592 156
7593 -43
7594 -76
7595 27
7596 -36
7597 31
7598 40
7599 -7
7600 -70
7601 131
7602 162
7603 -3
7604 -236
7605 93
7606 2
7607 49
7608 -98
7609 -77
7610 56
7611 -73
7612 -146
7613 245
7614 34
7615 -69
7616 -92
7617 -81
7618 -52
7619 -93
7620 90
7621 -49
7622 -134
7623 -169
7624 116
7625 63
7626 96
7627 -159
7628 34
7629 29
7630 22
7631 35
7632 116
7633 17
7634 72
7635 -67
7636 34
7637 27
7638 -16
7639 111
7640 -110
7641 17
7642 120
7643 3
7644 80
7645 -61
7646 -32
7647 27
7648 44
7649 3
7650 110
7651 35
7652 84
7653 -91
7654 0
7655 -83
7656 32
7657 -137
7658 64
7659 -99
7660 56
7661 -47
7662 -94
7663 1
7664 -62
7665 -1
7666 120
7667 89
7668 -134
7669 -15
7670 -6
7671 -141
7672 8
7673 -119
7674 -8
7675 -29
7676 92
7677 -33
7678 -130
7679 -61
7680 -82
7681 -59
7682 -150
7683 107
7684 -66
7685 -29
7686 -82
7687 277
7688 -54
7689 135
7690 24
7691 -41
7692 -92
7693 25
7694 2
7695 -147
7696 86
7697 -45
7698 -22
7699 31
7700 -32
7701 -163
7702 -106
7703 -9
7704 48
7705 101
7706 -46
7707 103
7708 -24
7709 -75
7710 132
7711 81
7712 -22
7713 51
7714 28
7715 -71
7716 110
7717 -117
7718 -94
7719 -65
7720 28
7721 -19
7722 46
7723 45
7724 30
7725 181
7726 -116
7727 -101
7728 52
7729 -17
7730 78
7731 -21
7732 -84
7733 199
7734 124
7735 95
7736 -40
7737 -113
7738 -144
7739 -27
7740 -6
7741 59
7742 64
7743 23
7744 32
7745 13
7746 92
7747 -163
7748 114
7749 -11
7750 -88
7751 13
7752 -54
7753 -3
7754 148
7755 137
7756 26
7757 -3
7758 28
7759 73
7760 38
7761 213
7762 58
7763 117
7764 42
7765 -1
7766 32
7767 -89
7768 60
7769 63
7770 -22
7771 -41
7772 -36
7773 -53
7774 -34
7775 55
7776 130
7777 25
7778 -150
7779 113
7780 -82
7781 27
7782 -78
7783 -137
7784 -92
7785 171
7786 52
7787 -7
7788 72
7789 11
7790 -6
7791 -21
7792 -28
7793 7
7794 -146
7795 -165
7796 50
7797 -91
7798 -148
7799 37
7800 -62
7801 -27
7802 36
7803 109
7804 34
7805 147
7806 -80
7807 15
7808 -42
7809 -1
7810 -74
7811 19
7812 84
7813 -9
7814 192
7815 -65
7816 32
7817 -129
7818 120
7819 -197
7820 104
7821 -121
7822 48
7823 59
7824 66
7825 -9
7826 188
7827 103
7828 -2
7829 87
7830 172
7831 -61
7832 154
7833 -57
7834 62
7835 -35
7836 -42
7837 37
7838 -132
7839 -15
7840 2
7841 83
7842 100
7843 39
7844 62
7845 -5
7846 -48
7847 139
7848 -62
7849 -87
7850 12
7851 3
7852 12
7853 -105
7854 -50
7855 -131
7856 -230
7857 85
7858 -40
7859 3
7860 12
7861 81
7862 -92
7863 63
7864 120
7865 181
7866 -4
7867 21
7868 24
7869 -155
7870 -64
7871 75
7872 34
7873 69
7874 64
7875 81
7876 62
7877 85
7878 -32
7879 -31
7880 -50
7881 9
7882 -96
7883 -95
7884 -78
7885 -131
7886 96
7887 19
7888 -24
7889 19
7890 -44
7891 -13
7892 46
7893 -53
7894 -172
7895 -31
7896 12
7897 17
7898 -34
7899 -113
7900 188
7901 185
7902 -84
7903 -73
7904 52
7905 -21
7906 104
7907 41
7908 70
7909 -151
7910 118
7911 113
7912 -154
7913 65
7914 -52
7915 161
7916 -38
7917 -51
7918 -56
7919 -33
7920 -6
7921 23
7922 62
7923 -73
7924 -30
7925 57
7926 -142
7927 -115
7928 50
7929 -9
7930 -136
7931 -59
7932 244
7933 33
7934 26
7935 -113
7936 -96
7937 -59
7938 102
7939 -53
7940 -66
7941 -3
7942 -18
7943 -75
7944 122
7945 115
7946 -34
7947 -89
7948 -168
7949 91
7950 134
7951 -83
7952 48
7953 153
7954 -212
7955 15
7956 -4
7957 -27
7958 -186
7959 87
7960 -42
7961 25
7962 80
7963 -83
7964 -88
7965 -49
7966 98
7967 -117
7968 22
7969 105
7970 -128
7971 -155
7972 76
7973 123
7974 64
7975 37
7976 82
7977 57
7978 -206
7979 45
7980 56
7981 15
7982 -124
7983 41
7984 98
7985 -85
7986 -96
7987 43
7988 24
7989 -39
7990 -164
7991 79
7992 176
7993 -49
7994 -170
7995 -93
7996 168
7997 -89
7998 -56
7999 -49
8000 32
