==============================================================================
PART 0 - ORACLE CHECK
==============================================================================
sequence = weight-w binary strings over F2^n (all-ones as control)
oracle = lib.supply_fold.s_sos cross-checked vs s_direct
range   = n in {6..16 exhaustive, 32/64/128 sampled}

(a) h = e_{n-2} (single 1 at index n-2): nu2(n) == count of odd d in [2,n-1]
  s_sos == s_direct == odd-count for every n in 3..40: True

(b) imported n=8 witness (EXACT reproduction):
  h=e_6: s_sos=(0,3) s_direct=(0,3) expected=(0,3) S^2=0  OK
  h=e_5: s_sos=(-2,4) s_direct=(-2,4) expected=(-2,4) S^2=4  OK

==============================================================================
PART 1 - EXHAUSTIVE small n, grouped by Hamming weight w
==============================================================================
n  w  count    mean nu2/n   >=0.25  >=0.40  >=0.45
--------------------------------------------------
 6  0      1   0.0000     0.000  0.000  0.000
 6  1      6   0.3333     0.667  0.167  0.167
 6  2     15   0.3556     0.733  0.333  0.333
 6  3     20   0.3333     0.700  0.400  0.400
 6  4     15   0.3556     0.733  0.333  0.333
 6  5      6   0.3333     0.667  0.167  0.167
 6  6      1   0.0000     0.000  0.000  0.000
  [n=6: cross-checked 3 rows against s_direct, all agree]

 8  0      1   0.0000     0.000  0.000  0.000
 8  1      8   0.3750     0.875  0.375  0.375
 8  2     28   0.3214     0.821  0.250  0.250
 8  3     56   0.4464     0.982  0.518  0.518
 8  4     70   0.3143     0.829  0.143  0.143
 8  5     56   0.4464     0.982  0.518  0.518
 8  6     28   0.3214     0.821  0.250  0.250
 8  7      8   0.3750     0.875  0.375  0.375
 8  8      1   0.0000     0.000  0.000  0.000
  [n=8: cross-checked 10 rows against s_direct, all agree]

10  0      1   0.0000     0.000  0.000  0.000
10  1     10   0.3000     0.400  0.400  0.100
10  2     45   0.3556     0.689  0.511  0.222
10  3    120   0.4067     0.883  0.650  0.350
10  4    210   0.4114     0.895  0.667  0.395
10  5    252   0.4016     0.865  0.643  0.397
10  6    210   0.4114     0.895  0.667  0.395
10  7    120   0.4067     0.883  0.650  0.350
10  8     45   0.3556     0.689  0.511  0.222
10  9     10   0.3000     0.400  0.400  0.100
10 10      1   0.0000     0.000  0.000  0.000
  [n=10: cross-checked 59 rows against s_direct, all agree]

12  0      1   0.0000     0.000  0.000  0.000
12  1     12   0.2917     0.500  0.250  0.167
12  2     66   0.3586     0.788  0.455  0.273
12  3    220   0.4008     0.918  0.555  0.314
12  4    495   0.4229     0.960  0.644  0.382
12  5    792   0.4230     0.970  0.630  0.380
12  6    924   0.4192     0.937  0.656  0.418
12  7    792   0.4230     0.970  0.630  0.380
12  8    495   0.4229     0.960  0.644  0.382
12  9    220   0.4008     0.918  0.555  0.314
12 10     66   0.3586     0.788  0.455  0.273
12 11     12   0.2917     0.500  0.250  0.167
12 12      1   0.0000     0.000  0.000  0.000
  [n=12: cross-checked 212 rows against s_direct, all agree]

14  0      1   0.0000     0.000  0.000  0.000
14  1     14   0.2755     0.357  0.357  0.071
14  2     91   0.3579     0.670  0.374  0.264
14  3    364   0.3980     0.830  0.500  0.321
14  4   1001   0.4230     0.908  0.593  0.374
14  5   2002   0.4331     0.949  0.612  0.377
14  6   3003   0.4327     0.941  0.627  0.396
14  7   3432   0.4311     0.927  0.640  0.416
14  8   3003   0.4327     0.941  0.627  0.396
14  9   2002   0.4331     0.949  0.612  0.377
14 10   1001   0.4230     0.908  0.593  0.374
14 11    364   0.3980     0.830  0.500  0.321
14 12     91   0.3579     0.670  0.374  0.264
14 13     14   0.2755     0.357  0.357  0.071
14 14      1   0.0000     0.000  0.000  0.000
  [n=14: cross-checked 863 rows against s_direct, all agree]

16  0      1   0.0000     0.000  0.000  0.000
16  1     16   0.3047     0.688  0.312  0.250
16  2    120   0.3271     0.742  0.308  0.217
16  3    560   0.4279     0.946  0.514  0.395
16  4   1820   0.3893     0.912  0.425  0.271
16  5   4368   0.4661     0.988  0.684  0.492
16  6   8008   0.4092     0.966  0.498  0.298
16  7  11440   0.4720     0.992  0.729  0.509
16  8  12870   0.4089     0.954  0.528  0.288
16  9  11440   0.4720     0.992  0.729  0.509
16 10   8008   0.4092     0.966  0.498  0.298
16 11   4368   0.4661     0.988  0.684  0.492
16 12   1820   0.3893     0.912  0.425  0.271
16 13    560   0.4279     0.946  0.514  0.395
16 14    120   0.3271     0.742  0.308  0.217
16 15     16   0.3047     0.688  0.312  0.250
16 16      1   0.0000     0.000  0.000  0.000
  [n=16: cross-checked 3258 rows against s_direct, all agree]

==============================================================================
PART 2 - SAMPLED larger n, by exact weight (300 random strings each)
==============================================================================
n    w     mean nu2/n   >=0.40
------------------------------
 32   1   0.2442      0.213
 32   2   0.2858      0.240
 32   3   0.3697      0.377
 32   4   0.3732      0.383
 32   5   0.4376      0.590
 32   8   0.4419      0.687
 32  16   0.4655      0.833
 32  32   0.0000      0.000

 64   1   0.1684      0.097
 64   2   0.2420      0.153
 64   3   0.3250      0.283
 64   4   0.3245      0.267
 64   5   0.3767      0.403
 64   8   0.4106      0.517
 64  16   0.4543      0.793
 64  32   0.4804      0.893
 64  64   0.0000      0.000

128   1   0.1467      0.080
128   2   0.1989      0.110
128   3   0.2407      0.133
128   4   0.2763      0.167
128   5   0.3154      0.257
128   8   0.3723      0.360
128  16   0.4351      0.660
128  32   0.4750      0.923
128  64   0.4885      0.960
128 128   0.0000      0.000

==============================================================================
PART 3 - THE ANSWER: min weight w at which LINEAR SUPPLY becomes typical
(typical := mean nu2/n >= 0.40 AND fraction(nu2/n>=0.40) >= 0.5)
==============================================================================

--- exhaustive n (all strings): ---
  n first w    w/n  mean@w  frac@w
  6   (none)
  8       3  0.375  0.4464   0.518
 10       3  0.300  0.4067   0.650
 12       3  0.250  0.4008   0.555
 14       4  0.286  0.4230   0.593
 16       3  0.188  0.4279   0.514

--- sampled n (300 per weight): ---
  n first w    w/n  mean@w  frac@w
 32       5  0.156  0.4376   0.590
 64       8  0.125  0.4106   0.517
128      16  0.125  0.4351   0.660

--- extremes: ---
weight-1 strings: the operator's e_{n-2} sits at nu2~n/2 (odd d count) but
is ONE position; near-min positional supply for w=1 is not typical overall.
  n=16 exhaustive, w=1: mean nu2/n=0.3047, frac>=0.40=0.312

==============================================================================
NEGATIVE CONTROL - all-ones string (max weight n) is in the kernel
nu2/n must -> 0, proving the metric reads position-structure, not weight
==============================================================================
  n  nu2(n)   nu2/n
  6       0  0.0000
  7       0  0.0000
  8       0  0.0000
  9       0  0.0000
 10       0  0.0000
 11       0  0.0000
 12       0  0.0000
 13       0  0.0000
 14       0  0.0000
 15       0  0.0000
 16       0  0.0000
 17       0  0.0000
 18       0  0.0000
 19       0  0.0000
 20       0  0.0000
 21       0  0.0000
 22       0  0.0000
 23       0  0.0000
 24       0  0.0000
 25       0  0.0000
 26       0  0.0000
 27       0  0.0000
 28       0  0.0000
 29       0  0.0000
 30       0  0.0000
 31       0  0.0000
 32       0  0.0000
 33       0  0.0000
 34       0  0.0000
 35       0  0.0000
 36       0  0.0000
 37       0  0.0000
 38       0  0.0000
 39       0  0.0000
 40       0  0.0000
