2 0
3 1
4 1
5 2
6 1
7 2
8 1
9 2
10 7
11 4
12 5
13 3
14 5
15 3
16 11
17 7
18 7
19 13
20 10
21 10
22 8
23 11
24 11
25 13
26 10
27 10
28 11
29 18
30 12
31 11
32 14
33 19
34 17
35 18
36 15
37 16
38 19
39 16
40 23
41 15
42 21
43 15
44 25
45 19
46 19
47 33
48 24
49 24
50 28
51 23
52 25
53 19
54 30
55 25
56 24
57 29
58 26
59 35
60 30
61 31
62 26
63 31
64 28
65 38
66 27
67 29
68 30
69 39
70 38
71 27
72 38
73 33
74 36
75 47
76 33
77 36
78 39
79 36
80 37
81 36
82 39
83 40
84 44
85 48
86 45
87 44
88 46
89 44
90 44
91 47
92 49
93 44
94 47
95 44
96 45
97 51
98 46
99 48
100 43
101 46
102 49
103 43
104 49
105 41
106 48
107 57
108 52
109 54
110 47
111 55
112 61
113 55
114 54
115 52
116 54
117 71
118 62
119 64
120 52
121 62
122 63
123 61
124 60
125 59
126 67
127 58
128 65
129 60
130 69
131 61
132 70
133 65
134 68
135 67
136 70
137 60
138 66
139 68
140 70
141 72
142 72
143 67
144 70
145 59
146 75
147 82
148 70
149 81
150 73
151 69
152 71
153 63
154 83
155 68
156 74
157 71
158 71
159 82
160 76
161 75
162 78
163 87
164 80
165 86
166 80
167 85
168 79
169 91
170 88
171 83
172 74
173 98
174 80
175 80
176 101
177 90
178 87
179 88
180 82
181 91
182 84
183 92
184 83
185 94
186 84
187 93
188 115
189 98
190 95
191 92
192 102
193 85
194 103
195 99
196 102
197 99
198 98
199 108
200 100
201 114
202 95
203 100
204 93
205 104
206 95
207 101
208 105
209 92
210 87
211 95
212 98
213 93
214 126
215 114
216 110
217 100
218 100
219 116
220 107
221 114
222 106
223 120
224 113
225 108
226 125
227 110
228 116
229 111
230 119
231 117
232 120
233 112
234 121
235 125
236 114
237 118
238 124
239 109
240 120
241 114
242 118
243 134
244 117
245 116
246 118
247 131
248 131
249 118
250 121
251 126
252 129
253 131
254 120
255 126
256 137
257 129
258 137
259 131
260 122
261 129
262 136
263 133
264 136
265 128
266 136
267 125
268 129
269 142
270 141
271 139
272 123
273 127
274 115
275 146
276 144
277 139
278 125
279 132
280 138
281 122
282 146
283 154
284 145
285 140
286 143
287 144
288 138
289 143
290 156
291 159
292 138
293 141
294 150
295 149
296 142
297 130
298 133
299 150
300 153
301 157
302 148
303 144
304 138
305 150
306 153
307 139
308 156
309 146
310 162
311 162
312 163
313 157
314 163
315 160
316 147
317 151
318 146
319 144
320 147
321 160
322 161
323 160
324 147
325 165
326 169
327 164
328 173
329 166
330 157
331 169
332 176
333 163
334 164
335 163
336 165
337 178
338 160
339 154
340 148
341 183
342 179
343 161
344 171
345 162
346 152
347 171
348 154
349 170
350 189
351 172
352 161
353 176
354 174
355 184
356 202
357 179
358 178
359 173
360 175
361 205
362 169
363 185
364 191
365 180
366 190
367 162
368 188
369 193
370 173
371 179
372 181
373 178
374 188
375 184
376 188
377 180
378 184
379 202
380 178
381 201
382 193
383 189
384 171
385 184
386 219
387 194
388 201
389 187
390 173
391 199
392 199
393 186
394 204
395 193
396 199
397 199
398 201
399 217
400 206
401 203
402 190
403 193
404 178
405 208
406 210
407 197
408 210
409 224
410 205
411 201
412 234
413 211
414 217
415 202
416 203
417 203
418 203
419 220
420 219
421 204
422 194
423 216
424 192
425 187
426 191
427 211
428 198
429 221
430 216
431 234
432 222
433 215
434 217
435 200
436 243
437 207
438 224
439 205
440 227
441 217
442 215
443 223
444 224
445 230
446 197
447 227
448 222
449 228
450 215
451 216
452 225
453 219
454 215
455 241
456 226
457 206
458 259
459 227
460 220
461 203
462 233
463 219
464 226
465 229
466 252
467 244
468 233
469 222
470 253
471 235
472 234
473 222
474 240
475 213
476 228
477 244
478 251
479 235
480 220
481 236
482 241
483 242
484 245
485 249
486 241
487 235
488 263
489 238
490 236
491 250
492 250
493 234
494 245
495 268
496 273
497 251
498 251
499 239
500 251
501 243
502 241
503 260
504 258
505 249
506 259
507 256
508 255
509 253
510 261
511 268
512 244
513 256
