SMAX trajectory: exact running max of |S(n)|/n and |S(n)|
(S(n) = n-2-2*nu2(n)); streamed n=50..1000; crossed s_sos vs direct on n=4..200

Checkpoint reports (running max over m in [50, n]):
  n         max|S|/n     max|S|     argmax of |S|/n (n,|S|)
    1000   0.2830188679      104     (53, 15)

Trajectory of max|S(n)|/n at every n in [50,N]:
      50   0.2000000000
      51   0.2000000000
      52   0.2000000000
      53   0.2830188679
      54   0.2830188679
      55   0.2830188679
      56   0.2830188679
      57   0.2830188679
      58   0.2830188679
      59   0.2830188679
      60   0.2830188679
      61   0.2830188679
      62   0.2830188679
      63   0.2830188679
      64   0.2830188679
      65   0.2830188679
      66   0.2830188679
      67   0.2830188679
      68   0.2830188679
      69   0.2830188679
      70   0.2830188679
      71   0.2830188679
      72   0.2830188679
      73   0.2830188679
      74   0.2830188679
      75   0.2830188679
      76   0.2830188679
      77   0.2830188679
      78   0.2830188679
      79   0.2830188679
      80   0.2830188679
      81   0.2830188679
      82   0.2830188679
      83   0.2830188679
      84   0.2830188679
      85   0.2830188679
      86   0.2830188679
      87   0.2830188679
      88   0.2830188679
      89   0.2830188679
      90   0.2830188679
      91   0.2830188679
      92   0.2830188679
      93   0.2830188679
      94   0.2830188679
      95   0.2830188679
      96   0.2830188679
      97   0.2830188679
      98   0.2830188679
      99   0.2830188679
     100   0.2830188679
     101   0.2830188679
     102   0.2830188679
     103   0.2830188679
     104   0.2830188679
     105   0.2830188679
     106   0.2830188679
     107   0.2830188679
     108   0.2830188679
     109   0.2830188679
     110   0.2830188679
     111   0.2830188679
     112   0.2830188679
     113   0.2830188679
     114   0.2830188679
     115   0.2830188679
     116   0.2830188679
     117   0.2830188679
     118   0.2830188679
     119   0.2830188679
     120   0.2830188679
     121   0.2830188679
     122   0.2830188679
     123   0.2830188679
     124   0.2830188679
     125   0.2830188679
     126   0.2830188679
     127   0.2830188679
     128   0.2830188679
     129   0.2830188679
     130   0.2830188679
     131   0.2830188679
     132   0.2830188679
     133   0.2830188679
     134   0.2830188679
     135   0.2830188679
     136   0.2830188679
     137   0.2830188679
     138   0.2830188679
     139   0.2830188679
     140   0.2830188679
     141   0.2830188679
     142   0.2830188679
     143   0.2830188679
     144   0.2830188679
     145   0.2830188679
     146   0.2830188679
     147   0.2830188679
     148   0.2830188679
     149   0.2830188679
     150   0.2830188679
     151   0.2830188679
     152   0.2830188679
     153   0.2830188679
     154   0.2830188679
     155   0.2830188679
     156   0.2830188679
     157   0.2830188679
     158   0.2830188679
     159   0.2830188679
     160   0.2830188679
     161   0.2830188679
     162   0.2830188679
     163   0.2830188679
     164   0.2830188679
     165   0.2830188679
     166   0.2830188679
     167   0.2830188679
     168   0.2830188679
     169   0.2830188679
     170   0.2830188679
     171   0.2830188679
     172   0.2830188679
     173   0.2830188679
     174   0.2830188679
     175   0.2830188679
     176   0.2830188679
     177   0.2830188679
     178   0.2830188679
     179   0.2830188679
     180   0.2830188679
     181   0.2830188679
     182   0.2830188679
     183   0.2830188679
     184   0.2830188679
     185   0.2830188679
     186   0.2830188679
     187   0.2830188679
     188   0.2830188679
     189   0.2830188679
     190   0.2830188679
     191   0.2830188679
     192   0.2830188679
     193   0.2830188679
     194   0.2830188679
     195   0.2830188679
     196   0.2830188679
     197   0.2830188679
     198   0.2830188679
     199   0.2830188679
     200   0.2830188679
     201   0.2830188679
     202   0.2830188679
     203   0.2830188679
     204   0.2830188679
     205   0.2830188679
     206   0.2830188679
     207   0.2830188679
     208   0.2830188679
     209   0.2830188679
     210   0.2830188679
     211   0.2830188679
     212   0.2830188679
     213   0.2830188679
     214   0.2830188679
     215   0.2830188679
     216   0.2830188679
     217   0.2830188679
     218   0.2830188679
     219   0.2830188679
     220   0.2830188679
     221   0.2830188679
     222   0.2830188679
     223   0.2830188679
     224   0.2830188679
     225   0.2830188679
     226   0.2830188679
     227   0.2830188679
     228   0.2830188679
     229   0.2830188679
     230   0.2830188679
     231   0.2830188679
     232   0.2830188679
     233   0.2830188679
     234   0.2830188679
     235   0.2830188679
     236   0.2830188679
     237   0.2830188679
     238   0.2830188679
     239   0.2830188679
     240   0.2830188679
     241   0.2830188679
     242   0.2830188679
     243   0.2830188679
     244   0.2830188679
     245   0.2830188679
     246   0.2830188679
     247   0.2830188679
     248   0.2830188679
     249   0.2830188679
     250   0.2830188679
     251   0.2830188679
     252   0.2830188679
     253   0.2830188679
     254   0.2830188679
     255   0.2830188679
     256   0.2830188679
     257   0.2830188679
     258   0.2830188679
     259   0.2830188679
     260   0.2830188679
     261   0.2830188679
     262   0.2830188679
     263   0.2830188679
     264   0.2830188679
     265   0.2830188679
     266   0.2830188679
     267   0.2830188679
     268   0.2830188679
     269   0.2830188679
     270   0.2830188679
     271   0.2830188679
     272   0.2830188679
     273   0.2830188679
     274   0.2830188679
     275   0.2830188679
     276   0.2830188679
     277   0.2830188679
     278   0.2830188679
     279   0.2830188679
     280   0.2830188679
     281   0.2830188679
     282   0.2830188679
     283   0.2830188679
     284   0.2830188679
     285   0.2830188679
     286   0.2830188679
     287   0.2830188679
     288   0.2830188679
     289   0.2830188679
     290   0.2830188679
     291   0.2830188679
     292   0.2830188679
     293   0.2830188679
     294   0.2830188679
     295   0.2830188679
     296   0.2830188679
     297   0.2830188679
     298   0.2830188679
     299   0.2830188679
     300   0.2830188679
     301   0.2830188679
     302   0.2830188679
     303   0.2830188679
     304   0.2830188679
     305   0.2830188679
     306   0.2830188679
     307   0.2830188679
     308   0.2830188679
     309   0.2830188679
     310   0.2830188679
     311   0.2830188679
     312   0.2830188679
     313   0.2830188679
     314   0.2830188679
     315   0.2830188679
     316   0.2830188679
     317   0.2830188679
     318   0.2830188679
     319   0.2830188679
     320   0.2830188679
     321   0.2830188679
     322   0.2830188679
     323   0.2830188679
     324   0.2830188679
     325   0.2830188679
     326   0.2830188679
     327   0.2830188679
     328   0.2830188679
     329   0.2830188679
     330   0.2830188679
     331   0.2830188679
     332   0.2830188679
     333   0.2830188679
     334   0.2830188679
     335   0.2830188679
     336   0.2830188679
     337   0.2830188679
     338   0.2830188679
     339   0.2830188679
     340   0.2830188679
     341   0.2830188679
     342   0.2830188679
     343   0.2830188679
     344   0.2830188679
     345   0.2830188679
     346   0.2830188679
     347   0.2830188679
     348   0.2830188679
     349   0.2830188679
     350   0.2830188679
     351   0.2830188679
     352   0.2830188679
     353   0.2830188679
     354   0.2830188679
     355   0.2830188679
     356   0.2830188679
     357   0.2830188679
     358   0.2830188679
     359   0.2830188679
     360   0.2830188679
     361   0.2830188679
     362   0.2830188679
     363   0.2830188679
     364   0.2830188679
     365   0.2830188679
     366   0.2830188679
     367   0.2830188679
     368   0.2830188679
     369   0.2830188679
     370   0.2830188679
     371   0.2830188679
     372   0.2830188679
     373   0.2830188679
     374   0.2830188679
     375   0.2830188679
     376   0.2830188679
     377   0.2830188679
     378   0.2830188679
     379   0.2830188679
     380   0.2830188679
     381   0.2830188679
     382   0.2830188679
     383   0.2830188679
     384   0.2830188679
     385   0.2830188679
     386   0.2830188679
     387   0.2830188679
     388   0.2830188679
     389   0.2830188679
     390   0.2830188679
     391   0.2830188679
     392   0.2830188679
     393   0.2830188679
     394   0.2830188679
     395   0.2830188679
     396   0.2830188679
     397   0.2830188679
     398   0.2830188679
     399   0.2830188679
     400   0.2830188679
     401   0.2830188679
     402   0.2830188679
     403   0.2830188679
     404   0.2830188679
     405   0.2830188679
     406   0.2830188679
     407   0.2830188679
     408   0.2830188679
     409   0.2830188679
     410   0.2830188679
     411   0.2830188679
     412   0.2830188679
     413   0.2830188679
     414   0.2830188679
     415   0.2830188679
     416   0.2830188679
     417   0.2830188679
     418   0.2830188679
     419   0.2830188679
     420   0.2830188679
     421   0.2830188679
     422   0.2830188679
     423   0.2830188679
     424   0.2830188679
     425   0.2830188679
     426   0.2830188679
     427   0.2830188679
     428   0.2830188679
     429   0.2830188679
     430   0.2830188679
     431   0.2830188679
     432   0.2830188679
     433   0.2830188679
     434   0.2830188679
     435   0.2830188679
     436   0.2830188679
     437   0.2830188679
     438   0.2830188679
     439   0.2830188679
     440   0.2830188679
     441   0.2830188679
     442   0.2830188679
     443   0.2830188679
     444   0.2830188679
     445   0.2830188679
     446   0.2830188679
     447   0.2830188679
     448   0.2830188679
     449   0.2830188679
     450   0.2830188679
     451   0.2830188679
     452   0.2830188679
     453   0.2830188679
     454   0.2830188679
     455   0.2830188679
     456   0.2830188679
     457   0.2830188679
     458   0.2830188679
     459   0.2830188679
     460   0.2830188679
     461   0.2830188679
     462   0.2830188679
     463   0.2830188679
     464   0.2830188679
     465   0.2830188679
     466   0.2830188679
     467   0.2830188679
     468   0.2830188679
     469   0.2830188679
     470   0.2830188679
     471   0.2830188679
     472   0.2830188679
     473   0.2830188679
     474   0.2830188679
     475   0.2830188679
     476   0.2830188679
     477   0.2830188679
     478   0.2830188679
     479   0.2830188679
     480   0.2830188679
     481   0.2830188679
     482   0.2830188679
     483   0.2830188679
     484   0.2830188679
     485   0.2830188679
     486   0.2830188679
     487   0.2830188679
     488   0.2830188679
     489   0.2830188679
     490   0.2830188679
     491   0.2830188679
     492   0.2830188679
     493   0.2830188679
     494   0.2830188679
     495   0.2830188679
     496   0.2830188679
     497   0.2830188679
     498   0.2830188679
     499   0.2830188679
     500   0.2830188679
     501   0.2830188679
     502   0.2830188679
     503   0.2830188679
     504   0.2830188679
     505   0.2830188679
     506   0.2830188679
     507   0.2830188679
     508   0.2830188679
     509   0.2830188679
     510   0.2830188679
     511   0.2830188679
     512   0.2830188679
     513   0.2830188679
     514   0.2830188679
     515   0.2830188679
     516   0.2830188679
     517   0.2830188679
     518   0.2830188679
     519   0.2830188679
     520   0.2830188679
     521   0.2830188679
     522   0.2830188679
     523   0.2830188679
     524   0.2830188679
     525   0.2830188679
     526   0.2830188679
     527   0.2830188679
     528   0.2830188679
     529   0.2830188679
     530   0.2830188679
     531   0.2830188679
     532   0.2830188679
     533   0.2830188679
     534   0.2830188679
     535   0.2830188679
     536   0.2830188679
     537   0.2830188679
     538   0.2830188679
     539   0.2830188679
     540   0.2830188679
     541   0.2830188679
     542   0.2830188679
     543   0.2830188679
     544   0.2830188679
     545   0.2830188679
     546   0.2830188679
     547   0.2830188679
     548   0.2830188679
     549   0.2830188679
     550   0.2830188679
     551   0.2830188679
     552   0.2830188679
     553   0.2830188679
     554   0.2830188679
     555   0.2830188679
     556   0.2830188679
     557   0.2830188679
     558   0.2830188679
     559   0.2830188679
     560   0.2830188679
     561   0.2830188679
     562   0.2830188679
     563   0.2830188679
     564   0.2830188679
     565   0.2830188679
     566   0.2830188679
     567   0.2830188679
     568   0.2830188679
     569   0.2830188679
     570   0.2830188679
     571   0.2830188679
     572   0.2830188679
     573   0.2830188679
     574   0.2830188679
     575   0.2830188679
     576   0.2830188679
     577   0.2830188679
     578   0.2830188679
     579   0.2830188679
     580   0.2830188679
     581   0.2830188679
     582   0.2830188679
     583   0.2830188679
     584   0.2830188679
     585   0.2830188679
     586   0.2830188679
     587   0.2830188679
     588   0.2830188679
     589   0.2830188679
     590   0.2830188679
     591   0.2830188679
     592   0.2830188679
     593   0.2830188679
     594   0.2830188679
     595   0.2830188679
     596   0.2830188679
     597   0.2830188679
     598   0.2830188679
     599   0.2830188679
     600   0.2830188679
     601   0.2830188679
     602   0.2830188679
     603   0.2830188679
     604   0.2830188679
     605   0.2830188679
     606   0.2830188679
     607   0.2830188679
     608   0.2830188679
     609   0.2830188679
     610   0.2830188679
     611   0.2830188679
     612   0.2830188679
     613   0.2830188679
     614   0.2830188679
     615   0.2830188679
     616   0.2830188679
     617   0.2830188679
     618   0.2830188679
     619   0.2830188679
     620   0.2830188679
     621   0.2830188679
     622   0.2830188679
     623   0.2830188679
     624   0.2830188679
     625   0.2830188679
     626   0.2830188679
     627   0.2830188679
     628   0.2830188679
     629   0.2830188679
     630   0.2830188679
     631   0.2830188679
     632   0.2830188679
     633   0.2830188679
     634   0.2830188679
     635   0.2830188679
     636   0.2830188679
     637   0.2830188679
     638   0.2830188679
     639   0.2830188679
     640   0.2830188679
     641   0.2830188679
     642   0.2830188679
     643   0.2830188679
     644   0.2830188679
     645   0.2830188679
     646   0.2830188679
     647   0.2830188679
     648   0.2830188679
     649   0.2830188679
     650   0.2830188679
     651   0.2830188679
     652   0.2830188679
     653   0.2830188679
     654   0.2830188679
     655   0.2830188679
     656   0.2830188679
     657   0.2830188679
     658   0.2830188679
     659   0.2830188679
     660   0.2830188679
     661   0.2830188679
     662   0.2830188679
     663   0.2830188679
     664   0.2830188679
     665   0.2830188679
     666   0.2830188679
     667   0.2830188679
     668   0.2830188679
     669   0.2830188679
     670   0.2830188679
     671   0.2830188679
     672   0.2830188679
     673   0.2830188679
     674   0.2830188679
     675   0.2830188679
     676   0.2830188679
     677   0.2830188679
     678   0.2830188679
     679   0.2830188679
     680   0.2830188679
     681   0.2830188679
     682   0.2830188679
     683   0.2830188679
     684   0.2830188679
     685   0.2830188679
     686   0.2830188679
     687   0.2830188679
     688   0.2830188679
     689   0.2830188679
     690   0.2830188679
     691   0.2830188679
     692   0.2830188679
     693   0.2830188679
     694   0.2830188679
     695   0.2830188679
     696   0.2830188679
     697   0.2830188679
     698   0.2830188679
     699   0.2830188679
     700   0.2830188679
     701   0.2830188679
     702   0.2830188679
     703   0.2830188679
     704   0.2830188679
     705   0.2830188679
     706   0.2830188679
     707   0.2830188679
     708   0.2830188679
     709   0.2830188679
     710   0.2830188679
     711   0.2830188679
     712   0.2830188679
     713   0.2830188679
     714   0.2830188679
     715   0.2830188679
     716   0.2830188679
     717   0.2830188679
     718   0.2830188679
     719   0.2830188679
     720   0.2830188679
     721   0.2830188679
     722   0.2830188679
     723   0.2830188679
     724   0.2830188679
     725   0.2830188679
     726   0.2830188679
     727   0.2830188679
     728   0.2830188679
     729   0.2830188679
     730   0.2830188679
     731   0.2830188679
     732   0.2830188679
     733   0.2830188679
     734   0.2830188679
     735   0.2830188679
     736   0.2830188679
     737   0.2830188679
     738   0.2830188679
     739   0.2830188679
     740   0.2830188679
     741   0.2830188679
     742   0.2830188679
     743   0.2830188679
     744   0.2830188679
     745   0.2830188679
     746   0.2830188679
     747   0.2830188679
     748   0.2830188679
     749   0.2830188679
     750   0.2830188679
     751   0.2830188679
     752   0.2830188679
     753   0.2830188679
     754   0.2830188679
     755   0.2830188679
     756   0.2830188679
     757   0.2830188679
     758   0.2830188679
     759   0.2830188679
     760   0.2830188679
     761   0.2830188679
     762   0.2830188679
     763   0.2830188679
     764   0.2830188679
     765   0.2830188679
     766   0.2830188679
     767   0.2830188679
     768   0.2830188679
     769   0.2830188679
     770   0.2830188679
     771   0.2830188679
     772   0.2830188679
     773   0.2830188679
     774   0.2830188679
     775   0.2830188679
     776   0.2830188679
     777   0.2830188679
     778   0.2830188679
     779   0.2830188679
     780   0.2830188679
     781   0.2830188679
     782   0.2830188679
     783   0.2830188679
     784   0.2830188679
     785   0.2830188679
     786   0.2830188679
     787   0.2830188679
     788   0.2830188679
     789   0.2830188679
     790   0.2830188679
     791   0.2830188679
     792   0.2830188679
     793   0.2830188679
     794   0.2830188679
     795   0.2830188679
     796   0.2830188679
     797   0.2830188679
     798   0.2830188679
     799   0.2830188679
     800   0.2830188679
     801   0.2830188679
     802   0.2830188679
     803   0.2830188679
     804   0.2830188679
     805   0.2830188679
     806   0.2830188679
     807   0.2830188679
     808   0.2830188679
     809   0.2830188679
     810   0.2830188679
     811   0.2830188679
     812   0.2830188679
     813   0.2830188679
     814   0.2830188679
     815   0.2830188679
     816   0.2830188679
     817   0.2830188679
     818   0.2830188679
     819   0.2830188679
     820   0.2830188679
     821   0.2830188679
     822   0.2830188679
     823   0.2830188679
     824   0.2830188679
     825   0.2830188679
     826   0.2830188679
     827   0.2830188679
     828   0.2830188679
     829   0.2830188679
     830   0.2830188679
     831   0.2830188679
     832   0.2830188679
     833   0.2830188679
     834   0.2830188679
     835   0.2830188679
     836   0.2830188679
     837   0.2830188679
     838   0.2830188679
     839   0.2830188679
     840   0.2830188679
     841   0.2830188679
     842   0.2830188679
     843   0.2830188679
     844   0.2830188679
     845   0.2830188679
     846   0.2830188679
     847   0.2830188679
     848   0.2830188679
     849   0.2830188679
     850   0.2830188679
     851   0.2830188679
     852   0.2830188679
     853   0.2830188679
     854   0.2830188679
     855   0.2830188679
     856   0.2830188679
     857   0.2830188679
     858   0.2830188679
     859   0.2830188679
     860   0.2830188679
     861   0.2830188679
     862   0.2830188679
     863   0.2830188679
     864   0.2830188679
     865   0.2830188679
     866   0.2830188679
     867   0.2830188679
     868   0.2830188679
     869   0.2830188679
     870   0.2830188679
     871   0.2830188679
     872   0.2830188679
     873   0.2830188679
     874   0.2830188679
     875   0.2830188679
     876   0.2830188679
     877   0.2830188679
     878   0.2830188679
     879   0.2830188679
     880   0.2830188679
     881   0.2830188679
     882   0.2830188679
     883   0.2830188679
     884   0.2830188679
     885   0.2830188679
     886   0.2830188679
     887   0.2830188679
     888   0.2830188679
     889   0.2830188679
     890   0.2830188679
     891   0.2830188679
     892   0.2830188679
     893   0.2830188679
     894   0.2830188679
     895   0.2830188679
     896   0.2830188679
     897   0.2830188679
     898   0.2830188679
     899   0.2830188679
     900   0.2830188679
     901   0.2830188679
     902   0.2830188679
     903   0.2830188679
     904   0.2830188679
     905   0.2830188679
     906   0.2830188679
     907   0.2830188679
     908   0.2830188679
     909   0.2830188679
     910   0.2830188679
     911   0.2830188679
     912   0.2830188679
     913   0.2830188679
     914   0.2830188679
     915   0.2830188679
     916   0.2830188679
     917   0.2830188679
     918   0.2830188679
     919   0.2830188679
     920   0.2830188679
     921   0.2830188679
     922   0.2830188679
     923   0.2830188679
     924   0.2830188679
     925   0.2830188679
     926   0.2830188679
     927   0.2830188679
     928   0.2830188679
     929   0.2830188679
     930   0.2830188679
     931   0.2830188679
     932   0.2830188679
     933   0.2830188679
     934   0.2830188679
     935   0.2830188679
     936   0.2830188679
     937   0.2830188679
     938   0.2830188679
     939   0.2830188679
     940   0.2830188679
     941   0.2830188679
     942   0.2830188679
     943   0.2830188679
     944   0.2830188679
     945   0.2830188679
     946   0.2830188679
     947   0.2830188679
     948   0.2830188679
     949   0.2830188679
     950   0.2830188679
     951   0.2830188679
     952   0.2830188679
     953   0.2830188679
     954   0.2830188679
     955   0.2830188679
     956   0.2830188679
     957   0.2830188679
     958   0.2830188679
     959   0.2830188679
     960   0.2830188679
     961   0.2830188679
     962   0.2830188679
     963   0.2830188679
     964   0.2830188679
     965   0.2830188679
     966   0.2830188679
     967   0.2830188679
     968   0.2830188679
     969   0.2830188679
     970   0.2830188679
     971   0.2830188679
     972   0.2830188679
     973   0.2830188679
     974   0.2830188679
     975   0.2830188679
     976   0.2830188679
     977   0.2830188679
     978   0.2830188679
     979   0.2830188679
     980   0.2830188679
     981   0.2830188679
     982   0.2830188679
     983   0.2830188679
     984   0.2830188679
     985   0.2830188679
     986   0.2830188679
     987   0.2830188679
     988   0.2830188679
     989   0.2830188679
     990   0.2830188679
     991   0.2830188679
     992   0.2830188679
     993   0.2830188679
     994   0.2830188679
     995   0.2830188679
     996   0.2830188679
     997   0.2830188679
     998   0.2830188679
     999   0.2830188679
    1000   0.2830188679
