SMAX: |S(n)|/n trajectory for prime input, S(n)=n-2-2*nu2(n)
streamed n=50..1000, trailing window W=2000; s_sos crossed vs direct on n=4..200

Checkpoint reports:
  n        |S(n)|/n    cum-max|S|/n  cum-max|S|   win-max[W=2000]  argmax|S|/n (m,|S|)
    1000   0.002000   0.283019        104   0.283019   (53, 15)   (S=-2, nu2=500)

Trajectory at every n in [50,N]:  n  pointwise|S|/n  cum  win
      50   0.200000   0.200000   0.200000
      51   0.019608   0.200000   0.200000
      52   0.038462   0.200000   0.200000
      53   0.283019   0.283019   0.283019
      54   0.111111   0.283019   0.283019
      55   0.018182   0.283019   0.283019
      56   0.142857   0.283019   0.283019
      57   0.087719   0.283019   0.283019
      58   0.103448   0.283019   0.283019
      59   0.186441   0.283019   0.283019
      60   0.000000   0.283019   0.283019
      61   0.016393   0.283019   0.283019
      62   0.161290   0.283019   0.283019
      63   0.015873   0.283019   0.283019
      64   0.125000   0.283019   0.283019
      65   0.230769   0.283019   0.283019
      66   0.121212   0.283019   0.283019
      67   0.074627   0.283019   0.283019
      68   0.117647   0.283019   0.283019
      69   0.188406   0.283019   0.283019
      70   0.142857   0.283019   0.283019
      71   0.183099   0.283019   0.283019
      72   0.055556   0.283019   0.283019
      73   0.041096   0.283019   0.283019
      74   0.027027   0.283019   0.283019
      75   0.253333   0.283019   0.283019
      76   0.131579   0.283019   0.283019
      77   0.064935   0.283019   0.283019
      78   0.000000   0.283019   0.283019
      79   0.088608   0.283019   0.283019
      80   0.075000   0.283019   0.283019
      81   0.061728   0.283019   0.283019
      82   0.000000   0.283019   0.283019
      83   0.036145   0.283019   0.283019
      84   0.095238   0.283019   0.283019
      85   0.129412   0.283019   0.283019
      86   0.093023   0.283019   0.283019
      87   0.011494   0.283019   0.283019
      88   0.045455   0.283019   0.283019
      89   0.011236   0.283019   0.283019
      90   0.022222   0.283019   0.283019
      91   0.032967   0.283019   0.283019
      92   0.065217   0.283019   0.283019
      93   0.053763   0.283019   0.283019
      94   0.042553   0.283019   0.283019
      95   0.073684   0.283019   0.283019
      96   0.062500   0.283019   0.283019
      97   0.051546   0.283019   0.283019
      98   0.061224   0.283019   0.283019
      99   0.030303   0.283019   0.283019
     100   0.100000   0.283019   0.283019
     101   0.089109   0.283019   0.283019
     102   0.000000   0.283019   0.283019
     103   0.165049   0.283019   0.283019
     104   0.057692   0.283019   0.283019
     105   0.219048   0.283019   0.283019
     106   0.094340   0.283019   0.283019
     107   0.102804   0.283019   0.283019
     108   0.037037   0.283019   0.283019
     109   0.027523   0.283019   0.283019
     110   0.109091   0.283019   0.283019
     111   0.009009   0.283019   0.283019
     112   0.125000   0.283019   0.283019
     113   0.026549   0.283019   0.283019
     114   0.052632   0.283019   0.283019
     115   0.060870   0.283019   0.283019
     116   0.068966   0.283019   0.283019
     117   0.213675   0.283019   0.283019
     118   0.050847   0.283019   0.283019
     119   0.075630   0.283019   0.283019
     120   0.100000   0.283019   0.283019
     121   0.024793   0.283019   0.283019
     122   0.032787   0.283019   0.283019
     123   0.024390   0.283019   0.283019
     124   0.032258   0.283019   0.283019
     125   0.024000   0.283019   0.283019
     126   0.063492   0.283019   0.283019
     127   0.086614   0.283019   0.283019
     128   0.046875   0.283019   0.283019
     129   0.069767   0.283019   0.283019
     130   0.061538   0.283019   0.283019
     131   0.038168   0.283019   0.283019
     132   0.090909   0.283019   0.283019
     133   0.022556   0.283019   0.283019
     134   0.014925   0.283019   0.283019
     135   0.007407   0.283019   0.283019
     136   0.029412   0.283019   0.283019
     137   0.124088   0.283019   0.283019
     138   0.043478   0.283019   0.283019
     139   0.021583   0.283019   0.283019
     140   0.028571   0.283019   0.283019
     141   0.021277   0.283019   0.283019
     142   0.042254   0.283019   0.283019
     143   0.062937   0.283019   0.283019
     144   0.027778   0.283019   0.283019
     145   0.186207   0.283019   0.283019
     146   0.027397   0.283019   0.283019
     147   0.142857   0.283019   0.283019
     148   0.027027   0.283019   0.283019
     149   0.114094   0.283019   0.283019
     150   0.026667   0.283019   0.283019
     151   0.086093   0.283019   0.283019
     152   0.065789   0.283019   0.283019
     153   0.176471   0.283019   0.283019
     154   0.103896   0.283019   0.283019
     155   0.122581   0.283019   0.283019
     156   0.025641   0.283019   0.283019
     157   0.095541   0.283019   0.283019
     158   0.101266   0.283019   0.283019
     159   0.056604   0.283019   0.283019
     160   0.050000   0.283019   0.283019
     161   0.068323   0.283019   0.283019
     162   0.037037   0.283019   0.283019
     163   0.067485   0.283019   0.283019
     164   0.024390   0.283019   0.283019
     165   0.042424   0.283019   0.283019
     166   0.036145   0.283019   0.283019
     167   0.041916   0.283019   0.283019
     168   0.059524   0.283019   0.283019
     169   0.100592   0.283019   0.283019
     170   0.058824   0.283019   0.283019
     171   0.029240   0.283019   0.283019
     172   0.139535   0.283019   0.283019
     173   0.156069   0.283019   0.283019
     174   0.057471   0.283019   0.283019
     175   0.062857   0.283019   0.283019
     176   0.170455   0.283019   0.283019
     177   0.016949   0.283019   0.283019
     178   0.000000   0.283019   0.283019
     179   0.016760   0.283019   0.283019
     180   0.066667   0.283019   0.283019
     181   0.005525   0.283019   0.283019
     182   0.076923   0.283019   0.283019
     183   0.027322   0.283019   0.283019
     184   0.076087   0.283019   0.283019
     185   0.037838   0.283019   0.283019
     186   0.096774   0.283019   0.283019
     187   0.016043   0.283019   0.283019
     188   0.244681   0.283019   0.283019
     189   0.037037   0.283019   0.283019
     190   0.021053   0.283019   0.283019
     191   0.036649   0.283019   0.283019
     192   0.062500   0.283019   0.283019
     193   0.098446   0.283019   0.283019
     194   0.082474   0.283019   0.283019
     195   0.015385   0.283019   0.283019
     196   0.061224   0.283019   0.283019
     197   0.005076   0.283019   0.283019
     198   0.010101   0.283019   0.283019
     199   0.085427   0.283019   0.283019
     200   0.000000   0.283019   0.283019
     201   0.154229   0.283019   0.283019
     202   0.039604   0.283019   0.283019
     203   0.004926   0.283019   0.283019
     204   0.068627   0.283019   0.283019
     205   0.034146   0.283019   0.283019
     206   0.058252   0.283019   0.283019
     207   0.004831   0.283019   0.283019
     208   0.009615   0.283019   0.283019
     209   0.100478   0.283019   0.283019
     210   0.152381   0.283019   0.283019
     211   0.080569   0.283019   0.283019
     212   0.075472   0.283019   0.283019
     213   0.107981   0.283019   0.283019
     214   0.196262   0.283019   0.283019
     215   0.060465   0.283019   0.283019
     216   0.018519   0.283019   0.283019
     217   0.059908   0.283019   0.283019
     218   0.064220   0.283019   0.283019
     219   0.077626   0.283019   0.283019
     220   0.027273   0.283019   0.283019
     221   0.031674   0.283019   0.283019
     222   0.045045   0.283019   0.283019
     223   0.094170   0.283019   0.283019
     224   0.008929   0.283019   0.283019
     225   0.040000   0.283019   0.283019
     226   0.123894   0.283019   0.283019
     227   0.030837   0.283019   0.283019
     228   0.035088   0.283019   0.283019
     229   0.030568   0.283019   0.283019
     230   0.052174   0.283019   0.283019
     231   0.030303   0.283019   0.283019
     232   0.051724   0.283019   0.283019
     233   0.021459   0.283019   0.283019
     234   0.034188   0.283019   0.283019
     235   0.080851   0.283019   0.283019
     236   0.033898   0.283019   0.283019
     237   0.012658   0.283019   0.283019
     238   0.058824   0.283019   0.283019
     239   0.071130   0.283019   0.283019
     240   0.016667   0.283019   0.283019
     241   0.037344   0.283019   0.283019
     242   0.008264   0.283019   0.283019
     243   0.102881   0.283019   0.283019
     244   0.024590   0.283019   0.283019
     245   0.053061   0.283019   0.283019
     246   0.024390   0.283019   0.283019
     247   0.060729   0.283019   0.283019
     248   0.056452   0.283019   0.283019
     249   0.052209   0.283019   0.283019
     250   0.032000   0.283019   0.283019
     251   0.003984   0.283019   0.283019
     252   0.039683   0.283019   0.283019
     253   0.051383   0.283019   0.283019
     254   0.039370   0.283019   0.283019
     255   0.003922   0.283019   0.283019
     256   0.070312   0.283019   0.283019
     257   0.003891   0.283019   0.283019
     258   0.062016   0.283019   0.283019
     259   0.027027   0.283019   0.283019
     260   0.061538   0.283019   0.283019
     261   0.003831   0.283019   0.283019
     262   0.038168   0.283019   0.283019
     263   0.026616   0.283019   0.283019
     264   0.045455   0.283019   0.283019
     265   0.033962   0.283019   0.283019
     266   0.022556   0.283019   0.283019
     267   0.063670   0.283019   0.283019
     268   0.037313   0.283019   0.283019
     269   0.070632   0.283019   0.283019
     270   0.044444   0.283019   0.283019
     271   0.025830   0.283019   0.283019
     272   0.080882   0.283019   0.283019
     273   0.069597   0.283019   0.283019
     274   0.160584   0.283019   0.283019
     275   0.061818   0.283019   0.283019
     276   0.043478   0.283019   0.283019
     277   0.018051   0.283019   0.283019
     278   0.100719   0.283019   0.283019
     279   0.053763   0.283019   0.283019
     280   0.000000   0.283019   0.283019
     281   0.131673   0.283019   0.283019
     282   0.049645   0.283019   0.283019
     283   0.088339   0.283019   0.283019
     284   0.021127   0.283019   0.283019
     285   0.003509   0.283019   0.283019
     286   0.013986   0.283019   0.283019
     287   0.003484   0.283019   0.283019
     288   0.027778   0.283019   0.283019
     289   0.010381   0.283019   0.283019
     290   0.089655   0.283019   0.283019
     291   0.106529   0.283019   0.283019
     292   0.041096   0.283019   0.283019
     293   0.023891   0.283019   0.283019
     294   0.020408   0.283019   0.283019
     295   0.010169   0.283019   0.283019
     296   0.040541   0.283019   0.283019
     297   0.124579   0.283019   0.283019
     298   0.093960   0.283019   0.283019
     299   0.016722   0.283019   0.283019
     300   0.033333   0.283019   0.283019
     301   0.043189   0.283019   0.283019
     302   0.019868   0.283019   0.283019
     303   0.036304   0.283019   0.283019
     304   0.092105   0.283019   0.283019
     305   0.016393   0.283019   0.283019
     306   0.000000   0.283019   0.283019
     307   0.094463   0.283019   0.283019
     308   0.012987   0.283019   0.283019
     309   0.042071   0.283019   0.283019
     310   0.058065   0.283019   0.283019
     311   0.054662   0.283019   0.283019
     312   0.044872   0.283019   0.283019
     313   0.003195   0.283019   0.283019
     314   0.038217   0.283019   0.283019
     315   0.015873   0.283019   0.283019
     316   0.069620   0.283019   0.283019
     317   0.034700   0.283019   0.283019
     318   0.081761   0.283019   0.283019
     319   0.084639   0.283019   0.283019
     320   0.068750   0.283019   0.283019
     321   0.009346   0.283019   0.283019
     322   0.000000   0.283019   0.283019
     323   0.009288   0.283019   0.283019
     324   0.092593   0.283019   0.283019
     325   0.027692   0.283019   0.283019
     326   0.036810   0.283019   0.283019
     327   0.003058   0.283019   0.283019
     328   0.054878   0.283019   0.283019
     329   0.021277   0.283019   0.283019
     330   0.036364   0.283019   0.283019
     331   0.033233   0.283019   0.283019
     332   0.072289   0.283019   0.283019
     333   0.009009   0.283019   0.283019
     334   0.005988   0.283019   0.283019
     335   0.014925   0.283019   0.283019
     336   0.005952   0.283019   0.283019
     337   0.056380   0.283019   0.283019
     338   0.053254   0.283019   0.283019
     339   0.091445   0.283019   0.283019
     340   0.129412   0.283019   0.283019
     341   0.073314   0.283019   0.283019
     342   0.058480   0.283019   0.283019
     343   0.049563   0.283019   0.283019
     344   0.005814   0.283019   0.283019
     345   0.060870   0.283019   0.283019
     346   0.109827   0.283019   0.283019
     347   0.002882   0.283019   0.283019
     348   0.103448   0.283019   0.283019
     349   0.014327   0.283019   0.283019
     350   0.080000   0.283019   0.283019
     351   0.019943   0.283019   0.283019
     352   0.085227   0.283019   0.283019
     353   0.002833   0.283019   0.283019
     354   0.016949   0.283019   0.283019
     355   0.036620   0.283019   0.283019
     356   0.146067   0.283019   0.283019
     357   0.014006   0.283019   0.283019
     358   0.005587   0.283019   0.283019
     359   0.036212   0.283019   0.283019
     360   0.027778   0.283019   0.283019
     361   0.146814   0.283019   0.283019
     362   0.066298   0.283019   0.283019
     363   0.019284   0.283019   0.283019
     364   0.060440   0.283019   0.283019
     365   0.002740   0.283019   0.283019
     366   0.049180   0.283019   0.283019
     367   0.106267   0.283019   0.283019
     368   0.021739   0.283019   0.283019
     369   0.056911   0.283019   0.283019
     370   0.054054   0.283019   0.283019
     371   0.024259   0.283019   0.283019
     372   0.016129   0.283019   0.283019
     373   0.034853   0.283019   0.283019
     374   0.016043   0.283019   0.283019
     375   0.008000   0.283019   0.283019
     376   0.000000   0.283019   0.283019
     377   0.034483   0.283019   0.283019
     378   0.015873   0.283019   0.283019
     379   0.065963   0.283019   0.283019
     380   0.052632   0.283019   0.283019
     381   0.065617   0.283019   0.283019
     382   0.020942   0.283019   0.283019
     383   0.002611   0.283019   0.283019
     384   0.109375   0.283019   0.283019
     385   0.033766   0.283019   0.283019
     386   0.134715   0.283019   0.283019
     387   0.012920   0.283019   0.283019
     388   0.036082   0.283019   0.283019
     389   0.028278   0.283019   0.283019
     390   0.112821   0.283019   0.283019
     391   0.017903   0.283019   0.283019
     392   0.015306   0.283019   0.283019
     393   0.053435   0.283019   0.283019
     394   0.035533   0.283019   0.283019
     395   0.022785   0.283019   0.283019
     396   0.015152   0.283019   0.283019
     397   0.002519   0.283019   0.283019
     398   0.010050   0.283019   0.283019
     399   0.087719   0.283019   0.283019
     400   0.040000   0.283019   0.283019
     401   0.012469   0.283019   0.283019
     402   0.044776   0.283019   0.283019
     403   0.042184   0.283019   0.283019
     404   0.108911   0.283019   0.283019
     405   0.037037   0.283019   0.283019
     406   0.034483   0.283019   0.283019
     407   0.031941   0.283019   0.283019
     408   0.029412   0.283019   0.283019
     409   0.105134   0.283019   0.283019
     410   0.009756   0.283019   0.283019
     411   0.021898   0.283019   0.283019
     412   0.135922   0.283019   0.283019
     413   0.031477   0.283019   0.283019
     414   0.048309   0.283019   0.283019
     415   0.026506   0.283019   0.283019
     416   0.014423   0.283019   0.283019
     417   0.026379   0.283019   0.283019
     418   0.028708   0.283019   0.283019
     419   0.059666   0.283019   0.283019
     420   0.052381   0.283019   0.283019
     421   0.021378   0.283019   0.283019
     422   0.071090   0.283019   0.283019
     423   0.030733   0.283019   0.283019
     424   0.084906   0.283019   0.283019
     425   0.110588   0.283019   0.283019
     426   0.103286   0.283019   0.283019
     427   0.002342   0.283019   0.283019
     428   0.074766   0.283019   0.283019
     429   0.030303   0.283019   0.283019
     430   0.004651   0.283019   0.283019
     431   0.085847   0.283019   0.283019
     432   0.027778   0.283019   0.283019
     433   0.006928   0.283019   0.283019
     434   0.009217   0.283019   0.283019
     435   0.080460   0.283019   0.283019
     436   0.114679   0.283019   0.283019
     437   0.052632   0.283019   0.283019
     438   0.031963   0.283019   0.283019
     439   0.056948   0.283019   0.283019
     440   0.040909   0.283019   0.283019
     441   0.006803   0.283019   0.283019
     442   0.027149   0.283019   0.283019
     443   0.006772   0.283019   0.283019
     444   0.018018   0.283019   0.283019
     445   0.033708   0.283019   0.283019
     446   0.107623   0.283019   0.283019
     447   0.015660   0.283019   0.283019
     448   0.008929   0.283019   0.283019
     449   0.024499   0.283019   0.283019
     450   0.035556   0.283019   0.283019
     451   0.042129   0.283019   0.283019
     452   0.004425   0.283019   0.283019
     453   0.024283   0.283019   0.283019
     454   0.052863   0.283019   0.283019
     455   0.068132   0.283019   0.283019
     456   0.008772   0.283019   0.283019
     457   0.098468   0.283019   0.283019
     458   0.131004   0.283019   0.283019
     459   0.002179   0.283019   0.283019
     460   0.043478   0.283019   0.283019
     461   0.110629   0.283019   0.283019
     462   0.017316   0.283019   0.283019
     463   0.045356   0.283019   0.283019
     464   0.017241   0.283019   0.283019
     465   0.006452   0.283019   0.283019
     466   0.081545   0.283019   0.283019
     467   0.044968   0.283019   0.283019
     468   0.004274   0.283019   0.283019
     469   0.044776   0.283019   0.283019
     470   0.076596   0.283019   0.283019
     471   0.006369   0.283019   0.283019
     472   0.008475   0.283019   0.283019
     473   0.061311   0.283019   0.283019
     474   0.012658   0.283019   0.283019
     475   0.094737   0.283019   0.283019
     476   0.033613   0.283019   0.283019
     477   0.031447   0.283019   0.283019
     478   0.058577   0.283019   0.283019
     479   0.018789   0.283019   0.283019
     480   0.083333   0.283019   0.283019
     481   0.018711   0.283019   0.283019
     482   0.008299   0.283019   0.283019
     483   0.002070   0.283019   0.283019
     484   0.012397   0.283019   0.283019
     485   0.026804   0.283019   0.283019
     486   0.008230   0.283019   0.283019
     487   0.026694   0.283019   0.283019
     488   0.086066   0.283019   0.283019
     489   0.018405   0.283019   0.283019
     490   0.036735   0.283019   0.283019
     491   0.018330   0.283019   0.283019
     492   0.024390   0.283019   0.283019
     493   0.050710   0.283019   0.283019
     494   0.000000   0.283019   0.283019
     495   0.090909   0.283019   0.283019
     496   0.108871   0.283019   0.283019
     497   0.010060   0.283019   0.283019
     498   0.008032   0.283019   0.283019
     499   0.034068   0.283019   0.283019
     500   0.004000   0.283019   0.283019
     501   0.021956   0.283019   0.283019
     502   0.039841   0.283019   0.283019
     503   0.033797   0.283019   0.283019
     504   0.031746   0.283019   0.283019
     505   0.013861   0.283019   0.283019
     506   0.023715   0.283019   0.283019
     507   0.009862   0.283019   0.283019
     508   0.011811   0.283019   0.283019
     509   0.001965   0.283019   0.283019
     510   0.031373   0.283019   0.283019
     511   0.056751   0.283019   0.283019
     512   0.046875   0.283019   0.283019
     513   0.005848   0.283019   0.283019
     514   0.023346   0.283019   0.283019
     515   0.087379   0.283019   0.283019
     516   0.062016   0.283019   0.283019
     517   0.013540   0.283019   0.283019
     518   0.003861   0.283019   0.283019
     519   0.040462   0.283019   0.283019
     520   0.011538   0.283019   0.283019
     521   0.044146   0.283019   0.283019
     522   0.003831   0.283019   0.283019
     523   0.047801   0.283019   0.283019
     524   0.041985   0.283019   0.283019
     525   0.028571   0.283019   0.283019
     526   0.003802   0.283019   0.283019
     527   0.028463   0.283019   0.283019
     528   0.018939   0.283019   0.283019
     529   0.054820   0.283019   0.283019
     530   0.037736   0.283019   0.283019
     531   0.050847   0.283019   0.283019
     532   0.048872   0.283019   0.283019
     533   0.050657   0.283019   0.283019
     534   0.007491   0.283019   0.283019
     535   0.046729   0.283019   0.283019
     536   0.093284   0.283019   0.283019
     537   0.031657   0.283019   0.283019
     538   0.022305   0.283019   0.283019
     539   0.090909   0.283019   0.283019
     540   0.055556   0.283019   0.283019
     541   0.009242   0.283019   0.283019
     542   0.011070   0.283019   0.283019
     543   0.012891   0.283019   0.283019
     544   0.003676   0.283019   0.283019
     545   0.042202   0.283019   0.283019
     546   0.032967   0.283019   0.283019
     547   0.034735   0.283019   0.283019
     548   0.000000   0.283019   0.283019
     549   0.023679   0.283019   0.283019
     550   0.036364   0.283019   0.283019
     551   0.001815   0.283019   0.283019
     552   0.028986   0.283019   0.283019
     553   0.034358   0.283019   0.283019
     554   0.021661   0.283019   0.283019
     555   0.023423   0.283019   0.283019
     556   0.003597   0.283019   0.283019
     557   0.052065   0.283019   0.283019
     558   0.035842   0.283019   0.283019
     559   0.037567   0.283019   0.283019
     560   0.014286   0.283019   0.283019
     561   0.005348   0.283019   0.283019
     562   0.039146   0.283019   0.283019
     563   0.026643   0.283019   0.283019
     564   0.056738   0.283019   0.283019
     565   0.005310   0.283019   0.283019
     566   0.084806   0.283019   0.283019
     567   0.075838   0.283019   0.283019
     568   0.049296   0.283019   0.283019
     569   0.001757   0.283019   0.283019
     570   0.031579   0.283019   0.283019
     571   0.057793   0.283019   0.283019
     572   0.038462   0.283019   0.283019
     573   0.043630   0.283019   0.283019
     574   0.097561   0.283019   0.283019
     575   0.033043   0.283019   0.283019
     576   0.010417   0.283019   0.283019
     577   0.001733   0.283019   0.283019
     578   0.020761   0.283019   0.283019
     579   0.056995   0.283019   0.283019
     580   0.013793   0.283019   0.283019
     581   0.056799   0.283019   0.283019
     582   0.048110   0.283019   0.283019
     583   0.029160   0.283019   0.283019
     584   0.023973   0.283019   0.283019
     585   0.025641   0.283019   0.283019
     586   0.023891   0.283019   0.283019
     587   0.015332   0.283019   0.283019
     588   0.044218   0.283019   0.283019
     589   0.052632   0.283019   0.283019
     590   0.020339   0.283019   0.283019
     591   0.062606   0.283019   0.283019
     592   0.111486   0.283019   0.283019
     593   0.038786   0.283019   0.283019
     594   0.104377   0.283019   0.283019
     595   0.058824   0.283019   0.283019
     596   0.046980   0.283019   0.283019
     597   0.035176   0.283019   0.283019
     598   0.020067   0.283019   0.283019
     599   0.038397   0.283019   0.283019
     600   0.013333   0.283019   0.283019
     601   0.051581   0.283019   0.283019
     602   0.006645   0.283019   0.283019
     603   0.061360   0.283019   0.283019
     604   0.006623   0.283019   0.283019
     605   0.018182   0.283019   0.283019
     606   0.029703   0.283019   0.283019
     607   0.014827   0.283019   0.283019
     608   0.138158   0.283019   0.283019
     609   0.001642   0.283019   0.283019
     610   0.039344   0.283019   0.283019
     611   0.008183   0.283019   0.283019
     612   0.029412   0.283019   0.283019
     613   0.050571   0.283019   0.283019
     614   0.026059   0.283019   0.283019
     615   0.060163   0.283019   0.283019
     616   0.029221   0.283019   0.283019
     617   0.011345   0.283019   0.283019
     618   0.074434   0.283019   0.283019
     619   0.069467   0.283019   0.283019
     620   0.016129   0.283019   0.283019
     621   0.024155   0.283019   0.283019
     622   0.048232   0.283019   0.283019
     623   0.033708   0.283019   0.283019
     624   0.012821   0.283019   0.283019
     625   0.084800   0.283019   0.283019
     626   0.003195   0.283019   0.283019
     627   0.039872   0.283019   0.283019
     628   0.003185   0.283019   0.283019
     629   0.001590   0.283019   0.283019
     630   0.031746   0.283019   0.283019
     631   0.030111   0.283019   0.283019
     632   0.012658   0.283019   0.283019
     633   0.052133   0.283019   0.283019
     634   0.015773   0.283019   0.283019
     635   0.036220   0.283019   0.283019
     636   0.094340   0.283019   0.283019
     637   0.054945   0.283019   0.283019
     638   0.037618   0.283019   0.283019
     639   0.017214   0.283019   0.283019
     640   0.037500   0.283019   0.283019
     641   0.007800   0.283019   0.283019
     642   0.031153   0.283019   0.283019
     643   0.001555   0.283019   0.283019
     644   0.024845   0.283019   0.283019
     645   0.023256   0.283019   0.283019
     646   0.024768   0.283019   0.283019
     647   0.044822   0.283019   0.283019
     648   0.055556   0.283019   0.283019
     649   0.010786   0.283019   0.283019
     650   0.018462   0.283019   0.283019
     651   0.023041   0.283019   0.283019
     652   0.055215   0.283019   0.283019
     653   0.001531   0.283019   0.283019
     654   0.061162   0.283019   0.283019
     655   0.004580   0.283019   0.283019
     656   0.082317   0.283019   0.283019
     657   0.038052   0.283019   0.283019
     658   0.051672   0.283019   0.283019
     659   0.071320   0.283019   0.283019
     660   0.030303   0.283019   0.283019
     661   0.007564   0.283019   0.283019
     662   0.048338   0.283019   0.283019
     663   0.079940   0.283019   0.283019
     664   0.033133   0.283019   0.283019
     665   0.016541   0.283019   0.283019
     666   0.027027   0.283019   0.283019
     667   0.046477   0.283019   0.283019
     668   0.029940   0.283019   0.283019
     669   0.013453   0.283019   0.283019
     670   0.008955   0.283019   0.283019
     671   0.034277   0.283019   0.283019
     672   0.038690   0.283019   0.283019
     673   0.010401   0.283019   0.283019
     674   0.044510   0.283019   0.283019
     675   0.010370   0.283019   0.283019
     676   0.044379   0.283019   0.283019
     677   0.033973   0.283019   0.283019
     678   0.000000   0.283019   0.283019
     679   0.075110   0.283019   0.283019
     680   0.005882   0.283019   0.283019
     681   0.060206   0.283019   0.283019
     682   0.041056   0.283019   0.283019
     683   0.021962   0.283019   0.283019
     684   0.076023   0.283019   0.283019
     685   0.027737   0.283019   0.283019
     686   0.064140   0.283019   0.283019
     687   0.013100   0.283019   0.283019
     688   0.005814   0.283019   0.283019
     689   0.024673   0.283019   0.283019
     690   0.040580   0.283019   0.283019
     691   0.013025   0.283019   0.283019
     692   0.005780   0.283019   0.283019
     693   0.059163   0.283019   0.283019
     694   0.014409   0.283019   0.283019
     695   0.010072   0.283019   0.283019
     696   0.022989   0.283019   0.283019
     697   0.084648   0.283019   0.283019
     698   0.017192   0.283019   0.283019
     699   0.024320   0.283019   0.283019
     700   0.037143   0.283019   0.283019
     701   0.009986   0.283019   0.283019
     702   0.008547   0.283019   0.283019
     703   0.024182   0.283019   0.283019
     704   0.000000   0.283019   0.283019
     705   0.007092   0.283019   0.283019
     706   0.005666   0.283019   0.283019
     707   0.055163   0.283019   0.283019
     708   0.048023   0.283019   0.283019
     709   0.018336   0.283019   0.283019
     710   0.022535   0.283019   0.283019
     711   0.035162   0.283019   0.283019
     712   0.011236   0.283019   0.283019
     713   0.007013   0.283019   0.283019
     714   0.056022   0.283019   0.283019
     715   0.012587   0.283019   0.283019
     716   0.036313   0.283019   0.283019
     717   0.006974   0.283019   0.283019
     718   0.022284   0.283019   0.283019
     719   0.026426   0.283019   0.283019
     720   0.030556   0.283019   0.283019
     721   0.054092   0.283019   0.283019
     722   0.044321   0.283019   0.283019
     723   0.042877   0.283019   0.283019
     724   0.044199   0.283019   0.283019
     725   0.084138   0.283019   0.283019
     726   0.046832   0.283019   0.283019
     727   0.034388   0.283019   0.283019
     728   0.005495   0.283019   0.283019
     729   0.001372   0.283019   0.283019
     730   0.005479   0.283019   0.283019
     731   0.006840   0.283019   0.283019
     732   0.030055   0.283019   0.283019
     733   0.045020   0.283019   0.283019
     734   0.029973   0.283019   0.283019
     735   0.014966   0.283019   0.283019
     736   0.005435   0.283019   0.283019
     737   0.031208   0.283019   0.283019
     738   0.024390   0.283019   0.283019
     739   0.023004   0.283019   0.283019
     740   0.008108   0.283019   0.283019
     741   0.039136   0.283019   0.283019
     742   0.008086   0.283019   0.283019
     743   0.006729   0.283019   0.283019
     744   0.013441   0.283019   0.283019
     745   0.028188   0.283019   0.283019
     746   0.034853   0.283019   0.283019
     747   0.001339   0.283019   0.283019
     748   0.018717   0.283019   0.283019
     749   0.060080   0.283019   0.283019
     750   0.029333   0.283019   0.283019
     751   0.019973   0.283019   0.283019
     752   0.005319   0.283019   0.283019
     753   0.011952   0.283019   0.283019
     754   0.015915   0.283019   0.283019
     755   0.041060   0.283019   0.283019
     756   0.026455   0.283019   0.283019
     757   0.001321   0.283019   0.283019
     758   0.026385   0.283019   0.283019
     759   0.003953   0.283019   0.283019
     760   0.005263   0.283019   0.283019
     761   0.006570   0.283019   0.283019
     762   0.018373   0.283019   0.283019
     763   0.106160   0.283019   0.283019
     764   0.034031   0.283019   0.283019
     765   0.009150   0.283019   0.283019
     766   0.026110   0.283019   0.283019
     767   0.003911   0.283019   0.283019
     768   0.088542   0.283019   0.283019
     769   0.024707   0.283019   0.283019
     770   0.135065   0.283019   0.283019
     771   0.027237   0.283019   0.283019
     772   0.056995   0.283019   0.283019
     773   0.037516   0.283019   0.283019
     774   0.020672   0.283019   0.283019
     775   0.076129   0.283019   0.283019
     776   0.002577   0.283019   0.283019
     777   0.042471   0.283019   0.283019
     778   0.043702   0.283019   0.283019
     779   0.032092   0.283019   0.283019
     780   0.051282   0.283019   0.283019
     781   0.001280   0.283019   0.283019
     782   0.028133   0.283019   0.283019
     783   0.037037   0.283019   0.283019
     784   0.007653   0.283019   0.283019
     785   0.019108   0.283019   0.283019
     786   0.012723   0.283019   0.283019
     787   0.016518   0.283019   0.283019
     788   0.068528   0.283019   0.283019
     789   0.054499   0.283019   0.283019
     790   0.007595   0.283019   0.283019
     791   0.054362   0.283019   0.283019
     792   0.020202   0.283019   0.283019
     793   0.026482   0.283019   0.283019
     794   0.030227   0.283019   0.283019
     795   0.046541   0.283019   0.283019
     796   0.010050   0.283019   0.283019
     797   0.011292   0.283019   0.283019
     798   0.000000   0.283019   0.283019
     799   0.001252   0.283019   0.283019
     800   0.020000   0.283019   0.283019
     801   0.038702   0.283019   0.283019
     802   0.007481   0.283019   0.283019
     803   0.018680   0.283019   0.283019
     804   0.022388   0.283019   0.283019
     805   0.021118   0.283019   0.283019
     806   0.044665   0.283019   0.283019
     807   0.075589   0.283019   0.283019
     808   0.012376   0.283019   0.283019
     809   0.033375   0.283019   0.283019
     810   0.004938   0.283019   0.283019
     811   0.001233   0.283019   0.283019
     812   0.007389   0.283019   0.283019
     813   0.023370   0.283019   0.283019
     814   0.004914   0.283019   0.283019
     815   0.011043   0.283019   0.283019
     816   0.017157   0.283019   0.283019
     817   0.011016   0.283019   0.283019
     818   0.031785   0.283019   0.283019
     819   0.008547   0.283019   0.283019
     820   0.012195   0.283019   0.283019
     821   0.084044   0.283019   0.283019
     822   0.043796   0.283019   0.283019
     823   0.030377   0.283019   0.283019
     824   0.053398   0.283019   0.283019
     825   0.073939   0.283019   0.283019
     826   0.019370   0.283019   0.283019
     827   0.027811   0.283019   0.283019
     828   0.004831   0.283019   0.283019
     829   0.001206   0.283019   0.283019
     830   0.053012   0.283019   0.283019
     831   0.001203   0.283019   0.283019
     832   0.031250   0.283019   0.283019
     833   0.008403   0.283019   0.283019
     834   0.035971   0.283019   0.283019
     835   0.001198   0.283019   0.283019
     836   0.007177   0.283019   0.283019
     837   0.010753   0.283019   0.283019
     838   0.031026   0.283019   0.283019
     839   0.017878   0.283019   0.283019
     840   0.066667   0.283019   0.283019
     841   0.010702   0.283019   0.283019
     842   0.011876   0.283019   0.283019
     843   0.017794   0.283019   0.283019
     844   0.007109   0.283019   0.283019
     845   0.031953   0.283019   0.283019
     846   0.023641   0.283019   0.283019
     847   0.012987   0.283019   0.283019
     848   0.011792   0.283019   0.283019
     849   0.001178   0.283019   0.283019
     850   0.056471   0.283019   0.283019
     851   0.029377   0.283019   0.283019
     852   0.061033   0.283019   0.283019
     853   0.022274   0.283019   0.283019
     854   0.028103   0.283019   0.283019
     855   0.031579   0.283019   0.283019
     856   0.002336   0.283019   0.283019
     857   0.022170   0.283019   0.283019
     858   0.009324   0.283019   0.283019
     859   0.022119   0.283019   0.283019
     860   0.009302   0.283019   0.283019
     861   0.005807   0.283019   0.283019
     862   0.032483   0.283019   0.283019
     863   0.010429   0.283019   0.283019
     864   0.037037   0.283019   0.283019
     865   0.031214   0.283019   0.283019
     866   0.004619   0.283019   0.283019
     867   0.017301   0.283019   0.283019
     868   0.013825   0.283019   0.283019
     869   0.008055   0.283019   0.283019
     870   0.050575   0.283019   0.283019
     871   0.017222   0.283019   0.283019
     872   0.016055   0.283019   0.283019
     873   0.010309   0.283019   0.283019
     874   0.022883   0.283019   0.283019
     875   0.053714   0.283019   0.283019
     876   0.015982   0.283019   0.283019
     877   0.049031   0.283019   0.283019
     878   0.063781   0.283019   0.283019
     879   0.048919   0.283019   0.283019
     880   0.004545   0.283019   0.283019
     881   0.010216   0.283019   0.283019
     882   0.027211   0.283019   0.283019
     883   0.035108   0.283019   0.283019
     884   0.015837   0.283019   0.283019
     885   0.035028   0.283019   0.283019
     886   0.060948   0.283019   0.283019
     887   0.001127   0.283019   0.283019
     888   0.000000   0.283019   0.283019
     889   0.084364   0.283019   0.283019
     890   0.022472   0.283019   0.283019
     891   0.007856   0.283019   0.283019
     892   0.000000   0.283019   0.283019
     893   0.041433   0.283019   0.283019
     894   0.026846   0.283019   0.283019
     895   0.012291   0.283019   0.283019
     896   0.002232   0.283019   0.283019
     897   0.027871   0.283019   0.283019
     898   0.024499   0.283019   0.283019
     899   0.063404   0.283019   0.283019
     900   0.015556   0.283019   0.283019
     901   0.012209   0.283019   0.283019
     902   0.048780   0.283019   0.283019
     903   0.034330   0.283019   0.283019
     904   0.019912   0.283019   0.283019
     905   0.043094   0.283019   0.283019
     906   0.035320   0.283019   0.283019
     907   0.014333   0.283019   0.283019
     908   0.022026   0.283019   0.283019
     909   0.020902   0.283019   0.283019
     910   0.013187   0.283019   0.283019
     911   0.007684   0.283019   0.283019
     912   0.015351   0.283019   0.283019
     913   0.016429   0.283019   0.283019
     914   0.004376   0.283019   0.283019
     915   0.042623   0.283019   0.283019
     916   0.043668   0.283019   0.283019
     917   0.005453   0.283019   0.283019
     918   0.041394   0.283019   0.283019
     919   0.029380   0.283019   0.283019
     920   0.006522   0.283019   0.283019
     921   0.053203   0.283019   0.283019
     922   0.032538   0.283019   0.283019
     923   0.029252   0.283019   0.283019
     924   0.000000   0.283019   0.283019
     925   0.007568   0.283019   0.283019
     926   0.000000   0.283019   0.283019
     927   0.029126   0.283019   0.283019
     928   0.012931   0.283019   0.283019
     929   0.005382   0.283019   0.283019
     930   0.030108   0.283019   0.283019
     931   0.026853   0.283019   0.283019
     932   0.040773   0.283019   0.283019
     933   0.007503   0.283019   0.283019
     934   0.092077   0.283019   0.283019
     935   0.060963   0.283019   0.283019
     936   0.036325   0.283019   0.283019
     937   0.020277   0.283019   0.283019
     938   0.002132   0.283019   0.283019
     939   0.052183   0.283019   0.283019
     940   0.006383   0.283019   0.283019
     941   0.011690   0.283019   0.283019
     942   0.031847   0.283019   0.283019
     943   0.013786   0.283019   0.283019
     944   0.016949   0.283019   0.283019
     945   0.024339   0.283019   0.283019
     946   0.008457   0.283019   0.283019
     947   0.022175   0.283019   0.283019
     948   0.014768   0.283019   0.283019
     949   0.026344   0.283019   0.283019
     950   0.025263   0.283019   0.283019
     951   0.059937   0.283019   0.283019
     952   0.052521   0.283019   0.283019
     953   0.013641   0.283019   0.283019
     954   0.023061   0.283019   0.283019
     955   0.036649   0.283019   0.283019
     956   0.016736   0.283019   0.283019
     957   0.001045   0.283019   0.283019
     958   0.039666   0.283019   0.283019
     959   0.023983   0.283019   0.283019
     960   0.039583   0.283019   0.283019
     961   0.005203   0.283019   0.283019
     962   0.091476   0.283019   0.283019
     963   0.038422   0.283019   0.283019
     964   0.049793   0.283019   0.283019
     965   0.003109   0.283019   0.283019
     966   0.031056   0.283019   0.283019
     967   0.003102   0.283019   0.283019
     968   0.026860   0.283019   0.283019
     969   0.019608   0.283019   0.283019
     970   0.035052   0.283019   0.283019
     971   0.001030   0.283019   0.283019
     972   0.057613   0.283019   0.283019
     973   0.040082   0.283019   0.283019
     974   0.006160   0.283019   0.283019
     975   0.066667   0.283019   0.283019
     976   0.020492   0.283019   0.283019
     977   0.013306   0.283019   0.283019
     978   0.026585   0.283019   0.283019
     979   0.019408   0.283019   0.283019
     980   0.020408   0.283019   0.283019
     981   0.025484   0.283019   0.283019
     982   0.040733   0.283019   0.283019
     983   0.013225   0.283019   0.283019
     984   0.018293   0.283019   0.283019
     985   0.049746   0.283019   0.283019
     986   0.008114   0.283019   0.283019
     987   0.053698   0.283019   0.283019
     988   0.040486   0.283019   0.283019
     989   0.047523   0.283019   0.283019
     990   0.036364   0.283019   0.283019
     991   0.009082   0.283019   0.283019
     992   0.006048   0.283019   0.283019
     993   0.013092   0.283019   0.283019
     994   0.006036   0.283019   0.283019
     995   0.011055   0.283019   0.283019
     996   0.024096   0.283019   0.283019
     997   0.027081   0.283019   0.283019
     998   0.014028   0.283019   0.283019
     999   0.013013   0.283019   0.283019
    1000   0.002000   0.283019   0.283019
