2 4375636191520 -6188084046055 6188084046055
3 5411383550699 -9372791249050 9372791249050
5 2011660902926 -4498210526618 4498210526618
6 3973344241138 -9732665963211 9732665963211
7 3244458264201 -8584029706201 8584029706201
8 2187818095760 -6188084046055 6188084046055
10 2057865001958 -6507540523331 6507540523331
11 2654824769547 -8805057644726 8805057644726
12 644240973030 -2231716195208 2231716195208
13 -378237556338 1363754903686 1363754903686
14 -1664726631610 6228836698126 6228836698126
15 -1058914388154 4101157790383 4101157790383
17 338690415535 -1396456357632 1396456357632
18 -977789853452 4148411015711 4148411015711
19 -1196964290376 5217446380779 5217446380779
20 1005830451463 -4498210526618 4498210526618
21 -2139229741552 9803182219566 9803182219566
22 -1843520342336 8646876867251 8646876867251
23 1567254310140 -7516287625614 7516287625614
24 1986672120569 -9732665963211 9732665963211
26 823444672274 -4198760452286 4198760452286
27 -576563834381 2995913564867 2995913564867
28 30242540742 -160028483633 160028483633
29 -1522174305793 8197159501884 8197159501884
30 42426202925 -232377883710 232377883710
31 967858002401 -5388805294045 5388805294045
32 1093909047880 -6188084046055 6188084046055
33 364566479901 -2094274982616 2094274982616
34 1173520663555 -6842742536793 6842742536793
35 1139435703239 -6740992528071 6740992528071
37 -1497780262278 9110641658008 9110641658008
38 -1338063961744 8248380222646 8248380222646
39 1050044512616 -6557525879513 6557525879513
40 1028932500979 -6507540523331 6507540523331
41 -1367653182800 8757253243192 8757253243192
42 -1325802548186 8592182532085 8592182532085
43 -982274291131 6441203278097 6441203278097
44 -1169145617726 7755234678574 7755234678574
45 -422358085665 2833264171184 2833264171184
46 1221698763408 -8285964153406 8285964153406
47 -1083764931891 7429918041075 7429918041075
48 322120486515 -2231716195208 2231716195208
50 875127238304 -6188084046055 6188084046055
51 -1339798434453 9568074628323 9568074628323
52 -189118778169 1363754903686 1363754903686
53 121492650772 -884479848357 884479848357
54 131892483178 -969207854081 969207854081
55 780383405542 -5787478231532 5787478231532
56 -832363315805 6228836698126 6228836698126
57 852708400803 -6437807247624 6437807247624
58 888790631173 -6768827785628 6768827785628
59 -600407048275 4611814045851 4611814045851
60 -529457194077 4101157790383 4101157790383
61 -417374405944 3259798318759 3259798318759
62 -1026057507953 8079184896814 8079184896814
63 1081486088067 -8584029706201 8584029706201
65 -1201461571886 9686492867224 9686492867224
66 -983113001185 7986847777727 7986847777727
67 -424875178986 3477753224016 3477753224016
68 -1192254391609 9831581578424 9831581578424
69 -1064838828399 8845215622144 8845215622144
70 300801838181 -2516688739137 2516688739137
71 -580730030377 4893318213741 4893318213741
72 -488894926726 4148411015711 4148411015711
73 -300619518916 2568494295537 2568494295537
74 844760797161 -7266907150022 7266907150022
75 257696389212 -2231716195208 2231716195208
76 -598482145188 5217446380779 5217446380779
77 -464044993510 4071978292201 4071978292201
78 -598401664831 5284940405803 5284940405803
79 677015368137 -6017444215509 6017444215509
80 -942951259739 8434012464985 8434012464985
82 1045008622377 -9462955548295 9462955548295
83 -490685762417 4470360046735 4470360046735
84 -1069614870776 9803182219566 9803182219566
85 281311686078 -2593565596149 2593565596149
86 -956786338612 8872871485993 8872871485993
87 188451560297 -1757759136033 1757759136033
88 -921760171168 8646876867251 8646876867251
89 -74855560351 706185943984 706185943984
90 950816507885 -9020237405409 9020237405409
91 769731261829 -7342768252145 7342768252145
92 783627155070 -7516287625614 7516287625614
93 834688048454 -8049440033662 8049440033662
94 -131637056800 1276268617481 1276268617481
95 -418807251758 4082028153003 4082028153003
96 546127711334 -5350936908646 5350936908646
97 -401880220461 3958061144678 3958061144678
98 -851551267178 8429927457697 8429927457697
99 884941589849 -8805057644726 8805057644726
S 526007984625966
