2 -489030 691596 691596 3.17384912717005563e-8
13 2208563 -7963084 7963084 7.90046139717824949e-8
14 1583180 -5923714 5923714 1.14933035240855386e-7
15 -1933409 7488064 7488064 1.89262350796799971e-7
18 -163010 691596 691596 3.17384912717005563e-8
19 2251963 -9816076 9816076 3.22449230121966751e-8
21 1912665 -8764929 8764929 5.81364074888231484e-8
22 298277 -1399040 1399040 1.99507453933990734e-7
27 1878392 -9760408 9760408 1.02081637582502298e-7
29 -954591 5140633 5140633 1.30725111145585266e-8
41 924879 -5922112 5922112 2.07051729781204316e-9
42 1117245 -7240572 7240572 3.62139523338254888e-8
52 215801 -1556160 1556160 1.55117095603674839e-7
59 -1224055 9402148 9402148 3.72296149972899712e-8
80 -691826 6187883 6187883 2.68384174869607182e-7
98 809321 -8011866 8011866 8.36016145382177119e-7
