0
9500000000
9628399986
9628399987
9628399988
9628399989
9628399990
9628399991
9628399992
9628399993
9628399994
9628399995
10000000000
19500000000
19628399986
19628399987
19628399988
19628399989
19628399990
19628399991
19628399992
19628399993
19628399994
19628399995
20000000000
29500000000
29628399986
29628399987
29628399988
29628399989
29628399990
29628399991
29628399992
29628399993
29628399994
29628399995
30000000000
39500000000
39628399986
39628399987
39628399988
39628399989
39628399990
39628399991
39628399992
39628399993
39628399994
39628399995
40000000000
49500000000
49628399986
49628399987
49628399988
49628399989
49628399990
49628399991
49628399992
49628399993
49628399994
49628399995
50000000000
59500000000
59628399986
59628399987
59628399988
59628399989
59628399990
59628399991
59628399992
59628399993
59628399994
59628399995
