0
9465000000
9486799989
9486799990
9486799991
9486799992
9486799993
9486799994
9486799995
9486799996
9486799997
9497400000
9498399989
9498399990
9498399991
9498399992
9498399993
9498399994
9498399995
9498399996
9498399997
9500000000
9882536171
9965000000
9986799989
9986799990
9986799991
9986799992
9986799993
9986799994
9986799995
9986799996
9986799997
9997400000
9998399989
9998399990
9998399991
9998399992
9998399993
9998399994
9998399995
9998399996
9998399997
10000000000
19465000000
19486799989
19486799990
19486799991
19486799992
19486799993
19486799994
19486799995
19486799996
19486799997
19497400000
19498399989
19498399990
19498399991
19498399992
19498399993
19498399994
19498399995
19498399996
19498399997
19500000000
19882536171
19965000000
19986799989
19986799990
19986799991
19986799992
19986799993
19986799994
19986799995
19986799996
19986799997
19997400000
19998399989
19998399990
19998399991
19998399992
19998399993
19998399994
19998399995
19998399996
19998399997
20000000000
29465000000
29486799989
29486799990
29486799991
29486799992
29486799993
29486799994
29486799995
29486799996
29486799997
29497400000
29498399989
29498399990
29498399991
29498399992
29498399993
29498399994
29498399995
29498399996
29498399997
29500000000
29882536171
29965000000
29986799989
29986799990
29986799991
29986799992
29986799993
29986799994
29986799995
29986799996
29986799997
29997400000
29998399989
29998399990
29998399991
29998399992
29998399993
29998399994
29998399995
29998399996
29998399997
30000000000
39465000000
39486799989
39486799990
39486799991
39486799992
39486799993
39486799994
39486799995
39486799996
39486799997
39497400000
39498399989
39498399990
39498399991
39498399992
39498399993
39498399994
39498399995
39498399996
39498399997
39500000000
39882536171
39965000000
39986799989
39986799990
39986799991
39986799992
39986799993
39986799994
39986799995
39986799996
39986799997
39997400000
39998399989
39998399990
39998399991
39998399992
39998399993
39998399994
39998399995
39998399996
39998399997
40000000000
49465000000
49486799989
49486799990
49486799991
49486799992
49486799993
49486799994
49486799995
49486799996
49486799997
49497400000
49498399989
49498399990
49498399991
49498399992
49498399993
49498399994
49498399995
49498399996
49498399997
49500000000
49882536171
49965000000
49986799989
49986799990
49986799991
49986799992
49986799993
49986799994
49986799995
49986799996
49986799997
49997400000
49998399989
49998399990
49998399991
49998399992
49998399993
49998399994
49998399995
49998399996
49998399997
50000000000
59465000000
59486799989
59486799990
59486799991
59486799992
59486799993
59486799994
59486799995
59486799996
59486799997
59497400000
59498399989
59498399990
59498399991
59498399992
59498399993
59498399994
59498399995
59498399996
59498399997
59500000000
59882536171
59965000000
59986799989
59986799990
59986799991
59986799992
59986799993
59986799994
59986799995
59986799996
59986799997
59997400000
59998399989
59998399990
59998399991
59998399992
59998399993
59998399994
59998399995
59998399996
59998399997
60000000000
69465000000
69486799989
69486799990
69486799991
69486799992
69486799993
69486799994
69486799995
69486799996
69486799997
69497400000
69498399989
69498399990
69498399991
69498399992
69498399993
69498399994
69498399995
69498399996
69498399997
69500000000
69882536171
69965000000
69986799989
69986799990
69986799991
69986799992
69986799993
69986799994
69986799995
69986799996
69986799997
69997400000
69998399989
69998399990
69998399991
69998399992
69998399993
69998399994
69998399995
69998399996
69998399997
70000000000
79465000000
79486799989
79486799990
79486799991
79486799992
79486799993
79486799994
79486799995
79486799996
79486799997
79497400000
79498399989
79498399990
79498399991
79498399992
79498399993
79498399994
79498399995
79498399996
79498399997
79500000000
79882536171
79965000000
79986799989
79986799990
79986799991
79986799992
79986799993
79986799994
79986799995
79986799996
79986799997
79997400000
79998399989
79998399990
79998399991
79998399992
79998399993
79998399994
79998399995
79998399996
79998399997
