0
499999984
499999985
499999986
499999987
499999988
499999989
499999990
499999991
499999992
499999993
500000000
10000000000
10499999984
10499999985
10499999986
10499999987
10499999988
10499999989
10499999990
10499999991
10499999992
10499999993
10500000000
20000000000
20499999984
20499999985
20499999986
20499999987
20499999988
20499999989
20499999990
20499999991
20499999992
20499999993
20500000000
30000000000
30499999984
30499999985
30499999986
30499999987
30499999988
30499999989
30499999990
30499999991
30499999992
30499999993
30500000000
