0
9465000000
9471736170
9500000000
9757536170
9965000000
9971736170
10000000000
19465000000
19471736170
19500000000
19757536170
19965000000
19971736170
20000000000
29465000000
29471736170
29500000000
29757536170
29965000000
29971736170
30000000000
39465000000
39471736170
39500000000
39757536170
39965000000
39971736170
40000000000
49465000000
49471736170
49500000000
49757536170
49965000000
49971736170
50000000000
59465000000
59471736170
59500000000
59757536170
59965000000
59971736170
60000000000
69465000000
69471736170
69500000000
69757536170
69965000000
69971736170
