1 1
2 1
3 2
4 2
5 2
6 3
7 3
8 4
9 4
10 4
11 5
12 5
13 5
14 6
15 6
16 7
17 7
18 7
19 8
20 8
21 9
22 9
23 9
24 10
25 10
26 10
27 11
28 11
29 12
30 12
31 12
32 13
33 13
34 13
35 14
36 14
37 15
38 15
39 15
40 16
41 16
42 17
43 17
44 17
45 18
46 18
47 18
48 19
49 19
50 20
51 20
52 20
53 21
54 21
55 22
56 22
57 22
58 23
59 23
60 23
61 24
62 24
63 25
64 25
65 25
66 26
67 26
68 26
69 27
70 27
71 28
72 28
73 28
74 29
75 29
76 30
77 30
78 30
79 31
80 31
81 31
82 32
83 32
84 33
85 33
86 33
87 34
88 34
89 34
90 35
91 35
92 36
93 36
94 36
95 37
96 37
97 38
98 38
99 38
100 39
101 39
102 39
103 40
104 40
105 41
106 41
107 41
108 42
109 42
110 43
111 43
112 43
113 44
114 44
115 44
116 45
117 45
118 46
119 46
120 46
121 47
122 47
123 47
124 48
125 48
126 49
127 49
128 49
129 50
130 50
131 51
132 51
133 51
134 52
135 52
136 52
137 53
138 53
139 54
140 54
141 54
142 55
143 55
144 56
145 56
146 56
147 57
148 57
149 57
150 58
151 58
152 59
153 59
154 59
155 60
156 60
157 60
158 61
159 61
160 62
161 62
162 62
163 63
164 63
165 64
166 64
167 64
168 65
169 65
170 65
171 66
172 66
173 67
174 67
175 67
176 68
177 68
178 68
179 69
180 69
181 70
182 70
183 70
184 71
185 71
186 72
187 72
188 72
189 73
190 73
191 73
192 74
193 74
194 75
195 75
196 75
197 76
198 76
199 77
200 77
201 77
202 78
203 78
204 78
205 79
206 79
207 80
208 80
209 80
210 81
211 81
212 81
213 82
214 82
215 83
216 83
217 83
218 84
219 84
220 85
221 85
222 85
223 86
224 86
225 86
226 87
227 87
228 88
229 88
230 88
231 89
232 89
233 89
234 90
235 90
236 91
237 91
238 91
239 92
240 92
241 93
242 93
243 93
244 94
245 94
246 94
247 95
248 95
249 96
250 96
251 96
252 97
253 97
254 98
255 98
256 98
257 99
258 99
259 99
260 100
261 100
262 101
263 101
264 101
265 102
266 102
267 102
268 103
269 103
270 104
271 104
272 104
273 105
274 105
275 106
276 106
277 106
278 107
279 107
280 107
281 108
282 108
283 109
284 109
285 109
286 110
287 110
288 111
289 111
290 111
291 112
292 112
293 112
294 113
295 113
296 114
297 114
298 114
299 115
300 115
301 115
302 116
303 116
304 117
305 117
306 117
307 118
308 118
309 119
310 119
311 119
312 120
313 120
314 120
315 121
316 121
317 122
318 122
319 122
320 123
321 123
322 123
323 124
324 124
325 125
326 125
327 125
328 126
329 126
330 127
331 127
332 127
333 128
334 128
335 128
336 129
337 129
338 130
339 130
340 130
341 131
342 131
343 132
344 132
345 132
346 133
347 133
348 133
349 134
350 134
351 135
352 135
353 135
354 136
355 136
356 136
357 137
358 137
359 138
360 138
361 138
362 139
363 139
364 140
365 140
366 140
367 141
368 141
369 141
370 142
371 142
372 143
373 143
374 143
375 144
376 144
377 145
378 145
379 145
380 146
381 146
382 146
383 147
384 147
385 148
386 148
387 148
388 149
389 149
390 149
391 150
392 150
393 151
394 151
395 151
396 152
397 152
398 153
399 153
400 153
