k : count : Psi(k) : Psi(k) mod 101001001
 1 :   2 : Psi=1 : mod=1 : ones[0, 1] : pos[1]
 2 :   3 : Psi=101 : mod=101 : ones[0, 1, 1] : pos[1, 1]
 3 :   4 : Psi=20302 : mod=20302 : ones[1, 1, 1, 2] : pos[2, 1, 2]
 4 :   5 : Psi=2042402 : mod=2042402 : ones[1, 1, 2, 2, 2] : pos[2, 2, 2, 2]
 5 :   6 : Psi=204252402 : mod=2250400 : ones[1, 2, 2, 2, 2, 2] : pos[2, 2, 3, 2, 2]
 6 :   7 : Psi=30445654403 : mod=44353102 : ones[2, 2, 2, 2, 2, 3, 3] : pos[3, 2, 3, 3, 2, 3]
 7 :   8 : Psi=3054587854503 : mod=14581260 : ones[2, 2, 2, 3, 3, 3, 3, 3] : pos[3, 3, 3, 3, 3, 3, 3]
 8 :   9 : Psi=407470828064704 : mod=65706380 : ones[3, 3, 3, 3, 3, 3, 3, 3, 4] : pos[4, 3, 4, 3, 3, 4, 3, 4]
 9 :  10 : Psi=40849095449084804 : mod=21161323 : ones[3, 3, 3, 3, 3, 4, 4, 4, 4, 4] : pos[4, 4, 4, 4, 3, 4, 4, 4, 4]
10 :  11 : Psi=4085011557551094804 : mod=10699667 : ones[3, 3, 4, 4, 4, 4, 4, 4, 4, 4, 4] : pos[4, 4, 5, 4, 4, 4, 4, 5, 4, 4]
11 :  12 : Psi=508703259827952296805 : mod=77738268 : ones[4, 4, 4, 4, 4, 4, 4, 4, 4, 5, 5, 5] : pos[5, 4, 5, 5, 4, 5, 4, 5, 5, 4, 5]
12 :  13 : Psi=50970528087268072496905 : mod=50567341 : ones[4, 4, 4, 4, 4, 5, 5, 5, 5, 5, 5, 5, 5] : pos[5, 5, 5, 5, 5, 5, 5, 5, 5, 5, 5, 5]
13 :  14 : Psi=5097153010831280092506905 : mod=60501668 : ones[4, 5, 5, 5, 5, 5, 5, 5, 5, 5, 5, 5, 5, 5] : pos[5, 5, 6, 5, 5, 6, 5, 6, 5, 5, 6, 5, 5]
14 :  15 : Psi=609915603287332682295508906 : mod=39049712 : ones[5, 5, 5, 5, 5, 5, 5, 5, 5, 5, 6, 6, 6, 6, 6] : pos[6, 5, 6, 6, 5, 6, 6, 6, 6, 5, 6, 6, 5, 6]
15 :  16 : Psi=61091760630937672902595709006 : mod=54716955 : ones[5, 5, 5, 5, 5, 6, 6, 6, 6, 6, 6, 6, 6, 6, 6, 6] : pos[6, 6, 6, 6, 6, 6, 6, 7, 6, 6, 6, 6, 6, 6, 6]
16 :  17 : Psi=7129296283596175714952815919207 : mod=44184356 : ones[6, 6, 6, 6, 6, 6, 6, 6, 6, 6, 6, 6, 6, 6, 6, 7, 7] : pos[7, 6, 7, 6, 6, 7, 6, 7, 7, 6, 7, 6, 6, 7, 6, 7]
17 :  18 : Psi=713949748580120079919974836939307 : mod=24648269 : ones[6, 6, 6, 6, 6, 6, 6, 6, 6, 7, 7, 7, 7, 7, 7, 7, 7, 7] : pos[7, 7, 7, 7, 6, 7, 7, 7, 7, 7, 7, 7, 6, 7, 7, 7, 7]
18 :  19 : Psi=71395994978232510500422176938949307 : mod=91059589 : ones[6, 6, 6, 7, 7, 7, 7, 7, 7, 7, 7, 7, 7, 7, 7, 7, 7, 7, 7] : pos[7, 7, 8, 7, 7, 7, 7, 8, 7, 7, 8, 7, 7, 7, 7, 8, 7, 7]
19 :  20 : Psi=8141620537963671762570662587340151308 : mod=53059648 : ones[7, 7, 7, 7, 7, 7, 7, 7, 7, 7, 7, 7, 7, 7, 7, 8, 8, 8, 8, 8] : pos[8, 7, 8, 8, 7, 8, 7, 8, 8, 7, 8, 8, 7, 8, 7, 8, 8, 7, 8]
20 :  21 : Psi=815164074836507597029594703627460351408 : mod=78244245 : ones[7, 7, 7, 7, 7, 7, 7, 7, 8, 8, 8, 8, 8, 8, 8, 8, 8, 8, 8, 8, 8] : pos[8, 8, 8, 8, 8, 8, 8, 8, 8, 8, 8, 8, 8, 8, 8, 8, 8, 8, 8, 8]
21 :  22 : Psi=91717611506692920143934000827659500561609 : mod=67421978 : ones[8, 8, 8, 8, 8, 8, 8, 8, 8, 8, 8, 8, 8, 8, 8, 8, 8, 8, 8, 8, 8, 9] : pos[9, 8, 9, 8, 8, 9, 8, 9, 8, 8, 9, 8, 8, 9, 8, 9, 8, 8, 9, 8, 9]
22 :  23 : Psi=9181962354692334174850374613230863521581709 : mod=81722 : ones[8, 8, 8, 8, 8, 8, 8, 8, 8, 8, 8, 8, 8, 9, 9, 9, 9, 9, 9, 9, 9, 9, 9] : pos[9, 9, 9, 9, 8, 9, 9, 9, 9, 8, 9, 9, 8, 9, 9, 9, 9, 8, 9, 9, 9, 9]
23 :  24 : Psi=918206436673256459645494435853551265623591709 : mod=33123189 : ones[8, 8, 8, 8, 8, 9, 9, 9, 9, 9, 9, 9, 9, 9, 9, 9, 9, 9, 9, 9, 9, 9, 9, 9] : pos[9, 9, 10, 9, 9, 9, 9, 10, 9, 9, 9, 9, 9, 9, 9, 10, 9, 9, 9, 9, 10, 9, 9]
24 :  25 : Psi=101840854070531671026730902561905611496024793710 : mod=54816534 : ones[9, 9, 9, 9, 9, 9, 9, 9, 9, 9, 9, 9, 9, 9, 9, 9, 9, 9, 9, 9, 10, 10, 10, 10, 10] : pos[10, 9, 10, 10, 9, 10, 9, 10, 10, 9, 10, 9, 9, 10, 9, 10, 10, 9, 10, 9, 10, 10, 9, 10]
25 :  26 : Psi=10194105617456373127735281715167111634536144993810 : mod=19870232 : ones[9, 9, 9, 9, 9, 9, 9, 9, 9, 9, 9, 10, 10, 10, 10, 10, 10, 10, 10, 10, 10, 10, 10, 10, 10, 10] : pos[10, 10, 10, 10, 10, 10, 10, 10, 10, 10, 10, 10, 9, 10, 10, 10, 10, 10, 10, 10, 10, 10, 10, 10, 10]
26 :  27 : Psi=1019420581956040518798590362975687713938548165003810 : mod=60275067 : ones[9, 9, 10, 10, 10, 10, 10, 10, 10, 10, 10, 10, 10, 10, 10, 10, 10, 10, 10, 10, 10, 10, 10, 10, 10, 10, 10] : pos[10, 10, 11, 10, 10, 11, 10, 11, 10, 10, 11, 10, 10, 10, 10, 11, 10, 10, 11, 10, 11, 10, 10, 11, 10, 10]
27 :  28 : Psi=111962088416016457087904120291029767964359950368005811 : mod=1700368 : ones[10, 10, 10, 10, 10, 10, 10, 10, 10, 10, 10, 10, 10, 10, 10, 10, 10, 10, 10, 11, 11, 11, 11, 11, 11, 11, 11, 11] : pos[11, 10, 11, 11, 10, 11, 11, 11, 11, 10, 11, 11, 10, 11, 10, 11, 11, 10, 11, 11, 11, 11, 10, 11, 11, 10, 11]
28 :  29 : Psi=11206228871822058113998457117096437793006500170668205911 : mod=28706456 : ones[10, 10, 10, 10, 10, 10, 10, 10, 10, 11, 11, 11, 11, 11, 11, 11, 11, 11, 11, 11, 11, 11, 11, 11, 11, 11, 11, 11, 11] : pos[11, 11, 11, 11, 11, 11, 11, 12, 11, 11, 11, 11, 11, 11, 11, 11, 11, 11, 11, 11, 12, 11, 11, 11, 11, 11, 11, 11]
29 :  30 : Psi=1222634909232446424005255758857837442299222542220888416112 : mod=28749021 : ones[11, 11, 11, 11, 11, 11, 11, 11, 11, 11, 11, 11, 11, 11, 11, 11, 11, 11, 11, 11, 11, 11, 11, 11, 11, 11, 11, 12, 12, 12] : pos[12, 11, 12, 11, 11, 12, 11, 12, 12, 11, 12, 11, 11, 12, 11, 12, 11, 11, 12, 11, 12, 12, 11, 12, 11, 11, 12, 11, 12]
30 :  31 : Psi=122365502945294883013130985934731937892920826747242909436212 : mod=2955903 : ones[11, 11, 11, 11, 11, 11, 11, 11, 11, 11, 11, 11, 11, 11, 11, 11, 12, 12, 12, 12, 12, 12, 12, 12, 12, 12, 12, 12, 12, 12, 12] : pos[12, 12, 12, 12, 11, 12, 12, 12, 12, 12, 12, 12, 11, 12, 12, 12, 12, 11, 12, 12, 12, 12, 12, 12, 12, 11, 12, 12, 12, 12]
31 :  32 : Psi=12236652306551538541925704003522141982955081247249445011446212 : mod=49670129 : ones[11, 11, 11, 11, 11, 12, 12, 12, 12, 12, 12, 12, 12, 12, 12, 12, 12, 12, 12, 12, 12, 12, 12, 12, 12, 12, 12, 12, 12, 12, 12, 12] : pos[12, 12, 13, 12, 12, 12, 12, 13, 12, 12, 13, 12, 12, 12, 12, 13, 12, 12, 12, 12, 13, 12, 12, 13, 12, 12, 12, 12, 13, 12, 12]
32 :  33 : Psi=1323867334669195924633383207764423346691173125317489855412648213 : mod=64264041 : ones[12, 12, 12, 12, 12, 12, 12, 12, 12, 12, 12, 12, 12, 12, 12, 12, 12, 12, 12, 12, 12, 12, 12, 12, 12, 13, 13, 13, 13, 13, 13, 13, 13] : pos[13, 12, 13, 13, 12, 13, 12, 13, 13, 12, 13, 13, 12, 13, 12, 13, 13, 12, 13, 12, 13, 13, 12, 13, 13, 12, 13, 12, 13, 13, 12, 13]
33 :  34 : Psi=132486935570933634533779133583855543817512977532341530895532848313 : mod=35684836 : ones[12, 12, 12, 12, 12, 12, 12, 12, 12, 12, 12, 12, 12, 13, 13, 13, 13, 13, 13, 13, 13, 13, 13, 13, 13, 13, 13, 13, 13, 13, 13, 13, 13, 13] : pos[13, 13, 13, 13, 13, 13, 13, 13, 13, 13, 13, 13, 13, 13, 13, 13, 13, 13, 13, 13, 13, 13, 13, 13, 13, 13, 13, 13, 13, 13, 13, 13, 13]
34 :  35 : Psi=13248793759197377495448354171192967590899693418234745634907552858313 : mod=5792364 : ones[12, 13, 13, 13, 13, 13, 13, 13, 13, 13, 13, 13, 13, 13, 13, 13, 13, 13, 13, 13, 13, 13, 13, 13, 13, 13, 13, 13, 13, 13, 13, 13, 13, 13, 13] : pos[13, 13, 14, 13, 13, 14, 13, 14, 13, 13, 14, 13, 13, 14, 13, 14, 13, 13, 14, 13, 14, 13, 13, 14, 13, 13, 14, 13, 14, 13, 13, 14, 13, 13]
35 :  36 : Psi=1425079678123843783607106058134106432499319739490495176236309755860314 : mod=12581262 : ones[13, 13, 13, 13, 13, 13, 13, 13, 13, 13, 13, 13, 13, 13, 13, 13, 13, 13, 13, 13, 13, 13, 13, 14, 14, 14, 14, 14, 14, 14, 14, 14, 14, 14, 14, 14] : pos[14, 13, 14, 14, 13, 14, 14, 14, 14, 13, 14, 14, 13, 14, 14, 14, 14, 13, 14, 14, 14, 14, 13, 14, 14, 13, 14, 14, 14, 14, 13, 14, 14, 13, 14]
36 :  37 : Psi=142608168114588484394772876454425453123341324346716538236376530056060414 : mod=40333002 : ones[13, 13, 13, 13, 13, 13, 13, 13, 13, 13, 14, 14, 14, 14, 14, 14, 14, 14, 14, 14, 14, 14, 14, 14, 14, 14, 14, 14, 14, 14, 14, 14, 14, 14, 14, 14, 14] : pos[14, 14, 14, 14, 14, 14, 14, 15, 14, 14, 14, 14, 14, 14, 14, 15, 14, 14, 14, 14, 15, 14, 14, 14, 14, 14, 14, 14, 15, 14, 14, 14, 14, 14, 14, 14]
37 :  38 : Psi=15280937031961252747513369936103760332227561985269522846270418580276270615 : mod=70938295 : ones[14, 14, 14, 14, 14, 14, 14, 14, 14, 14, 14, 14, 14, 14, 14, 14, 14, 14, 14, 14, 14, 14, 14, 14, 14, 14, 14, 14, 14, 14, 14, 14, 14, 15, 15, 15, 15, 15] : pos[15, 14, 15, 14, 14, 15, 14, 15, 15, 14, 15, 14, 14, 15, 14, 15, 15, 14, 15, 14, 15, 15, 14, 15, 14, 14, 15, 14, 15, 15, 14, 15, 14, 14, 15, 14, 15]
38 :  39 : Psi=1529113823416627679059373075901037248442649628077550153649674623602297290715 : mod=15830011 : ones[14, 14, 14, 14, 14, 14, 14, 14, 14, 14, 14, 14, 14, 14, 14, 14, 14, 14, 14, 15, 15, 15, 15, 15, 15, 15, 15, 15, 15, 15, 15, 15, 15, 15, 15, 15, 15, 15, 15] : pos[15, 15, 15, 15, 14, 15, 15, 15, 15, 15, 15, 15, 14, 15, 15, 15, 15, 15, 15, 15, 15, 15, 15, 15, 15, 14, 15, 15, 15, 15, 15, 15, 15, 14, 15, 15, 15, 15]
39 :  40 : Psi=152912402461883270310245343672394386059484856237305613233990095125804399300715 : mod=60056666 : ones[14, 14, 14, 14, 14, 15, 15, 15, 15, 15, 15, 15, 15, 15, 15, 15, 15, 15, 15, 15, 15, 15, 15, 15, 15, 15, 15, 15, 15, 15, 15, 15, 15, 15, 15, 15, 15, 15, 15, 15] : pos[15, 15, 16, 15, 15, 15, 15, 16, 15, 15, 16, 15, 15, 15, 15, 16, 15, 15, 16, 15, 16, 15, 15, 16, 15, 15, 15, 15, 16, 15, 15, 16, 15, 15, 15, 15, 16, 15, 15]
40 :  41 : Psi=16293261286328747733630844423341749467385725537360312123270052165366214800502716 : mod=18049559 : ones[15, 15, 15, 15, 15, 15, 15, 15, 15, 15, 15, 15, 15, 15, 15, 15, 15, 15, 15, 15, 15, 15, 15, 15, 15, 15, 15, 15, 15, 15, 16, 16, 16, 16, 16, 16, 16, 16, 16, 16, 16] : pos[16, 15, 16, 16, 15, 16, 15, 16, 16, 15, 16, 16, 15, 16, 15, 16, 16, 15, 16, 16, 16, 16, 15, 16, 16, 15, 16, 15, 16, 16, 15, 16, 16, 15, 16, 15, 16, 16, 15, 16]

count == k+1 held for every k in 1..40: True
Saved factor sets to /workspace/code/out/factors_k40.json

Per-position one-counts N(i;k), k=8..15 (i from 0=leftmost):
k= 8:  4  3  4  3  3  4  3  4
k= 9:  4  4  4  4  3  4  4  4  4
k=10:  4  4  5  4  4  4  4  5  4  4
k=11:  5  4  5  5  4  5  4  5  5  4  5
k=12:  5  5  5  5  5  5  5  5  5  5  5  5
k=13:  5  5  6  5  5  6  5  6  5  5  6  5  5
k=14:  6  5  6  6  5  6  6  6  6  5  6  6  5  6
k=15:  6  6  6  6  6  6  6  7  6  6  6  6  6  6  6
