1 0 1 1 0
2 10 2 2 10
3 10 2 2 110
4 10 2 2 110
5 10010 3 3 20210
6 10010 3 3 120210
7 1010010 4 4 1130220
8 1010010 4 4 31130220
9 1010010 4 4 31130220
10 1001010010 5 5 3041140320
11 1001010010 5 5 23041140320
12 1001010010 5 5 23041140320
13 1001001010010 6 6 5033051240420
14 1001001010010 6 6 15033051240420
15 101001001010010 7 7 216034061250430
16 101001001010010 7 7 5216034061250430
17 101001001010010 7 7 5216034061250430
18 100101001001010010 8 8 506217044071260530
19 100101001001010010 8 8 3506217044071260530
20 10100101001001010010 9 9 13606318045072270540
21 10100101001001010010 9 9 813606318045072270540
22 10100101001001010010 9 9 813606318045072270540
23 10010100101001001010010 10 10 50913707319046082280640
24 10010100101001001010010 10 10 550913707319046082280640
25 10010100101001001010010 10 10 550913707319046082280640
26 10010010100101001001010010 11 11 90651014708320056092380740
27 10010010100101001001010010 11 11 290651014708320056092380740
28 1010010010100101001001010010 12 12 3300661114808421057102390750
29 1010010010100101001001010010 12 12 93300661114808421057102390750
30 1010010010100101001001010010 12 12 93300661114808421057102390750
31 1001010010010100101001001010010 13 13 8103310761214909422067112400850
32 1001010010010100101001001010010 13 13 58103310761214909422067112400850
33 1001010010010100101001001010010 13 13 58103310761214909422067112400850
34 1001001010010010100101001001010010 14 14 13068113410861315910432077122500950
35 1001001010010010100101001001010010 14 14 23068113410861315910432077122500950
36 101001001010010010100101001001010010 15 15 524069123420871416011433078132510960
37 101001001010010010100101001001010010 15 15 10524069123420871416011433078132510960
38 101001001010010010100101001001010010 15 15 10524069123420871416011433078132510960
39 100101001001010010010100101001001010010 16 16 1111525079133430971517012434088142521060
40 100101001001010010010100101001001010010 16 16 6111525079133430971517012434088142521060
