1 0 1 0
2 10 2 10
3 10 2 110
4 10 2 110
5 10010 3 20210
6 10010 3 120210
7 1010010 4 1130220
8 1010010 4 31130220
9 1010010 4 31130220
10 92001001 5 11110290
11 92001001 5 12912092
12 92001001 5 12912092
13 81090100 6 70359589
14 81090100 6 62251580
15 10010 7 91182501
16 10010 7 77218041
17 10010 7 77218041
18 23723813 8 91993263
19 23723813 8 96400346
20 72081090 9 67480435
21 72081090 9 98024557
22 72081090 9 98024557
23 49878611 10 76591028
24 49878611 10 77478089
25 49878611 10 77478089
26 67619831 11 26125280
27 67619831 11 77946677
28 23723813 12 54089943
29 23723813 12 42487362
30 23723813 12 42487362
31 63141248 13 17074871
32 63141248 13 68927602
33 63141248 13 68927602
34 90185858 14 41910002
35 90185858 14 9353099
36 67619831 15 13146350
37 67619831 15 79566673
38 67619831 15 79566673
39 24816054 16 80960076
40 24816054 16 61792247
41 87481397 17 41148474
42 87481397 17 47856831
43 87481397 17 47856831
44 31202776 18 18341792
45 31202776 18 3315952
46 31202776 18 3315952
47 10139333 19 35127245
48 10139333 19 9229961
49 24816054 20 99886311
50 24816054 20 79372439
51 24816054 20 79372439
52 56391909 21 87428479
53 56391909 21 88471854
54 82946378 22 70417231
55 82946378 22 91800666
56 82946378 22 91800666
57 74152115 23 37208578
58 74152115 23 4965399
59 74152115 23 4965399
60 66976202 24 90836824
61 66976202 24 35044177
62 56391909 25 84280703
63 56391909 25 88443124
64 56391909 25 88443124
65 77204014 26 42599784
66 77204014 26 8908311
67 77204014 26 8908311
68 83102808 27 79010805
69 83102808 27 95985684
70 66976202 28 92188718
71 66976202 28 58163608
72 66976202 28 58163608
73 100530362 29 64327502
74 100530362 29 54171872
75 21912328 30 88048841
76 21912328 30 71389871
77 21912328 30 71389871
78 83658107 31 45964976
79 83658107 31 27191518
80 83658107 31 27191518
81 16824495 32 60553534
82 16824495 32 51905967
83 100530362 33 80679087
84 100530362 33 99938630
85 100530362 33 99938630
86 76567533 34 79259671
87 76567533 34 95122932
88 76567533 34 95122932
89 50975770 35 91679321
90 50975770 35 37763693
91 16824495 36 6575374
92 16824495 36 29860202
93 16824495 36 29860202
94 3887833 37 71739345
95 3887833 37 91086158
96 23234646 38 15332544
97 23234646 38 36717771
98 23234646 38 36717771
99 78856455 39 60173748
100 78856455 39 23212353
101 78856455 39 23212353
102 49113904 40 4822960
103 49113904 40 32710425
104 3887833 41 87204847
105 3887833 41 53517681
106 3887833 41 53517681
107 26265281 42 62435406
108 26265281 42 86019573
109 41988059 43 79717628
110 41988059 43 61992544
111 41988059 43 61992544
112 8609903 44 60687060
113 8609903 44 99231143
114 8609903 44 99231143
115 61785234 45 730873
116 61785234 45 39463616
117 26265281 46 36563445
118 26265281 46 24310965
119 26265281 46 24310965
120 58664633 47 30351424
121 58664633 47 46157760
122 58664633 47 46157760
123 36695312 48 35113026
124 36695312 48 83040403
125 61785234 49 68977293
126 61785234 49 66569471
127 61785234 49 66569471
128 2457985 50 26391990
129 2457985 50 15392728
130 28792144 51 55667916
131 28792144 51 49260936
132 28792144 51 49260936
133 1689883 52 89010423
134 1689883 52 43472025
135 1689883 52 43472025
136 68698152 53 25717098
137 68698152 53 33325565
138 2457985 54 74515216
139 2457985 54 85316015
140 2457985 54 85316015
141 18947641 55 8837479
142 18947641 55 37631205
143 51897225 56 89528430
144 51897225 56 31619450
145 51897225 56 31619450
146 75154899 57 20993859
147 75154899 57 50524941
148 75154899 57 50524941
149 1597668 58 27796080
150 1597668 58 60451145
151 18947641 59 8344028
152 18947641 59 25746714
153 18947641 59 25746714
154 97749470 60 29570379
155 97749470 60 95853999
156 97749470 60 95853999
157 17796689 61 60585116
158 17796689 61 1985105
159 1597668 62 3489621
160 1597668 62 6979660
161 1597668 62 6979660
162 63737829 63 73830595
163 63737829 63 78739672
164 15691867 64 4494653
165 15691867 64 38658354
166 15691867 64 38658354
167 46206343 65 85230082
168 46206343 65 59190576
169 46206343 65 59190576
170 58380041 66 70796662
171 58380041 66 96890429
172 63737829 67 33177509
173 63737829 67 92200242
174 63737829 67 92200242
175 68472776 68 32018593
176 68472776 68 98442271
177 68472776 68 98442271
178 56372729 69 790747
179 56372729 69 61792810
180 58380041 70 9430413
181 58380041 70 3711804
182 58380041 70 3711804
183 45672021 71 20720886
184 45672021 71 30221110
185 87883034 72 17056762
186 87883034 72 46731689
187 87883034 72 46731689
188 80477616 73 7164217
189 80477616 73 68240764
190 80477616 73 68240764
191 48132689 74 96512309
192 48132689 74 13496907
193 45672021 75 22352448
194 45672021 75 82999062
195 45672021 75 82999062
196 9028045 76 98787781
197 9028045 76 2011358
198 81667482 77 57487184
199 81667482 77 78138032
200 81667482 77 78138032
201 383762 78 89927007
202 383762 78 74615369
203 383762 78 74615369
204 22469567 79 2040495
205 22469567 79 734260
206 9028045 80 54505992
207 9028045 80 3602778
208 9028045 80 3602778
209 639178 81 85750472
210 639178 81 78676051
211 639178 81 78676051
212 95856262 82 34255912
213 95856262 82 48063065
214 22469567 83 83391933
215 22469567 83 94250140
216 22469567 83 94250140
217 63502294 84 72802141
218 63502294 84 28881789
219 25733953 85 12269292
220 25733953 85 18935010
221 25733953 85 18935010
222 31767327 86 68702615
223 31767327 86 56693888
224 31767327 86 56693888
225 5081267 87 59174524
226 5081267 87 24020758
227 63502294 88 3797965
228 63502294 88 58498668
229 63502294 88 58498668
230 4949715 89 65138302
231 4949715 89 54458639
232 4949715 89 54458639
233 32951295 90 71071384
234 32951295 90 48084181
235 5081267 91 10178199
236 5081267 91 82420397
237 5081267 91 82420397
238 11329543 92 68501530
239 11329543 92 91590996
240 30151137 93 69719066
241 30151137 93 77845117
242 30151137 93 77845117
243 65558951 94 84800725
244 65558951 94 60158867
245 65558951 94 60158867
246 22021600 95 95369278
247 22021600 95 84677221
248 11329543 96 84816596
249 11329543 96 80370339
250 11329543 96 80370339
251 25378649 97 32555354
252 25378649 97 22714288
253 16275235 98 20359266
254 16275235 98 38268330
255 16275235 98 38268330
256 2951325 99 4965878
257 2951325 99 17650352
258 2951325 99 17650352
259 11173457 100 54966795
260 11173457 100 1155859
261 25378649 101 38255429
262 25378649 101 30346835
263 25378649 101 30346835
264 90430509 102 74547083
265 90430509 102 69569606
266 90430509 102 69569606
267 97645865 103 9775149
268 97645865 103 67539946
269 11173457 104 40860965
270 11173457 104 66491036
271 11173457 104 66491036
272 96623314 105 35734646
273 96623314 105 16437492
274 56523929 106 12164147
275 56523929 106 96126775
276 56523929 106 96126775
277 54536326 107 84333195
278 54536326 107 1161555
279 54536326 107 1161555
280 86953346 108 40783579
281 86953346 108 55288531
282 96623314 109 46240020
283 96623314 109 97535702
284 96623314 109 97535702
285 70495218 110 51744870
286 70495218 110 45331616
287 83711644 111 34801938
288 83711644 111 98564136
289 83711644 111 98564136
290 69006513 112 46675713
291 69006513 112 92336041
292 69006513 112 92336041
293 9020658 113 64060915
294 9020658 113 15745313
295 70495218 114 16558153
296 70495218 114 38811575
297 70495218 114 38811575
298 35445609 115 16475886
299 35445609 115 71860387
300 35445609 115 71860387
301 33183956 116 58880977
302 33183956 116 57334209
303 9020658 117 70983373
304 9020658 117 92906187
305 9020658 117 92906187
306 85962898 118 34300917
307 85962898 118 20647435
308 3109821 119 24540988
309 3109821 119 90060191
310 3109821 119 90060191
311 71854642 120 75804987
312 71854642 120 16495194
313 71854642 120 16495194
314 34993961 121 23858126
315 34993961 121 24794999
316 85962898 122 19416901
317 85962898 122 60427572
318 85962898 122 60427572
319 49394393 123 33680007
320 49394393 123 93290735
321 49394393 123 93290735
322 43251755 124 24289116
323 43251755 124 42011978
324 34993961 125 31504494
325 34993961 125 91335360
326 34993961 125 91335360
327 59282043 126 41771488
328 59282043 126 77759469
329 64066219 127 5042779
330 64066219 127 63426087
331 64066219 127 63426087
332 194171 128 68757586
333 194171 128 27765744
334 194171 128 27765744
335 61779804 129 94878779
336 61779804 129 40631637
337 59282043 130 81190198
338 59282043 130 31340271
339 59282043 130 31340271
340 86546068 131 37687206
341 86546068 131 55014582
342 85921541 132 32663245
343 85921541 132 47521963
344 85921541 132 47521963
345 67400547 133 82845600
346 67400547 133 62821361
347 67400547 133 62821361
348 29589730 134 26775463
349 29589730 134 18955974
350 86546068 135 26028550
351 86546068 135 57379730
352 86546068 135 57379730
353 78319504 136 36108436
354 78319504 136 30483724
355 78319504 136 30483724
356 32836585 137 28312270
357 32836585 137 25714786
358 29589730 138 81305216
359 29589730 138 91760096
360 29589730 138 91760096
361 14766762 139 53029349
362 14766762 139 35672529
363 47484977 140 47615630
364 47484977 140 88337269
365 47484977 140 88337269
366 41375653 141 86419758
367 41375653 141 9564042
368 41375653 141 9564042
369 93112714 142 77846428
370 93112714 142 34521130
371 14766762 143 43722429
372 14766762 143 93481595
373 14766762 143 93481595
374 45591538 144 82035267
375 45591538 144 67493899
376 98039108 145 64532006
377 98039108 145 40284058
378 98039108 145 40284058
379 25088588 146 63232108
380 25088588 146 80912951
381 25088588 146 80912951
382 98292311 147 60103271
383 98292311 147 2121844
384 45591538 148 38197398
385 45591538 148 14883800
386 45591538 148 14883800
387 67341060 149 60791285
388 67341060 149 18812316
389 67341060 149 18812316
390 646844 150 7309687
391 646844 150 23147693
392 98292311 151 90602940
393 98292311 151 68771935
394 98292311 151 68771935
395 75791344 152 63307294
396 75791344 152 46942573
397 47716666 153 91403517
398 47716666 153 42011374
399 47716666 153 42011374
400 51316944 154 72929434
