1 2 1 1 1
2 3 1 101 1
3 5 2 20302 1
4 5 2 2042402 1
5 8 3 204252402 1
6 8 3 30445654403 1
7 8 3 3054587854503 1
8 13 5 407470828064704 1
9 13 5 40849095449084804 1
10 13 5 4085011557551094804 1
11 13 5 508703259827952296805 1
12 13 5 50970528087268072496905 1
13 21 8 5097153010831280092506905 1
14 21 8 609915603287332682295508906 1
15 21 8 61091760630937672902595709006 1
16 21 8 7129296283596175714952815919207 1
17 21 8 713949748580120079919974836939307 1
18 21 8 71395994978232510500422176938949307 1
19 21 8 8141620537963671762570662587340151308 1
20 21 8 815164074836507597029594703627460351408 1
