1 2
2 4
3 7
4 8
5 12
6 13
7 14
8 20
9 21
10 22
11 23
12 24
13 33
14 34
15 35
16 36
17 37
18 38
19 39
20 40
21 54
22 55
23 56
24 57
25 58
26 59
27 60
28 61
29 62
30 63
31 64
32 65
33 66
34 88
35 89
36 90
37 91
38 92
39 93
40 94
41 95
42 96
43 97
44 98
45 99
46 100
47 101
48 102
49 103
50 104
51 105
52 106
53 107
54 108
55 143
56 144
57 145
58 146
59 147
60 148
61 149
62 150
63 151
64 152
65 153
66 154
67 155
68 156
69 157
70 158
71 159
72 160
73 161
74 162
75 163
76 164
77 165
78 166
79 167
80 168
81 169
82 170
83 171
84 172
85 173
86 174
87 175
88 176
89 232
90 233
91 234
92 235
93 236
94 237
95 238
96 239
97 240
98 241
99 242
100 243
101 244
102 245
103 246
104 247
105 248
106 249
107 250
108 251
109 252
110 253
111 254
112 255
113 256
114 257
115 258
116 259
117 260
118 261
119 262
120 263
121 264
122 265
123 266
124 267
125 268
126 269
127 270
128 271
129 272
130 273
131 274
132 275
133 276
134 277
135 278
136 279
137 280
138 281
139 282
140 283
141 284
142 285
143 286
144 376
145 377
146 378
147 379
148 380
149 381
150 382
151 383
152 384
153 385
154 386
155 387
156 388
157 389
158 390
159 391
160 392
161 393
162 394
163 395
164 396
165 397
166 398
167 399
168 400
169 401
170 402
171 403
172 404
173 405
174 406
175 407
176 408
177 409
178 410
179 411
180 412
181 413
182 414
183 415
184 416
185 417
186 418
187 419
188 420
189 421
190 422
191 423
192 424
193 425
194 426
195 427
196 428
197 429
198 430
199 431
200 432
201 433
202 434
203 435
204 436
205 437
206 438
207 439
208 440
209 441
210 442
211 443
212 444
213 445
214 446
215 447
216 448
217 449
218 450
219 451
220 452
221 453
222 454
223 455
224 456
225 457
226 458
227 459
228 460
229 461
230 462
231 463
232 464
233 609
234 610
235 611
236 612
237 613
238 614
239 615
240 616
241 617
242 618
243 619
244 620
245 621
246 622
247 623
248 624
249 625
250 626
251 627
252 628
253 629
254 630
255 631
256 632
257 633
258 634
259 635
260 636
261 637
262 638
263 639
264 640
265 641
266 642
267 643
268 644
269 645
270 646
271 647
272 648
273 649
274 650
275 651
276 652
277 653
278 654
279 655
280 656
281 657
282 658
283 659
284 660
285 661
286 662
287 663
288 664
289 665
290 666
291 667
292 668
293 669
294 670
295 671
296 672
297 673
298 674
299 675
300 676
301 677
302 678
303 679
304 680
305 681
306 682
307 683
308 684
309 685
310 686
311 687
312 688
313 689
314 690
315 691
316 692
317 693
318 694
319 695
320 696
321 697
322 698
323 699
324 700
325 701
326 702
327 703
328 704
329 705
330 706
331 707
332 708
333 709
334 710
335 711
336 712
337 713
338 714
339 715
340 716
341 717
342 718
343 719
344 720
345 721
346 722
347 723
348 724
349 725
350 726
351 727
352 728
353 729
354 730
355 731
356 732
357 733
358 734
359 735
360 736
361 737
362 738
363 739
364 740
365 741
366 742
367 743
368 744
369 745
370 746
371 747
372 748
373 749
374 750
375 751
376 752
377 986
378 987
379 988
380 989
381 990
382 991
383 992
384 993
385 994
386 995
387 996
388 997
389 998
390 999
391 1000
392 1001
393 1002
394 1003
395 1004
396 1005
397 1006
398 1007
399 1008
400 1009
