1 1
2 101
3 20302
4 2042402
5 2250400
6 44353102
7 14581260
8 65706380
9 21161323
10 10699667
11 77738268
12 50567341
13 60501668
14 39049712
15 54716955
16 44184356
17 24648269
18 91059589
19 53059648
20 78244245
21 67421978
22 81722
23 33123189
24 54816534
25 19870232
26 60275067
27 1700368
28 28706456
29 28749021
30 2955903
31 49670129
32 64264041
33 35684836
34 5792364
35 12581262
36 40333002
37 70938295
38 15830011
39 60056666
40 18049559
41 80028325
42 22229311
43 32551107
44 54720697
45 22560159
46 41024594
47 69450076
48 68996161
49 10663986
50 2351308
51 73819081
52 49525310
53 44354057
54 53101262
55 65085883
56 75200667
57 76669057
58 89024449
59 73694063
60 55670478
61 10197991
62 3152407
63 91155288
64 86603720
65 35450924
66 40826
67 27243608
68 20494781
69 39579658
70 65542916
71 14469665
72 84700423
73 37706153
74 89423114
75 7956564
76 57730180
77 55866334
78 71483736
79 84281631
80 79592962
81 14730066
82 76051542
83 76188743
84 22671776
85 5214985
86 77553903
87 65451397
88 81475026
89 67821910
90 74589753
91 77065497
92 78980395
93 29159748
94 97145098
95 61369086
96 1735177
97 77757774
98 27641934
99 66107984
100 36438073
101 67256110
102 18028779
103 66201752
104 88195299
105 81705236
106 71968629
107 7316938
108 81381173
109 81409935
110 46091725
111 98808084
112 17390931
113 84613478
114 2674763
115 90885345
116 3464023
117 15065762
118 35821354
119 48312936
120 85459124
121 78139988
122 66357112
123 100081524
124 77269691
125 67646944
126 54562337
127 10958210
128 94589554
129 13924839
130 9550181
131 43634427
132 91887395
133 69136147
134 30876624
135 41203411
136 63872101
137 31643757
138 92009728
139 11399756
140 44496614
141 21149381
142 13706821
143 47327343
144 53692412
145 37024717
146 87272234
147 90686583
148 12733113
149 95464191
150 31290813
151 24111370
152 98034703
153 61344646
154 28374982
155 29128234
156 16111820
157 27483433
158 92527574
159 71888401
160 15610665
161 12692900
162 23919403
163 21488223
164 78553765
165 16659139
166 65525614
167 3124065
168 50176775
169 93616614
170 94557471
171 55390499
172 94602673
173 14691445
174 72091373
175 55027116
176 55541022
177 21391168
178 40439802
179 87923082
180 97233283
181 4655732
182 25621545
183 1181824
184 98553060
185 26582041
186 48646686
187 20581698
188 42110926
189 36312661
190 72011095
191 5818459
192 95504389
193 30716276
194 54599474
195 19815518
196 76454953
197 89850591
198 99891937
199 22634999
200 83031232
201 62594472
202 46212925
203 20844484
204 9025409
205 12552109
206 36094406
207 16208163
208 39549613
209 50671590
210 62766355
211 19743424
212 60493367
213 56978039
214 82589300
215 6880884
216 26276497
217 46818778
218 13906622
219 86326024
220 18805094
221 66092520
222 47788073
223 55682077
224 99902932
225 77944388
226 48421794
227 29123110
228 96288338
229 28747120
230 41692387
231 27949408
232 56074264
233 40531836
234 23420003
235 74514665
236 38536011
237 6535592
238 38525724
239 7941532
240 37337678
241 96054823
242 70230283
243 12801308
244 71113802
245 56472989
246 6405703
247 40172316
248 71961445
249 41778920
250 65632311
251 26947387
252 73124428
253 49963164
254 92645197
255 72983731
256 25856150
257 58852140
258 77105585
259 84432067
260 33108690
261 86614332
262 93760372
263 44186486
264 35846935
265 85249698
266 77928410
267 52806617
268 51442957
269 60362887
270 71101121
271 41509925
272 11419354
273 81422096
274 29687150
275 1395129
276 63457601
277 7642739
278 69971447
279 94364402
280 8634877
281 39818025
282 14197831
283 64372275
284 47670255
285 94485272
286 47474731
287 66203599
288 26402289
289 48542276
290 40518954
291 62977027
292 90959856
293 61214728
294 52542734
295 37049312
296 64208459
297 94160568
298 59341438
299 4396321
300 61618685
301 26798028
302 40708610
303 87818437
304 23334770
305 73484410
306 38398360
307 70500046
308 78569977
309 6224457
310 41115576
311 96193442
312 75017136
313 3222708
314 95851980
315 95010880
316 29638340
317 7828741
318 61096275
319 34796622
320 31817699
321 17130950
322 63471065
323 67620347
324 28997779
325 26582208
326 72633419
327 31708473
328 95605560
329 34002809
330 76175952
331 7102358
332 68812027
333 46631238
334 38745528
335 58182536
336 88494650
337 14743190
338 96460473
339 100119162
340 61984058
341 31381608
342 44711155
343 5857986
344 53751482
345 96054035
346 25707815
347 64675109
348 22365470
349 53747670
350 5547860
351 12646750
352 36546337
353 2481013
354 25319356
355 75638395
356 57492245
357 99998398
358 56621976
359 24948289
360 96707219
361 528147
362 49822071
363 87033026
364 87163211
365 5605482
366 30913663
367 1461538
368 64179763
369 73940201
370 317242
371 53597464
372 19564324
373 35457668
374 8776052
375 9984201
376 41973743
377 89755547
378 39933944
379 6822693
380 70048968
381 80227262
382 88046652
383 1691382
384 3632939
385 32929539
386 72293555
387 69656116
388 57170697
389 90070438
390 47011505
391 40655682
392 24836505
393 47727123
394 82150805
395 90484971
396 35852705
397 2388742
398 90662770
399 52144632
400 38368870
