1 1
2 101
3 20302
4 2042402
5 204252402
6 30445654403
7 3054587854503
8 407470828064704
9 40849095449084804
10 4085011557551094804
11 508703259827952296805
12 50970528087268072496905
13 5097153010831280092506905
14 609915603287332682295508906
15 61091760630937672902595709006
16 7129296283596175714952815919207
17 713949748580120079919974836939307
18 71395994978232510500422176938949307
19 8141620537963671762570662587340151308
20 815164074836507597029594703627460351408
21 91717611506692920143934000827659500561609
22 9181962354692334174850374613230863521581709
23 918206436673256459645494435853551265623591709
24 101840854070531671026730902561905611496024793710
25 10194105617456373127735281715167111634536144993810
