1 0
2 10
3 110
4 110
5 20210
6 120210
7 1130220
8 31130220
9 31130220
10 11110290
11 12912092
12 12912092
13 70359589
14 62251580
15 91182501
16 77218041
17 77218041
18 91993263
19 96400346
20 67480435
21 98024557
22 98024557
23 76591028
24 77478089
25 77478089
26 26125280
27 77946677
28 54089943
29 42487362
30 42487362
31 17074871
32 68927602
33 68927602
34 41910002
35 9353099
36 13146350
37 79566673
38 79566673
39 80960076
40 61792247
41 41148474
42 47856831
43 47856831
44 18341792
45 3315952
46 3315952
47 35127245
48 9229961
49 99886311
50 79372439
51 79372439
52 87428479
53 88471854
54 70417231
55 91800666
56 91800666
57 37208578
58 4965399
59 4965399
60 90836824
61 35044177
62 84280703
63 88443124
64 88443124
65 42599784
66 8908311
67 8908311
68 79010805
69 95985684
70 92188718
71 58163608
72 58163608
73 64327502
74 54171872
75 88048841
76 71389871
77 71389871
78 45964976
79 27191518
80 27191518
81 60553534
82 51905967
83 80679087
84 99938630
85 99938630
86 79259671
87 95122932
88 95122932
89 91679321
90 37763693
91 6575374
92 29860202
93 29860202
94 71739345
95 91086158
96 15332544
97 36717771
98 36717771
99 60173748
100 23212353
101 23212353
102 4822960
103 32710425
104 87204847
105 53517681
106 53517681
107 62435406
108 86019573
109 79717628
110 61992544
111 61992544
112 60687060
113 99231143
114 99231143
115 730873
116 39463616
117 36563445
118 24310965
119 24310965
120 30351424
121 46157760
122 46157760
123 35113026
124 83040403
125 68977293
126 66569471
127 66569471
128 26391990
129 15392728
130 55667916
131 49260936
132 49260936
133 89010423
134 43472025
135 43472025
136 25717098
137 33325565
138 74515216
139 85316015
140 85316015
141 8837479
142 37631205
143 89528430
144 31619450
145 31619450
146 20993859
147 50524941
148 50524941
149 27796080
150 60451145
151 8344028
152 25746714
153 25746714
154 29570379
155 95853999
156 95853999
157 60585116
158 1985105
159 3489621
160 6979660
161 6979660
162 73830595
163 78739672
164 4494653
165 38658354
166 38658354
167 85230082
168 59190576
169 59190576
170 70796662
171 96890429
172 33177509
173 92200242
174 92200242
175 32018593
176 98442271
177 98442271
178 790747
179 61792810
180 9430413
181 3711804
182 3711804
183 20720886
184 30221110
185 17056762
186 46731689
187 46731689
188 7164217
189 68240764
190 68240764
191 96512309
192 13496907
193 22352448
194 82999062
195 82999062
196 98787781
197 2011358
198 57487184
199 78138032
200 78138032
201 89927007
202 74615369
203 74615369
204 2040495
205 734260
206 54505992
207 3602778
208 3602778
209 85750472
210 78676051
211 78676051
212 34255912
213 48063065
214 83391933
215 94250140
216 94250140
217 72802141
218 28881789
219 12269292
220 18935010
221 18935010
222 68702615
223 56693888
224 56693888
225 59174524
226 24020758
227 3797965
228 58498668
229 58498668
230 65138302
231 54458639
232 54458639
233 71071384
234 48084181
235 10178199
236 82420397
237 82420397
238 68501530
239 91590996
240 69719066
241 77845117
242 77845117
243 84800725
244 60158867
245 60158867
246 95369278
247 84677221
248 84816596
249 80370339
250 80370339
251 32555354
252 22714288
253 20359266
254 38268330
255 38268330
256 4965878
257 17650352
258 17650352
259 54966795
260 1155859
261 38255429
262 30346835
263 30346835
264 74547083
265 69569606
266 69569606
267 9775149
268 67539946
269 40860965
270 66491036
271 66491036
272 35734646
273 16437492
274 12164147
275 96126775
276 96126775
277 84333195
278 1161555
279 1161555
280 40783579
281 55288531
282 46240020
283 97535702
284 97535702
285 51744870
286 45331616
287 34801938
288 98564136
289 98564136
290 46675713
291 92336041
292 92336041
293 64060915
294 15745313
295 16558153
296 38811575
297 38811575
298 16475886
299 71860387
300 71860387
301 58880977
302 57334209
303 70983373
304 92906187
305 92906187
306 34300917
307 20647435
308 24540988
309 90060191
310 90060191
311 75804987
312 16495194
313 16495194
314 23858126
315 24794999
316 19416901
317 60427572
318 60427572
319 33680007
320 93290735
321 93290735
322 24289116
323 42011978
324 31504494
325 91335360
326 91335360
327 41771488
328 77759469
329 5042779
330 63426087
331 63426087
332 68757586
333 27765744
334 27765744
335 94878779
336 40631637
337 81190198
338 31340271
339 31340271
340 37687206
341 55014582
342 32663245
343 47521963
344 47521963
345 82845600
346 62821361
347 62821361
348 26775463
349 18955974
350 26028550
351 57379730
352 57379730
353 36108436
354 30483724
355 30483724
356 28312270
357 25714786
358 81305216
359 91760096
360 91760096
361 53029349
362 35672529
363 47615630
364 88337269
365 88337269
366 86419758
367 9564042
368 9564042
369 77846428
370 34521130
371 43722429
372 93481595
373 93481595
374 82035267
375 67493899
376 64532006
377 40284058
378 40284058
379 63232108
380 80912951
381 80912951
382 60103271
383 2121844
384 38197398
385 14883800
386 14883800
387 60791285
388 18812316
389 18812316
390 7309687
391 23147693
392 90602940
393 68771935
394 68771935
395 63307294
396 46942573
397 91403517
398 42011374
399 42011374
400 72929434
