1 0
2 0
3 2
4 0
5 2
6 8
7 0
8 18
9 10
10 16
11 32
12 0
13 32
14 48
15 18
16 72
17 40
18 64
19 98
20 0
21 128
22 96
23 96
24 162
25 34
26 160
27 192
28 72
29 242
30 144
31 210
32 288
33 0
34 288
35 306
36 176
37 392
38 192
39 360
40 448
41 58
42 512
43 384
44 384
45 578
46 128
47 570
48 616
49 256
50 722
51 434
52 624
53 800
54 0
55 882
56 720
57 594
58 968
59 320
60 936
61 1026
62 336
63 1152
64 760
65 952
66 1250
67 98
68 1248
69 1224
70 704
71 1458
72 736
73 1330
74 1560
75 216
76 1682
77 1290
78 1232
79 1800
80 448
81 1768
82 1824
83 770
84 2048
85 1248
86 1760
87 2178
88 0
89 2178
90 2024
91 1344
92 2450
93 1098
94 2288
95 2560
96 544
97 2738
98 2016
99 2090
100 2888
101 576
102 2856
103 2842
104 1360
105 3200
106 1848
107 2808
108 3360
109 162
110 3528
111 2880
112 2376
113 3698
114 1248
115 3570
116 3744
117 1280
118 4050
119 2698
120 3328
121 4232
122 360
123 4224
124 3968
125 2370
126 4608
127 2296
128 4216
129 4770
130 752
131 5000
132 3848
133 3648
134 5202
135 1330
136 5104
137 5120
138 2208
139 5618
140 3440
141 4818
142 5832
143 0
144 6050
145 5082
146 3872
147 6272
148 2400
149 5984
150 6336
151 1890
152 6728
153 4680
154 5376
155 6962
156 912
157 6930
158 6552
159 3672
160 7442
161 3914
162 6720
163 7656
164 960
165 7938
166 6256
167 5626
168 8192
169 2360
170 7992
171 8058
172 3248
173 8712
174 5512
175 7360
176 8978
177 266
178 8976
179 8096
180 5376
181 9522
182 4320
183 8874
184 9672
185 2112
186 10082
187 7490
188 7632
189 10368
190 2176
191 10240
192 9936
193 4826
194 10952
195 6344
196 9600
197 11242
198 592
199 11552
200 9504
201 7680
202 11858
203 4170
204 11408
205 11776
206 3976
207 12482
208 8432
209 10170
210 12800
211 1248
212 12768
213 11770
214 7072
215 13448
216 6720
217 12296
218 13680
219 2226
220 14112
221 10912
222 10240
223 14450
224 3792
225 14162
226 13992
227 6080
228 15138
229 9306
230 12960
231 15488
232 0
233 15488
234 13664
235 9570
236 16200
237 6952
238 15232
239 16274
240 4080
241 16928
242 12320
243 13056
244 17298
245 3186
246 17136
247 16320
248 8424
249 18050
250 10112
251 16002
252 18400
253 1504
254 18818
255 15290
256 12768
257 19208
258 6408
259 18560
260 18880
261 6802
262 20000
263 13272
264 16472
265 20402
266 1584
267 20370
268 18496
269 11560
270 21218
271 10266
272 19536
273 21432
274 3960
275 22050
276 16848
277 16218
278 22472
279 5544
280 22080
281 21546
282 9776
283 23328
284 14080
285 20128
286 23760
287 434
288 24200
289 20328
290 15488
291 24642
292 9504
293 23490
294 24440
295 7416
296 25538
297 17850
298 20336
299 25992
300 3520
301 25864
302 24000
303 13650
304 26912
305 14112
306 24320
307 27250
308 3616
309 27848
310 22016
311 19656
312 28322
313 8322
314 27600
315 27448
316 11128
317 29282
318 18624
319 24674
320 29768
321 968
322 29760
323 26386
324 17776
325 30752
326 13824
327 28704
328 30800
329 7050
330 31752
331 23560
332 24064
333 32258
334 6720
335 31866
336 30456
337 15096
338 33282
339 19170
340 29232
341 33768
342 2048
343 34322
344 28272
345 22770
346 34848
347 12376
348 33496
349 34226
350 11616
351 35912
352 24360
353 29184
354 36450
355 3682
356 36352
357 33120
358 20064
359 37538
360 18720
361 34338
362 37800
363 6336
364 38642
365 29930
366 27984
367 39200
368 10400
369 38400
370 37584
371 16434
372 40328
373 24840
374 34496
375 40898
376 0
377 41472
378 35200
379 25984
380 42050
381 16962
382 39872
383 41664
384 11880
385 43218
386 30736
387 33970
388 43808
389 6816
390 43520
391 40530
392 22352
393 45000
394 24192
395 40392
396 45440
397 5274
398 46208
399 36960
400 32096
