1 0
2 10
3 10
4 10
5 10010
6 10010
7 1010010
8 1010010
9 1010010
10 92001001
11 92001001
12 92001001
13 81090100
14 81090100
15 10010
16 10010
17 10010
18 23723813
19 23723813
20 72081090
21 72081090
22 72081090
23 49878611
24 49878611
25 49878611
26 67619831
27 67619831
28 23723813
29 23723813
30 23723813
31 63141248
32 63141248
33 63141248
34 90185858
35 90185858
36 67619831
37 67619831
38 67619831
39 24816054
40 24816054
41 87481397
42 87481397
43 87481397
44 31202776
45 31202776
46 31202776
47 10139333
48 10139333
49 24816054
50 24816054
51 24816054
52 56391909
53 56391909
54 82946378
55 82946378
56 82946378
57 74152115
58 74152115
59 74152115
60 66976202
61 66976202
62 56391909
63 56391909
64 56391909
65 77204014
66 77204014
67 77204014
68 83102808
69 83102808
70 66976202
71 66976202
72 66976202
73 100530362
74 100530362
75 21912328
76 21912328
77 21912328
78 83658107
79 83658107
80 83658107
81 16824495
82 16824495
83 100530362
84 100530362
85 100530362
86 76567533
87 76567533
88 76567533
89 50975770
90 50975770
91 16824495
92 16824495
93 16824495
94 3887833
95 3887833
96 23234646
97 23234646
98 23234646
99 78856455
100 78856455
101 78856455
102 49113904
103 49113904
104 3887833
105 3887833
106 3887833
107 26265281
108 26265281
109 41988059
110 41988059
111 41988059
112 8609903
113 8609903
114 8609903
115 61785234
116 61785234
117 26265281
118 26265281
119 26265281
120 58664633
121 58664633
122 58664633
123 36695312
124 36695312
125 61785234
126 61785234
127 61785234
128 2457985
129 2457985
130 28792144
131 28792144
132 28792144
133 1689883
134 1689883
135 1689883
136 68698152
137 68698152
138 2457985
139 2457985
140 2457985
141 18947641
142 18947641
143 51897225
144 51897225
145 51897225
146 75154899
147 75154899
148 75154899
149 1597668
150 1597668
151 18947641
152 18947641
153 18947641
154 97749470
155 97749470
156 97749470
157 17796689
158 17796689
159 1597668
160 1597668
161 1597668
162 63737829
163 63737829
164 15691867
165 15691867
166 15691867
167 46206343
168 46206343
169 46206343
170 58380041
171 58380041
172 63737829
173 63737829
174 63737829
175 68472776
176 68472776
177 68472776
178 56372729
179 56372729
180 58380041
181 58380041
182 58380041
183 45672021
184 45672021
185 87883034
186 87883034
187 87883034
188 80477616
189 80477616
190 80477616
191 48132689
192 48132689
193 45672021
194 45672021
195 45672021
196 9028045
197 9028045
198 81667482
199 81667482
200 81667482
201 383762
202 383762
203 383762
204 22469567
205 22469567
206 9028045
207 9028045
208 9028045
209 639178
210 639178
211 639178
212 95856262
213 95856262
214 22469567
215 22469567
216 22469567
217 63502294
218 63502294
219 25733953
220 25733953
221 25733953
222 31767327
223 31767327
224 31767327
225 5081267
226 5081267
227 63502294
228 63502294
229 63502294
230 4949715
231 4949715
232 4949715
233 32951295
234 32951295
235 5081267
236 5081267
237 5081267
238 11329543
239 11329543
240 30151137
241 30151137
242 30151137
243 65558951
244 65558951
245 65558951
246 22021600
247 22021600
248 11329543
249 11329543
250 11329543
251 25378649
252 25378649
253 16275235
254 16275235
255 16275235
256 2951325
257 2951325
258 2951325
259 11173457
260 11173457
261 25378649
262 25378649
263 25378649
264 90430509
265 90430509
266 90430509
267 97645865
268 97645865
269 11173457
270 11173457
271 11173457
272 96623314
273 96623314
274 56523929
275 56523929
276 56523929
277 54536326
278 54536326
279 54536326
280 86953346
281 86953346
282 96623314
283 96623314
284 96623314
285 70495218
286 70495218
287 83711644
288 83711644
289 83711644
290 69006513
291 69006513
292 69006513
293 9020658
294 9020658
295 70495218
296 70495218
297 70495218
298 35445609
299 35445609
300 35445609
301 33183956
302 33183956
303 9020658
304 9020658
305 9020658
306 85962898
307 85962898
308 3109821
309 3109821
310 3109821
311 71854642
312 71854642
313 71854642
314 34993961
315 34993961
316 85962898
317 85962898
318 85962898
319 49394393
320 49394393
321 49394393
322 43251755
323 43251755
324 34993961
325 34993961
326 34993961
327 59282043
328 59282043
329 64066219
330 64066219
331 64066219
332 194171
333 194171
334 194171
335 61779804
336 61779804
337 59282043
338 59282043
339 59282043
340 86546068
341 86546068
342 85921541
343 85921541
344 85921541
345 67400547
346 67400547
347 67400547
348 29589730
349 29589730
350 86546068
351 86546068
352 86546068
353 78319504
354 78319504
355 78319504
356 32836585
357 32836585
358 29589730
359 29589730
360 29589730
361 14766762
362 14766762
363 47484977
364 47484977
365 47484977
366 41375653
367 41375653
368 41375653
369 93112714
370 93112714
371 14766762
372 14766762
373 14766762
374 45591538
375 45591538
376 98039108
377 98039108
378 98039108
379 25088588
380 25088588
381 25088588
382 98292311
383 98292311
384 45591538
385 45591538
386 45591538
387 67341060
388 67341060
389 67341060
390 646844
391 646844
392 98292311
393 98292311
394 98292311
395 75791344
396 75791344
397 47716666
398 47716666
399 47716666
400 51316944
