2 4375636191520 -6188084046055 6188084046055  n_cand=47
3 5411383550699 -9372791249050 9372791249050  n_cand=54
5 2011660902926 -4498210526618 4498210526618  n_cand=48
6 3973344241138 -9732665963211 9732665963211  n_cand=51
7 3244458264201 -8584029706201 8584029706201  n_cand=47
8 2187818095760 -6188084046055 6188084046055  n_cand=49
10 2057865001958 -6507540523331 6507540523331  n_cand=54
11 2654824769547 -8805057644726 8805057644726  n_cand=57
12 644240973030 -2231716195208 2231716195208  n_cand=59
13 2221952751103 -8011364575757 8011364575757  n_cand=51
14 939309932394 -3514575947009 3514575947009  n_cand=51
15 2513932181061 -9736417470741 9736417470741  n_cand=75
17 338690415535 -1396456357632 1396456357632  n_cand=56
18 953963845525 -4047325825062 4047325825062  n_cand=59
19 2117023680152 -9227892282862 9227892282862  n_cand=48
20 1005830451463 -4498210526618 4498210526618  n_cand=63
21 1370228750986 -6279176970795 6279176970795  n_cand=58
22 1891569743763 -8872248536948 8872248536948  n_cand=51
23 1567254310140 -7516287625614 7516287625614  n_cand=50
24 1986672120569 -9732665963211 9732665963211  n_cand=71
26 823444672274 -4198760452286 4198760452286  n_cand=55
27 429493982020 -2231716195208 2231716195208  n_cand=49
28 30242540742 -160028483633 160028483633  n_cand=54
29 575767374587 -3100602202719 3100602202719  n_cand=58
30 42426202925 -232377883710 232377883710  n_cand=63
31 967858002401 -5388805294045 5388805294045  n_cand=53
32 1093909047880 -6188084046055 6188084046055  n_cand=68
33 364566479901 -2094274982616 2094274982616  n_cand=65
34 1173520663555 -6842742536793 6842742536793  n_cand=70
35 1139435703239 -6740992528071 6740992528071  n_cand=91
37 955821616003 -5814035911469 5814035911469  n_cand=58
38 630615120068 -3887372676628 3887372676628  n_cand=53
39 1050044512616 -6557525879513 6557525879513  n_cand=65
40 1028932500979 -6507540523331 6507540523331  n_cand=74
41 8414565060 -53879505480 53879505480  n_cand=59
42 327569468014 -2122892782911 2122892782911  n_cand=72
43 1384393656121 -9078076293444 9078076293444  n_cand=56
44 336335502574 -2230997331424 2230997331424  n_cand=61
45 93644832975 -628188636818 628188636818  n_cand=69
46 1221698763408 -8285964153406 8285964153406  n_cand=62
47 1230633829962 -8436800477785 8436800477785  n_cand=83
48 322120486515 -2231716195208 2231716195208  n_cand=77
50 875127238304 -6188084046055 6188084046055  n_cand=88
51 639209684945 -4564870215863 4564870215863  n_cand=87
52 7699791471 -55523985915 55523985915  n_cand=49
53 121492650772 -884479848357 884479848357  n_cand=63
54 131892483178 -969207854081 969207854081  n_cand=51
55 780383405542 -5787478231532 5787478231532  n_cand=51
56 469654966197 -3514575947009 3514575947009  n_cand=78
57 852708400803 -6437807247624 6437807247624  n_cand=58
58 888790631173 -6768827785628 6768827785628  n_cand=73
59 688268846286 -5286693322037 5286693322037  n_cand=73
60 151259329527 -1171649728430 1171649728430  n_cand=68
61 271490320151 -2120407184968 2120407184968  n_cand=67
62 243941222047 -1920795103191 1920795103191  n_cand=79
63 1081486088067 -8584029706201 8584029706201  n_cand=83
65 1075815214292 -8673499547160 8673499547160  n_cand=81
66 204743395295 -1663343206469 1663343206469  n_cand=76
67 90396394248 -739926376222 739926376222  n_cand=50
68 1200708397260 -9901295094935 9901295094935  n_cand=71
69 1041502724840 -8651371387447 8651371387447  n_cand=48
70 300801838181 -2516688739137 2516688739137  n_cand=74
71 1102421733677 -9289170641164 9289170641164  n_cand=64
72 1129351989227 -9582869399144 9582869399144  n_cand=95
73 917567447084 -7839699704464 7839699704464  n_cand=54
74 844760797161 -7266907150022 7266907150022  n_cand=71
75 257696389212 -2231716195208 2231716195208  n_cand=93
76 1058511840076 -9227892282862 9227892282862  n_cand=51
77 505988434494 -4440030493114 4440030493114  n_cand=47
78 832863768390 -7355653636646 7355653636646  n_cand=65
79 677015368137 -6017444215509 6017444215509  n_cand=65
80 981276238752 -8776801498216 8776801498216  n_cand=85
82 1045008622377 -9462955548295 9462955548295  n_cand=77
83 576886196443 -5255683375416 5255683375416  n_cand=87
84 685114375493 -6279176970795 6279176970795  n_cand=76
85 281311686078 -2593565596149 2593565596149  n_cand=59
86 14991547544 -139025892577 139025892577  n_cand=45
87 188451560297 -1757759136033 1757759136033  n_cand=67
88 90345328370 -847514304023 847514304023  n_cand=54
89 902147393650 -8510841490025 8510841490025  n_cand=68
90 950816507885 -9020237405409 9020237405409  n_cand=71
91 769731261829 -7342768252145 7342768252145  n_cand=77
92 783627155070 -7516287625614 7516287625614  n_cand=43
93 834688048454 -8049440033662 8049440033662  n_cand=63
94 815973674960 -7911158296568 7911158296568  n_cand=68
95 481250995950 -4690654485756 4690654485756  n_cand=76
96 546127711334 -5350936908646 5350936908646  n_cand=73
97 945386407872 -9310976298879 9310976298879  n_cand=72
98 968015990766 -9582869399144 9582869399144  n_cand=85
99 884941589849 -8805057644726 8805057644726  n_cand=121
S                                   498809825393729
