2 4
3 6
5 12
7 30
19 98
13 122
11 124
23 220
31 308
29 346
17 418
47 556
43 962
73 992
41 1144
37 1274
61 1382
67 1856
53 2512
103 2642
59 3526
79 3818
71 4618
139 5372
97 5978
127 6008
173 7426
83 7432
157 9596
109 10268
89 12778
151 13562
113 19696
137 22606
163 22832
107 23266
101 26098
131 34192
149 37768
211 43532
193 48002
181 50312
233 54244
167 59914
199 60062
293 63274
229 66158
283 84116
179 88786
191 97768
251 100768
227 103738
197 112558
313 113672
331 128168
241 134972
271 137708
307 180596
359 194428
311 194452
383 194470
