2 4
3 6
5 12
7 30
19 98
13 122
11 124
23 220
31 308
29 346
17 418
47 556
43 962
73 992
41 1144
37 1274
61 1382
67 1856
53 2512
103 2642
59 3526
79 3818
71 4618
139 5372
97 5978
127 6008
173 7426
83 7432
157 9596
109 10268
89 12778
151 13562
113 19696
137 22606
163 22832
107 23266
101 26098
131 34192
149 37768
211 43532
193 48002
181 50312
233 54244
167 59914
199 60062
293 63274
229 66158
283 84116
179 88786
191 97768
251 100768
227 103738
197 112558
313 113672
331 128168
241 134972
271 137708
307 180596
359 194428
311 194452
383 194470
239 217156
223 221942
257 237544
277 250400
337 343136
269 407128
389 413572
367 480908
263 485326
523 503222
353 523384
281 642358
409 642662
317 686638
397 732626
349 850802
439 880508
373 953396
347 1042078
601 1077422
379 1172918
499 1403372
457 1688798
449 1816888
431 1853158
433 2003444
401 2041402
421 2076854
541 2209532
461 2283172
443 2346412
419 2406448
479 3392548
547 3506954
577 3506984
727 3526958
467 3667498
751 3807404
491 4158418
463 4288574
571 4493498
503 4855636
607 4917746
487 4938848
557 5526076
619 5833298
563 6206272
641 6352972
733 8350652
509 9292156
643 9883994
