depth 1000; oracle_agree_first_40=True first_bad=None
min_block=2 at k=1; max_block=1270444 at k=162

Total transitions 999; regeneration events (b_[k+1] >= b_k): 60
fraction of transitions that regenerate: 0.0601

regeneration: k->k+1, b_k, b_{k+1}, diff, c_k, c_{k+1}
  k=1->2: b 2->7 (diff +5)  c_k=4 c_2=4
  k=2->3: b 7->13 (diff +6)  c_k=4 c_3=4
  k=3->4: b 13->13 (diff +0)  c_k=4 c_4=4
  k=4->5: b 13->24 (diff +11)  c_k=4 c_5=8
  k=8->9: b 21->24 (diff +3)  c_k=4 c_9=4
  k=9->10: b 24->58 (diff +34)  c_k=4 c_10=4
  k=10->11: b 58->97 (diff +39)  c_k=4 c_11=4
  k=12->13: b 96->97 (diff +1)  c_k=4 c_13=4
  k=14->15: b 96->173 (diff +77)  c_k=4 c_15=4
  k=15->16: b 173->175 (diff +2)  c_k=4 c_16=4
  k=16->17: b 175->175 (diff +0)  c_k=4 c_17=4
  k=17->18: b 175->175 (diff +0)  c_k=4 c_18=4
  k=18->19: b 175->175 (diff +0)  c_k=4 c_19=4
  k=19->20: b 175->290 (diff +115)  c_k=4 c_20=6
  k=22->23: b 288->739 (diff +451)  c_k=4 c_23=4
  k=23->24: b 739->873 (diff +134)  c_k=4 c_24=6
  k=26->27: b 871->872 (diff +1)  c_k=4 c_27=6
  k=34->35: b 865->2179 (diff +1314)  c_k=4 c_35=4
  k=38->39: b 2176->2770 (diff +594)  c_k=4 c_39=10
  k=47->48: b 2762->2762 (diff +0)  c_k=4 c_48=4
  k=48->49: b 2762->2762 (diff +0)  c_k=4 c_49=4
  k=49->50: b 2762->2762 (diff +0)  c_k=4 c_50=4
  k=50->51: b 2762->3365 (diff +603)  c_k=4 c_51=4
  k=51->52: b 3365->4207 (diff +842)  c_k=4 c_52=4
  k=56->57: b 4203->5942 (diff +1739)  c_k=4 c_57=4
  k=57->58: b 5942->5943 (diff +1)  c_k=4 c_58=6
  k=62->63: b 5939->5939 (diff +0)  c_k=4 c_63=4
  k=63->64: b 5939->5939 (diff +0)  c_k=4 c_64=4
  k=64->65: b 5939->23265 (diff +17326)  c_k=4 c_65=6
  k=68->69: b 23262->31499 (diff +8237)  c_k=4 c_69=6
  k=72->73: b 31496->31527 (diff +31)  c_k=4 c_73=6
  k=75->76: b 31525->31525 (diff +0)  c_k=4 c_76=4
  k=76->77: b 31525->31527 (diff +2)  c_k=4 c_77=4
  k=79->80: b 31525->31525 (diff +0)  c_k=4 c_80=4
  k=80->81: b 31525->31535 (diff +10)  c_k=4 c_81=8
  k=86->87: b 31530->31537 (diff +7)  c_k=4 c_87=8
  k=91->92: b 31533->31534 (diff +1)  c_k=4 c_92=6
  k=94->95: b 31532->92620 (diff +61088)  c_k=4 c_95=4
  k=96->97: b 92619->103973 (diff +11354)  c_k=4 c_97=14
  k=110->111: b 103960->141706 (diff +37746)  c_k=4 c_111=4
  k=111->112: b 141706->141706 (diff +0)  c_k=4 c_112=4
  k=112->113: b 141706->271629 (diff +129923)  c_k=4 c_113=14
  k=125->126: b 271617->271620 (diff +3)  c_k=4 c_126=4
  k=126->127: b 271620->325090 (diff +53470)  c_k=4 c_127=4
  k=128->129: b 325089->325096 (diff +7)  c_k=4 c_129=4
  k=129->130: b 325096->325096 (diff +0)  c_k=4 c_130=4
  k=130->131: b 325096->515906 (diff +190810)  c_k=4 c_131=4
  k=131->132: b 515906->515907 (diff +1)  c_k=4 c_132=4
  k=132->133: b 515907->515908 (diff +1)  c_k=4 c_133=4
  k=134->135: b 515907->733564 (diff +217657)  c_k=4 c_135=4
  k=135->136: b 733564->733564 (diff +0)  c_k=4 c_136=4
  k=136->137: b 733564->733568 (diff +4)  c_k=4 c_137=4
  k=138->139: b 733567->733576 (diff +9)  c_k=4 c_139=8
  k=141->142: b 733574->733574 (diff +0)  c_k=4 c_142=4
  k=142->143: b 733574->733574 (diff +0)  c_k=4 c_143=4
  k=143->144: b 733574->733577 (diff +3)  c_k=4 c_144=4
  k=146->147: b 733575->1094273 (diff +360698)  c_k=4 c_147=12
  k=159->160: b 1094261->1094263 (diff +2)  c_k=4 c_160=4
  k=160->161: b 1094263->1094263 (diff +0)  c_k=4 c_161=4
  k=161->162: b 1094263->1270444 (diff +176181)  c_k=4 c_162=None

Longest pure-erosion run (consecutive b(k+1)=b(k)-1): 838
Longest erosion runs (k_start, length): [(162, 838), (97, 13), (113, 12), (147, 12), (39, 8), (27, 7), (81, 5), (52, 4)]
erosion runs of length >= 5 (start k, len, b at start, c at start):
  k=162 len 838 b=1270444 c=None
  k=97 len 13 b=103973 c=14
  k=113 len 12 b=271629 c=14
  k=147 len 12 b=1094273 c=12
  k=39 len 8 b=2770 c=10
  k=27 len 7 b=872 c=6
  k=81 len 5 b=31535 c=8

intruder c_k: 161 non-null of 1000; min 4 max 14
c mod 4 distribution: [(0, 120), (2, 41)]
c == 4 share: 0.5963

regenerations with b_k < 100: 9 of 60
b_k values at which a regeneration occurs: [2, 7, 13, 21, 24, 58, 96, 173, 175, 288, 739, 865, 871, 2176, 2762, 3365, 4203, 5939, 5942, 23262, 31496, 31525, 31530, 31532, 31533, 92619, 103960, 141706, 271617, 271620, 325089, 325096, 515906, 515907, 733564, 733567, 733574, 733575, 1094261, 1094263]

b value -> count over all rows: [(2, 1), (7, 1), (13, 2), (21, 1), (22, 1), (23, 1), (24, 2), (58, 1), (96, 2), (97, 2), (173, 1), (175, 4), (288, 1), (289, 1), (290, 1), (739, 1), (865, 1), (866, 1), (867, 1), (868, 1), (869, 1), (870, 1), (871, 2), (872, 2), (873, 1), (2176, 1), (2177, 1), (2178, 1), (2179, 1), (2762, 4), (2763, 1), (2764, 1), (2765, 1), (2766, 1), (2767, 1), (2768, 1), (2769, 1), (2770, 1), (3365, 1), (4203, 1), (4204, 1), (4205, 1), (4206, 1), (4207, 1), (5939, 3), (5940, 1), (5941, 1), (5942, 2), (5943, 1), (23262, 1), (23263, 1), (23264, 1), (23265, 1), (31496, 1), (31497, 1), (31498, 1), (31499, 1), (31525, 4), (31526, 2), (31527, 2), (31530, 1), (31531, 1), (31532, 2), (31533, 3), (31534, 3), (31535, 2), (31536, 1), (31537, 1), (92619, 1), (92620, 1), (103960, 1), (103961, 1), (103962, 1), (103963, 1), (103964, 1), (103965, 1), (103966, 1), (103967, 1), (103968, 1), (103969, 1), (103970, 1), (103971, 1), (103972, 1), (103973, 1), (141706, 2), (271617, 1), (271618, 1), (271619, 1), (271620, 2), (271621, 1), (271622, 1), (271623, 1), (271624, 1), (271625, 1), (271626, 1), (271627, 1), (271628, 1), (271629, 1), (325089, 1), (325090, 1), (325096, 2), (515906, 1), (515907, 2), (515908, 1), (733564, 2), (733567, 1), (733568, 1), (733574, 3), (733575, 2), (733576, 2), (733577, 1), (1094261, 1), (1094262, 1), (1094263, 3), (1094264, 1), (1094265, 1), (1094266, 1), (1094267, 1), (1094268, 1), (1094269, 1), (1094270, 1), (1094271, 1), (1094272, 1), (1094273, 1), (1269606, 1), (1269607, 1), (1269608, 1), (1269609, 1), (1269610, 1), (1269611, 1), (1269612, 1), (1269613, 1), (1269614, 1), (1269615, 1), (1269616, 1), (1269617, 1), (1269618, 1), (1269619, 1), (1269620, 1), (1269621, 1), (1269622, 1), (1269623, 1), (1269624, 1), (1269625, 1), (1269626, 1), (1269627, 1), (1269628, 1), (1269629, 1), (1269630, 1), (1269631, 1), (1269632, 1), (1269633, 1), (1269634, 1), (1269635, 1), (1269636, 1), (1269637, 1), (1269638, 1), (1269639, 1), (1269640, 1), (1269641, 1), (1269642, 1), (1269643, 1), (1269644, 1), (1269645, 1), (1269646, 1), (1269647, 1), (1269648, 1), (1269649, 1), (1269650, 1), (1269651, 1), (1269652, 1), (1269653, 1), (1269654, 1), (1269655, 1), (1269656, 1), (1269657, 1), (1269658, 1), (1269659, 1), (1269660, 1), (1269661, 1), (1269662, 1), (1269663, 1), (1269664, 1), (1269665, 1), (1269666, 1), (1269667, 1), (1269668, 1), (1269669, 1), (1269670, 1), (1269671, 1), (1269672, 1), (1269673, 1), (1269674, 1), (1269675, 1), (1269676, 1), (1269677, 1), (1269678, 1), (1269679, 1), (1269680, 1), (1269681, 1), (1269682, 1), (1269683, 1), (1269684, 1), (1269685, 1), (1269686, 1), (1269687, 1), (1269688, 1), (1269689, 1), (1269690, 1), (1269691, 1), (1269692, 1), (1269693, 1), (1269694, 1), (1269695, 1), (1269696, 1), (1269697, 1), (1269698, 1), (1269699, 1), (1269700, 1), (1269701, 1), (1269702, 1), (1269703, 1), (1269704, 1), (1269705, 1), (1269706, 1), (1269707, 1), (1269708, 1), (1269709, 1), (1269710, 1), (1269711, 1), (1269712, 1), (1269713, 1), (1269714, 1), (1269715, 1), (1269716, 1), (1269717, 1), (1269718, 1), (1269719, 1), (1269720, 1), (1269721, 1), (1269722, 1), (1269723, 1), (1269724, 1), (1269725, 1), (1269726, 1), (1269727, 1), (1269728, 1), (1269729, 1), (1269730, 1), (1269731, 1), (1269732, 1), (1269733, 1), (1269734, 1), (1269735, 1), (1269736, 1), (1269737, 1), (1269738, 1), (1269739, 1), (1269740, 1), (1269741, 1), (1269742, 1), (1269743, 1), (1269744, 1), (1269745, 1), (1269746, 1), (1269747, 1), (1269748, 1), (1269749, 1), (1269750, 1), (1269751, 1), (1269752, 1), (1269753, 1), (1269754, 1), (1269755, 1), (1269756, 1), (1269757, 1), (1269758, 1), (1269759, 1), (1269760, 1), (1269761, 1), (1269762, 1), (1269763, 1), (1269764, 1), (1269765, 1), (1269766, 1), (1269767, 1), (1269768, 1), (1269769, 1), (1269770, 1), (1269771, 1), (1269772, 1), (1269773, 1), (1269774, 1), (1269775, 1), (1269776, 1), (1269777, 1), (1269778, 1), (1269779, 1), (1269780, 1), (1269781, 1), (1269782, 1), (1269783, 1), (1269784, 1), (1269785, 1), (1269786, 1), (1269787, 1), (1269788, 1), (1269789, 1), (1269790, 1), (1269791, 1), (1269792, 1), (1269793, 1), (1269794, 1), (1269795, 1), (1269796, 1), (1269797, 1), (1269798, 1), (1269799, 1), (1269800, 1), (1269801, 1), (1269802, 1), (1269803, 1), (1269804, 1), (1269805, 1), (1269806, 1), (1269807, 1), (1269808, 1), (1269809, 1), (1269810, 1), (1269811, 1), (1269812, 1), (1269813, 1), (1269814, 1), (1269815, 1), (1269816, 1), (1269817, 1), (1269818, 1), (1269819, 1), (1269820, 1), (1269821, 1), (1269822, 1), (1269823, 1), (1269824, 1), (1269825, 1), (1269826, 1), (1269827, 1), (1269828, 1), (1269829, 1), (1269830, 1), (1269831, 1), (1269832, 1), (1269833, 1), (1269834, 1), (1269835, 1), (1269836, 1), (1269837, 1), (1269838, 1), (1269839, 1), (1269840, 1), (1269841, 1), (1269842, 1), (1269843, 1), (1269844, 1), (1269845, 1), (1269846, 1), (1269847, 1), (1269848, 1), (1269849, 1), (1269850, 1), (1269851, 1), (1269852, 1), (1269853, 1), (1269854, 1), (1269855, 1), (1269856, 1), (1269857, 1), (1269858, 1), (1269859, 1), (1269860, 1), (1269861, 1), (1269862, 1), (1269863, 1), (1269864, 1), (1269865, 1), (1269866, 1), (1269867, 1), (1269868, 1), (1269869, 1), (1269870, 1), (1269871, 1), (1269872, 1), (1269873, 1), (1269874, 1), (1269875, 1), (1269876, 1), (1269877, 1), (1269878, 1), (1269879, 1), (1269880, 1), (1269881, 1), (1269882, 1), (1269883, 1), (1269884, 1), (1269885, 1), (1269886, 1), (1269887, 1), (1269888, 1), (1269889, 1), (1269890, 1), (1269891, 1), (1269892, 1), (1269893, 1), (1269894, 1), (1269895, 1), (1269896, 1), (1269897, 1), (1269898, 1), (1269899, 1), (1269900, 1), (1269901, 1), (1269902, 1), (1269903, 1), (1269904, 1), (1269905, 1), (1269906, 1), (1269907, 1), (1269908, 1), (1269909, 1), (1269910, 1), (1269911, 1), (1269912, 1), (1269913, 1), (1269914, 1), (1269915, 1), (1269916, 1), (1269917, 1), (1269918, 1), (1269919, 1), (1269920, 1), (1269921, 1), (1269922, 1), (1269923, 1), (1269924, 1), (1269925, 1), (1269926, 1), (1269927, 1), (1269928, 1), (1269929, 1), (1269930, 1), (1269931, 1), (1269932, 1), (1269933, 1), (1269934, 1), (1269935, 1), (1269936, 1), (1269937, 1), (1269938, 1), (1269939, 1), (1269940, 1), (1269941, 1), (1269942, 1), (1269943, 1), (1269944, 1), (1269945, 1), (1269946, 1), (1269947, 1), (1269948, 1), (1269949, 1), (1269950, 1), (1269951, 1), (1269952, 1), (1269953, 1), (1269954, 1), (1269955, 1), (1269956, 1), (1269957, 1), (1269958, 1), (1269959, 1), (1269960, 1), (1269961, 1), (1269962, 1), (1269963, 1), (1269964, 1), (1269965, 1), (1269966, 1), (1269967, 1), (1269968, 1), (1269969, 1), (1269970, 1), (1269971, 1), (1269972, 1), (1269973, 1), (1269974, 1), (1269975, 1), (1269976, 1), (1269977, 1), (1269978, 1), (1269979, 1), (1269980, 1), (1269981, 1), (1269982, 1), (1269983, 1), (1269984, 1), (1269985, 1), (1269986, 1), (1269987, 1), (1269988, 1), (1269989, 1), (1269990, 1), (1269991, 1), (1269992, 1), (1269993, 1), (1269994, 1), (1269995, 1), (1269996, 1), (1269997, 1), (1269998, 1), (1269999, 1), (1270000, 1), (1270001, 1), (1270002, 1), (1270003, 1), (1270004, 1), (1270005, 1), (1270006, 1), (1270007, 1), (1270008, 1), (1270009, 1), (1270010, 1), (1270011, 1), (1270012, 1), (1270013, 1), (1270014, 1), (1270015, 1), (1270016, 1), (1270017, 1), (1270018, 1), (1270019, 1), (1270020, 1), (1270021, 1), (1270022, 1), (1270023, 1), (1270024, 1), (1270025, 1), (1270026, 1), (1270027, 1), (1270028, 1), (1270029, 1), (1270030, 1), (1270031, 1), (1270032, 1), (1270033, 1), (1270034, 1), (1270035, 1), (1270036, 1), (1270037, 1), (1270038, 1), (1270039, 1), (1270040, 1), (1270041, 1), (1270042, 1), (1270043, 1), (1270044, 1), (1270045, 1), (1270046, 1), (1270047, 1), (1270048, 1), (1270049, 1), (1270050, 1), (1270051, 1), (1270052, 1), (1270053, 1), (1270054, 1), (1270055, 1), (1270056, 1), (1270057, 1), (1270058, 1), (1270059, 1), (1270060, 1), (1270061, 1), (1270062, 1), (1270063, 1), (1270064, 1), (1270065, 1), (1270066, 1), (1270067, 1), (1270068, 1), (1270069, 1), (1270070, 1), (1270071, 1), (1270072, 1), (1270073, 1), (1270074, 1), (1270075, 1), (1270076, 1), (1270077, 1), (1270078, 1), (1270079, 1), (1270080, 1), (1270081, 1), (1270082, 1), (1270083, 1), (1270084, 1), (1270085, 1), (1270086, 1), (1270087, 1), (1270088, 1), (1270089, 1), (1270090, 1), (1270091, 1), (1270092, 1), (1270093, 1), (1270094, 1), (1270095, 1), (1270096, 1), (1270097, 1), (1270098, 1), (1270099, 1), (1270100, 1), (1270101, 1), (1270102, 1), (1270103, 1), (1270104, 1), (1270105, 1), (1270106, 1), (1270107, 1), (1270108, 1), (1270109, 1), (1270110, 1), (1270111, 1), (1270112, 1), (1270113, 1), (1270114, 1), (1270115, 1), (1270116, 1), (1270117, 1), (1270118, 1), (1270119, 1), (1270120, 1), (1270121, 1), (1270122, 1), (1270123, 1), (1270124, 1), (1270125, 1), (1270126, 1), (1270127, 1), (1270128, 1), (1270129, 1), (1270130, 1), (1270131, 1), (1270132, 1), (1270133, 1), (1270134, 1), (1270135, 1), (1270136, 1), (1270137, 1), (1270138, 1), (1270139, 1), (1270140, 1), (1270141, 1), (1270142, 1), (1270143, 1), (1270144, 1), (1270145, 1), (1270146, 1), (1270147, 1), (1270148, 1), (1270149, 1), (1270150, 1), (1270151, 1), (1270152, 1), (1270153, 1), (1270154, 1), (1270155, 1), (1270156, 1), (1270157, 1), (1270158, 1), (1270159, 1), (1270160, 1), (1270161, 1), (1270162, 1), (1270163, 1), (1270164, 1), (1270165, 1), (1270166, 1), (1270167, 1), (1270168, 1), (1270169, 1), (1270170, 1), (1270171, 1), (1270172, 1), (1270173, 1), (1270174, 1), (1270175, 1), (1270176, 1), (1270177, 1), (1270178, 1), (1270179, 1), (1270180, 1), (1270181, 1), (1270182, 1), (1270183, 1), (1270184, 1), (1270185, 1), (1270186, 1), (1270187, 1), (1270188, 1), (1270189, 1), (1270190, 1), (1270191, 1), (1270192, 1), (1270193, 1), (1270194, 1), (1270195, 1), (1270196, 1), (1270197, 1), (1270198, 1), (1270199, 1), (1270200, 1), (1270201, 1), (1270202, 1), (1270203, 1), (1270204, 1), (1270205, 1), (1270206, 1), (1270207, 1), (1270208, 1), (1270209, 1), (1270210, 1), (1270211, 1), (1270212, 1), (1270213, 1), (1270214, 1), (1270215, 1), (1270216, 1), (1270217, 1), (1270218, 1), (1270219, 1), (1270220, 1), (1270221, 1), (1270222, 1), (1270223, 1), (1270224, 1), (1270225, 1), (1270226, 1), (1270227, 1), (1270228, 1), (1270229, 1), (1270230, 1), (1270231, 1), (1270232, 1), (1270233, 1), (1270234, 1), (1270235, 1), (1270236, 1), (1270237, 1), (1270238, 1), (1270239, 1), (1270240, 1), (1270241, 1), (1270242, 1), (1270243, 1), (1270244, 1), (1270245, 1), (1270246, 1), (1270247, 1), (1270248, 1), (1270249, 1), (1270250, 1), (1270251, 1), (1270252, 1), (1270253, 1), (1270254, 1), (1270255, 1), (1270256, 1), (1270257, 1), (1270258, 1), (1270259, 1), (1270260, 1), (1270261, 1), (1270262, 1), (1270263, 1), (1270264, 1), (1270265, 1), (1270266, 1), (1270267, 1), (1270268, 1), (1270269, 1), (1270270, 1), (1270271, 1), (1270272, 1), (1270273, 1), (1270274, 1), (1270275, 1), (1270276, 1), (1270277, 1), (1270278, 1), (1270279, 1), (1270280, 1), (1270281, 1), (1270282, 1), (1270283, 1), (1270284, 1), (1270285, 1), (1270286, 1), (1270287, 1), (1270288, 1), (1270289, 1), (1270290, 1), (1270291, 1), (1270292, 1), (1270293, 1), (1270294, 1), (1270295, 1), (1270296, 1), (1270297, 1), (1270298, 1), (1270299, 1), (1270300, 1), (1270301, 1), (1270302, 1), (1270303, 1), (1270304, 1), (1270305, 1), (1270306, 1), (1270307, 1), (1270308, 1), (1270309, 1), (1270310, 1), (1270311, 1), (1270312, 1), (1270313, 1), (1270314, 1), (1270315, 1), (1270316, 1), (1270317, 1), (1270318, 1), (1270319, 1), (1270320, 1), (1270321, 1), (1270322, 1), (1270323, 1), (1270324, 1), (1270325, 1), (1270326, 1), (1270327, 1), (1270328, 1), (1270329, 1), (1270330, 1), (1270331, 1), (1270332, 1), (1270333, 1), (1270334, 1), (1270335, 1), (1270336, 1), (1270337, 1), (1270338, 1), (1270339, 1), (1270340, 1), (1270341, 1), (1270342, 1), (1270343, 1), (1270344, 1), (1270345, 1), (1270346, 1), (1270347, 1), (1270348, 1), (1270349, 1), (1270350, 1), (1270351, 1), (1270352, 1), (1270353, 1), (1270354, 1), (1270355, 1), (1270356, 1), (1270357, 1), (1270358, 1), (1270359, 1), (1270360, 1), (1270361, 1), (1270362, 1), (1270363, 1), (1270364, 1), (1270365, 1), (1270366, 1), (1270367, 1), (1270368, 1), (1270369, 1), (1270370, 1), (1270371, 1), (1270372, 1), (1270373, 1), (1270374, 1), (1270375, 1), (1270376, 1), (1270377, 1), (1270378, 1), (1270379, 1), (1270380, 1), (1270381, 1), (1270382, 1), (1270383, 1), (1270384, 1), (1270385, 1), (1270386, 1), (1270387, 1), (1270388, 1), (1270389, 1), (1270390, 1), (1270391, 1), (1270392, 1), (1270393, 1), (1270394, 1), (1270395, 1), (1270396, 1), (1270397, 1), (1270398, 1), (1270399, 1), (1270400, 1), (1270401, 1), (1270402, 1), (1270403, 1), (1270404, 1), (1270405, 1), (1270406, 1), (1270407, 1), (1270408, 1), (1270409, 1), (1270410, 1), (1270411, 1), (1270412, 1), (1270413, 1), (1270414, 1), (1270415, 1), (1270416, 1), (1270417, 1), (1270418, 1), (1270419, 1), (1270420, 1), (1270421, 1), (1270422, 1), (1270423, 1), (1270424, 1), (1270425, 1), (1270426, 1), (1270427, 1), (1270428, 1), (1270429, 1), (1270430, 1), (1270431, 1), (1270432, 1), (1270433, 1), (1270434, 1), (1270435, 1), (1270436, 1), (1270437, 1), (1270438, 1), (1270439, 1), (1270440, 1), (1270441, 1), (1270442, 1), (1270443, 1), (1270444, 1)]
