TASK B: dyadic half-step fold characterization
DEPTH/WIDTH BOUND: m = n-2 (number of row-1 halved gap bits); scanned depth rows k = 2..m  ->  depth m
------------------------------------------------------------------------------
(a) half-step family h = 1^k 0^k, m = 2k [with DIRECT-triangle cross-check on small m]
m    k    wt(Phi h)  ratio    tri_nu2   rows(k)
------------------------------------------------------------------------------
4    2    1          0.25000  1         [3]
6    3    2          0.33333  2         [4, 5]
8    4    1          0.12500  1         [5]
10   5    4          0.40000  4         [6, 7, 8, 9]
12   6    2          0.16667  2         [7, 9]
14   7    2          0.14286  2         [8, 9]
16   8    1          0.06250  1         [9]
18   9    8          0.44444            [10, 11, 12, 13, 14, 15, 16, 17]
20   10   4          0.20000            [11, 13, 15, 17]
22   11   4          0.18182            [12, 13, 16, 17]
24   12   2          0.08333            [13, 17]
26   13   4          0.15385            [14, 15, 16, 17]
28   14   2          0.07143            [15, 17]
30   15   2          0.06667            [16, 17]
32   16   1          0.03125            [17]
34   17   16         0.47059            [18, 19, 20, 21, 22, 23, 24, 25, 26, 27, 28, 29, 30, 31, 32, 33]
36   18   8          0.22222            [19, 21, 23, 25, 27, 29, 31, 33]
38   19   8          0.21053            [20, 21, 24, 25, 28, 29, 32, 33]
40   20   4          0.10000            [21, 25, 29, 33]
42   21   8          0.19048            [22, 23, 24, 25, 30, 31, 32, 33]
44   22   4          0.09091            [23, 25, 31, 33]
46   23   4          0.08696            [24, 25, 32, 33]
48   24   2          0.04167            [25, 33]
50   25   8          0.16000            [26, 27, 28, 29, 30, 31, 32, 33]
52   26   4          0.07692            [27, 29, 31, 33]
54   27   4          0.07407            [28, 29, 32, 33]
56   28   2          0.03571            [29, 33]
58   29   4          0.06897            [30, 31, 32, 33]
60   30   2          0.03333            [31, 33]
62   31   2          0.03226            [32, 33]
64   32   1          0.01562            [33]
66   33   32         0.48485            [34, 35, 36, 37, 38, 39, 40, 41, 42, 43, 44, 45, 46, 47, 48, 49, 50, 51, 52, 53, 54, 55, 56, 57, 58, 59, 60, 61, 62, 63, 64, 65]
68   34   16         0.23529            [35, 37, 39, 41, 43, 45, 47, 49, 51, 53, 55, 57, 59, 61, 63, 65]
70   35   16         0.22857            [36, 37, 40, 41, 44, 45, 48, 49, 52, 53, 56, 57, 60, 61, 64, 65]
72   36   8          0.11111            [37, 41, 45, 49, 53, 57, 61, 65]
74   37   16         0.21622            [38, 39, 40, 41, 46, 47, 48, 49, 54, 55, 56, 57, 62, 63, 64, 65]
76   38   8          0.10526            [39, 41, 47, 49, 55, 57, 63, 65]
78   39   8          0.10256            [40, 41, 48, 49, 56, 57, 64, 65]
80   40   4          0.05000            [41, 49, 57, 65]
82   41   16         0.19512            [42, 43, 44, 45, 46, 47, 48, 49, 58, 59, 60, 61, 62, 63, 64, 65]
84   42   8          0.09524            [43, 45, 47, 49, 59, 61, 63, 65]
86   43   8          0.09302            [44, 45, 48, 49, 60, 61, 64, 65]
88   44   4          0.04545            [45, 49, 61, 65]
90   45   8          0.08889            [46, 47, 48, 49, 62, 63, 64, 65]
92   46   4          0.04348            [47, 49, 63, 65]
94   47   4          0.04255            [48, 49, 64, 65]
96   48   2          0.02083            [49, 65]
98   49   16         0.16327            [50, 51, 52, 53, 54, 55, 56, 57, 58, 59, 60, 61, 62, 63, 64, 65]
100  50   8          0.08000            [51, 53, 55, 57, 59, 61, 63, 65]
102  51   8          0.07843            [52, 53, 56, 57, 60, 61, 64, 65]
104  52   4          0.03846            [53, 57, 61, 65]
106  53   8          0.07547            [54, 55, 56, 57, 62, 63, 64, 65]
108  54   4          0.03704            [55, 57, 63, 65]
110  55   4          0.03636            [56, 57, 64, 65]
112  56   2          0.01786            [57, 65]
114  57   8          0.07018            [58, 59, 60, 61, 62, 63, 64, 65]
116  58   4          0.03448            [59, 61, 63, 65]
118  59   4          0.03390            [60, 61, 64, 65]
120  60   2          0.01667            [61, 65]
122  61   4          0.03279            [62, 63, 64, 65]
124  62   2          0.01613            [63, 65]
126  63   2          0.01587            [64, 65]
128  64   1          0.00781            [65]
------------------------------------------------------------------------------
(a) RESULT: wt(Phi h) == 1 for EVERY k? NO.
    Exactly 1 only at k = powers of two (2,4,8,16,32,64 = m = 4,8,16,32,64,128).
    Deviations: [(3, 6, 2), (5, 10, 4), (6, 12, 2), (7, 14, 2), (9, 18, 8), (10, 20, 4), (11, 22, 4), (12, 24, 2), (13, 26, 4), (14, 28, 2), (15, 30, 2), (17, 34, 16), (18, 36, 8), (19, 38, 8), (20, 40, 4), (21, 42, 8), (22, 44, 4), (23, 46, 4), (24, 48, 2), (25, 50, 8), (26, 52, 4), (27, 54, 4), (28, 56, 2), (29, 58, 4), (30, 60, 2), (31, 62, 2), (33, 66, 32), (34, 68, 16), (35, 70, 16), (36, 72, 8), (37, 74, 16), (38, 76, 8), (39, 78, 8), (40, 80, 4), (41, 82, 16), (42, 84, 8), (43, 86, 8), (44, 88, 4), (45, 90, 8), (46, 92, 4), (47, 94, 4), (48, 96, 2), (49, 98, 16), (50, 100, 8), (51, 102, 8), (52, 104, 4), (53, 106, 8), (54, 108, 4), (55, 110, 4), (56, 112, 2), (57, 114, 8), (58, 116, 4), (59, 118, 4), (60, 120, 2), (61, 122, 4), (62, 124, 2), (63, 126, 2)]
    wt(Phi h) is ALWAYS a power of two in this family: True

(b) fold image (which depth rows give 1):
  m=  8 k= 4  wt=1 rows=[5]  -> single row k = m/2+1 (center)
  m= 12 k= 6  wt=2 rows=[7, 9]  -> rows relative to m/2+1: offsets [0, 2] (step 2)
  m= 16 k= 8  wt=1 rows=[9]  -> single row k = m/2+1 (center)
  m= 20 k=10  wt=4 rows=[11, 13, 15, 17]  -> rows relative to m/2+1: offsets [0, 2, 4, 6] (step 2)
  m= 24 k=12  wt=2 rows=[13, 17]  -> rows relative to m/2+1: offsets [0, 4] (step 4)
  m= 32 k=16  wt=1 rows=[17]  -> single row k = m/2+1 (center)
  m= 40 k=20  wt=4 rows=[21, 25, 29, 33]  -> rows relative to m/2+1: offsets [0, 4, 8, 12] (step 4)
  m= 48 k=24  wt=2 rows=[25, 33]  -> rows relative to m/2+1: offsets [0, 8] (step 8)
  m= 64 k=32  wt=1 rows=[33]  -> single row k = m/2+1 (center)

(c) other block structures / balanced block-boundary strings:
m      structure        wt(Phi h)  ratio    first rows
------------------------------------------------------------------------------
12     1^k0^k1^k0^k     6          0.50000  [4, 5, 7, 8, 10, 11]
16     1^k0^k1^k0^k     1          0.06250  [5]
20     1^k0^k1^k0^k     8          0.40000  [6, 7, 8, 9, 11, 13, 14, 17]
24     1^k0^k1^k0^k     6          0.25000  [7, 9, 13, 15, 19, 21]
32     1^k0^k1^k0^k     1          0.03125  [9]
40     1^k0^k1^k0^k     8          0.20000  [11, 13, 15, 17, 21, 25, 27, 33]
48     1^k0^k1^k0^k     6          0.12500  [13, 17, 25, 29, 37, 41]
12     1^k0^2k          1          0.08333  [9]
16     1^k0^3k          1          0.06250  [13]
24     1^k0^2k          1          0.04167  [17]
32     1^k0^3k          1          0.03125  [25]
36     1^k0^2k          2          0.05556  [25, 33]
48     1^k0^3k          3          0.06250  [37, 41, 45]
24     (1^k0^k)x4       14         0.58333  [4, 5, 7, 8, 10, 11, 13, 14]
32     (1^k0^k)x4       1          0.03125  [5]
48     (1^k0^k)x4       14         0.29167  [7, 9, 13, 15, 19, 21, 25, 27]
16     1^3k0^k          3          0.18750  [5, 9, 13]
32     1^3k0^k          3          0.09375  [9, 17, 25]
48     1^3k0^k          5          0.10417  [13, 17, 29, 33, 45]
8      rot(1^k0^k)      4          0.50000  [2, 3, 4, 5]
16     rot(1^k0^k)      8          0.50000  [2, 3, 4, 5, 6, 7, 8, 9]
24     rot(1^k0^k)      19         0.79167  [2, 3, 4, 5, 6, 7, 8, 9]
32     rot(1^k0^k)      16         0.50000  [2, 3, 4, 5, 6, 7, 8, 9]
------------------------------------------------------------------------------
(c) balanced block-boundary strings with wt <= 2: [(16, '1^k0^k1^k0^k', 1, [5]), (32, '1^k0^k1^k0^k', 1, [9]), (12, '1^k0^2k', 1, [9]), (16, '1^k0^3k', 1, [13]), (24, '1^k0^2k', 1, [17]), (32, '1^k0^3k', 1, [25]), (36, '1^k0^2k', 2, [25, 33]), (32, '(1^k0^k)x4', 1, [5])]
DEPTH BOUND: m = 48 (width = depth), scanned depth rows 2..48
EXIT_CODE=0
