sieve <= 20000000: 1270607 primes; depth 162
regenerated b[1..161] == stored genuine record: True
live erosion runs detected: 26; predicted next-event row matches actual: 26/26
K   n(b_K)   y_K x_K  runlen  d*  pred_event  act_event  match
   5        24   8  0      3      3           8          8  True
  11        97   4  0      1      1          12         12  True
  13        97   4  0      1      1          14         14  True
  20       290   6  0      2      2          22         22  True
  24       873   6  0      2      2          26         26  True
  27       872   6  2      7      7          34         34  True
  35      2179   4  0      3      3          38         38  True
  39      2770  10  2      8      8          47         47  True
  52      4207   4  0      4      4          56         56  True
  58      5943   6  2      4      4          62         62  True
  65     23265   6  2      3      3          68         68  True
  69     31499   6  0      3      3          72         72  True
  73     31527   6  2      2      2          75         75  True
  77     31527   4  0      2      2          79         79  True
  81     31535   8  2      5      5          86         86  True
  87     31537   8  0      4      4          91         91  True
  92     31534   6  2      2      2          94         94  True
  95     92620   4  0      1      1          96         96  True
  97    103973  14  0     13     13         110        110  True
 113    271629  14  0     12     12         125        125  True
 127    325090   4  0      1      1         128        128  True
 133    515908   4  0      1      1         134        134  True
 137    733568   4  0      1      1         138        138  True
 139    733576   8  2      2      2         141        141  True
 144    733577   4  0      2      2         146        146  True
 147   1094273  12  0     12     12         159        159  True
EROSION-RUN MODEL: zero failures over all live runs
s at k = 2^j: k=1:2, k=2:0, k=4:2, k=8:2, k=16:2, k=32:0, k=64:2, k=128:2, k=256:0, k=512:2
erosion run lengths (live): [3, 1, 1, 2, 2, 7, 3, 8, 4, 4, 3, 3, 2, 2, 5, 4, 2, 1, 13, 12, 1, 1, 1, 2, 2, 12]
inter-event jumps (live, incl stalls): [5, 6, 0, 11, 3, 34, 39, 1, 77, 2, 0, 0, 0, 115, 451, 134, 1, 1314, 594, 0, 0, 0, 603, 842, 1739, 1, 0, 0, 17326, 8237, 31, 0, 2, 0, 10, 7, 1, 61088, 11354, 37746, 0, 129923, 3, 53470, 7, 0, 190810, 1, 1, 217657, 0, 4, 9, 0, 0, 3, 360698, 2, 0, 176181]
local minima of b, k=1..161: [(8, 21), (12, 96), (14, 96), (22, 288), (26, 871), (34, 865), (38, 2176), (47, 2762), (56, 4203), (62, 5939), (68, 23262), (72, 31496), (75, 31525), (79, 31525), (86, 31530), (91, 31533), (94, 31532), (96, 92619), (110, 103960), (125, 271617), (128, 325089), (134, 515907), (138, 733567), (141, 733574), (146, 733575), (159, 1094261)]
local-minima b values: [21, 96, 96, 288, 871, 865, 2176, 2762, 4203, 5939, 23262, 31496, 31525, 31525, 31530, 31533, 31532, 92619, 103960, 271617, 325089, 515907, 733567, 733574, 733575, 1094261]
