======================================================================
M = 3  K up to 8  box size (M+1)^K
real h_1 (halved A_1, i>=1): (1, 1, 2, 1, 2, 1, 2, 3, 1, 3, 2)
problem.md halved A_1(1..9): (1, 1, 2, 1, 2, 1, 2, 3, 1)
match first 9: True
H(h_1)(1..10) (expect A_2(i)/2 for i=1..10): (0, 1, 1, 1, 1, 1, 1, 2, 2, 1)
A_2(1..10)/2: (0, 1, 1, 1, 1, 1, 1, 2, 2, 1, 1)
H reproduces halved A_2(1..10)? True

======================================================================
S_K sizes:
  |S_1| = 2
  |S_2| = 5
  |S_3| = 16
  |S_4| = 58
  |S_5| = 222
  |S_6| = 869
  |S_7| = 3438
  |S_8| = 13672

======================================================================
Membership of real window h_1(1..K) in S_K:
  K=1: window (1,)  in S_1=True  forwardOracle=True  agree=True
  K=2: window (1, 1)  in S_2=True  forwardOracle=True  agree=True
  K=3: window (1, 1, 2)  in S_3=True  forwardOracle=True  agree=True
  K=4: window (1, 1, 2, 1)  in S_4=True  forwardOracle=True  agree=True
  K=5: window (1, 1, 2, 1, 2)  in S_5=True  forwardOracle=True  agree=True
  K=6: window (1, 1, 2, 1, 2, 1)  in S_6=True  forwardOracle=True  agree=True
  K=7: window (1, 1, 2, 1, 2, 1, 2)  in S_7=True  forwardOracle=True  agree=True
  K=8: window (1, 1, 2, 1, 2, 1, 2, 3)  in S_8=True  forwardOracle=True  agree=True
all membership True: True

max halved value in window 1..8 = 3 (<= M=3? True)

======================================================================
Shape extraction in excess coordinates t_i=max(0,w_i-1):

S_1 (excess coords), size 1:
   t_1 values: [0]
   (0,)

S_2 (excess coords), size 2:
   t_1 values: [0]
   (0, 0), (0, 1)

S_3 (excess coords), size 6:
   t_1 values: [0]
   (0, 0, 0), (0, 0, 1), (0, 0, 2), (0, 1, 0), (0, 1, 1), (0, 1, 2)

S_4 (excess coords), size 18:
   t_1 values: [0]
   (0, 0, 0, 0), (0, 0, 0, 1), (0, 0, 0, 2), (0, 0, 1, 0), (0, 0, 1, 1), (0, 0, 1, 2), (0, 0, 2, 0), (0, 0, 2, 1), (0, 0, 2, 2), (0, 1, 0, 0), (0, 1, 0, 1), (0, 1, 0, 2), (0, 1, 1, 0), (0, 1, 1, 1), (0, 1, 1, 2), (0, 1, 2, 0), (0, 1, 2, 1), (0, 1, 2, 2)

S_5 (excess coords), size 54:
   t_1 values: [0]
   (0, 0, 0, 0, 0), (0, 0, 0, 0, 1), (0, 0, 0, 0, 2), (0, 0, 0, 1, 0), (0, 0, 0, 1, 1), (0, 0, 0, 1, 2), (0, 0, 0, 2, 0), (0, 0, 0, 2, 1), (0, 0, 0, 2, 2), (0, 0, 1, 0, 0), (0, 0, 1, 0, 1), (0, 0, 1, 0, 2), (0, 0, 1, 1, 0), (0, 0, 1, 1, 1), (0, 0, 1, 1, 2), (0, 0, 1, 2, 0), (0, 0, 1, 2, 1), (0, 0, 1, 2, 2), (0, 0, 2, 0, 0), (0, 0, 2, 0, 1), (0, 0, 2, 0, 2), (0, 0, 2, 1, 0), (0, 0, 2, 1, 1), (0, 0, 2, 1, 2), (0, 0, 2, 2, 0), (0, 0, 2, 2, 1), (0, 0, 2, 2, 2), (0, 1, 0, 0, 0), (0, 1, 0, 0, 1), (0, 1, 0, 0, 2), (0, 1, 0, 1, 0), (0, 1, 0, 1, 1), (0, 1, 0, 1, 2), (0, 1, 0, 2, 0), (0, 1, 0, 2, 1), (0, 1, 0, 2, 2), (0, 1, 1, 0, 0), (0, 1, 1, 0, 1), (0, 1, 1, 0, 2), (0, 1, 1, 1, 0), (0, 1, 1, 1, 1), (0, 1, 1, 1, 2), (0, 1, 1, 2, 0), (0, 1, 1, 2, 1), (0, 1, 1, 2, 2), (0, 1, 2, 0, 0), (0, 1, 2, 0, 1), (0, 1, 2, 0, 2), (0, 1, 2, 1, 0), (0, 1, 2, 1, 1), (0, 1, 2, 1, 2), (0, 1, 2, 2, 0), (0, 1, 2, 2, 1), (0, 1, 2, 2, 2)

S_6 (excess coords), size 162:
   t_1 values: [0]
   (0, 0, 0, 0, 0, 0), (0, 0, 0, 0, 0, 1), (0, 0, 0, 0, 0, 2), (0, 0, 0, 0, 1, 0), (0, 0, 0, 0, 1, 1), (0, 0, 0, 0, 1, 2), (0, 0, 0, 0, 2, 0), (0, 0, 0, 0, 2, 1), (0, 0, 0, 0, 2, 2), (0, 0, 0, 1, 0, 0), (0, 0, 0, 1, 0, 1), (0, 0, 0, 1, 0, 2), (0, 0, 0, 1, 1, 0), (0, 0, 0, 1, 1, 1), (0, 0, 0, 1, 1, 2), (0, 0, 0, 1, 2, 0), (0, 0, 0, 1, 2, 1), (0, 0, 0, 1, 2, 2), (0, 0, 0, 2, 0, 0), (0, 0, 0, 2, 0, 1), (0, 0, 0, 2, 0, 2), (0, 0, 0, 2, 1, 0), (0, 0, 0, 2, 1, 1), (0, 0, 0, 2, 1, 2), (0, 0, 0, 2, 2, 0), (0, 0, 0, 2, 2, 1), (0, 0, 0, 2, 2, 2), (0, 0, 1, 0, 0, 0), (0, 0, 1, 0, 0, 1), (0, 0, 1, 0, 0, 2), (0, 0, 1, 0, 1, 0), (0, 0, 1, 0, 1, 1), (0, 0, 1, 0, 1, 2), (0, 0, 1, 0, 2, 0), (0, 0, 1, 0, 2, 1), (0, 0, 1, 0, 2, 2), (0, 0, 1, 1, 0, 0), (0, 0, 1, 1, 0, 1), (0, 0, 1, 1, 0, 2), (0, 0, 1, 1, 1, 0), (0, 0, 1, 1, 1, 1), (0, 0, 1, 1, 1, 2), (0, 0, 1, 1, 2, 0), (0, 0, 1, 1, 2, 1), (0, 0, 1, 1, 2, 2), (0, 0, 1, 2, 0, 0), (0, 0, 1, 2, 0, 1), (0, 0, 1, 2, 0, 2), (0, 0, 1, 2, 1, 0), (0, 0, 1, 2, 1, 1), (0, 0, 1, 2, 1, 2), (0, 0, 1, 2, 2, 0), (0, 0, 1, 2, 2, 1), (0, 0, 1, 2, 2, 2), (0, 0, 2, 0, 0, 0), (0, 0, 2, 0, 0, 1), (0, 0, 2, 0, 0, 2), (0, 0, 2, 0, 1, 0), (0, 0, 2, 0, 1, 1), (0, 0, 2, 0, 1, 2), (0, 0, 2, 0, 2, 0), (0, 0, 2, 0, 2, 1), (0, 0, 2, 0, 2, 2), (0, 0, 2, 1, 0, 0), (0, 0, 2, 1, 0, 1), (0, 0, 2, 1, 0, 2), (0, 0, 2, 1, 1, 0), (0, 0, 2, 1, 1, 1), (0, 0, 2, 1, 1, 2), (0, 0, 2, 1, 2, 0), (0, 0, 2, 1, 2, 1), (0, 0, 2, 1, 2, 2), (0, 0, 2, 2, 0, 0), (0, 0, 2, 2, 0, 1), (0, 0, 2, 2, 0, 2), (0, 0, 2, 2, 1, 0), (0, 0, 2, 2, 1, 1), (0, 0, 2, 2, 1, 2), (0, 0, 2, 2, 2, 0), (0, 0, 2, 2, 2, 1), (0, 0, 2, 2, 2, 2), (0, 1, 0, 0, 0, 0), (0, 1, 0, 0, 0, 1), (0, 1, 0, 0, 0, 2), (0, 1, 0, 0, 1, 0), (0, 1, 0, 0, 1, 1), (0, 1, 0, 0, 1, 2), (0, 1, 0, 0, 2, 0), (0, 1, 0, 0, 2, 1), (0, 1, 0, 0, 2, 2), (0, 1, 0, 1, 0, 0), (0, 1, 0, 1, 0, 1), (0, 1, 0, 1, 0, 2), (0, 1, 0, 1, 1, 0), (0, 1, 0, 1, 1, 1), (0, 1, 0, 1, 1, 2), (0, 1, 0, 1, 2, 0), (0, 1, 0, 1, 2, 1), (0, 1, 0, 1, 2, 2), (0, 1, 0, 2, 0, 0), ...

S_7 (excess coords), size 486:
   t_1 values: [0]
   (0, 0, 0, 0, 0, 0, 0), (0, 0, 0, 0, 0, 0, 1), (0, 0, 0, 0, 0, 0, 2), (0, 0, 0, 0, 0, 1, 0), (0, 0, 0, 0, 0, 1, 1), (0, 0, 0, 0, 0, 1, 2), (0, 0, 0, 0, 0, 2, 0), (0, 0, 0, 0, 0, 2, 1), (0, 0, 0, 0, 0, 2, 2), (0, 0, 0, 0, 1, 0, 0), (0, 0, 0, 0, 1, 0, 1), (0, 0, 0, 0, 1, 0, 2), (0, 0, 0, 0, 1, 1, 0), (0, 0, 0, 0, 1, 1, 1), (0, 0, 0, 0, 1, 1, 2), (0, 0, 0, 0, 1, 2, 0), (0, 0, 0, 0, 1, 2, 1), (0, 0, 0, 0, 1, 2, 2), (0, 0, 0, 0, 2, 0, 0), (0, 0, 0, 0, 2, 0, 1), (0, 0, 0, 0, 2, 0, 2), (0, 0, 0, 0, 2, 1, 0), (0, 0, 0, 0, 2, 1, 1), (0, 0, 0, 0, 2, 1, 2), (0, 0, 0, 0, 2, 2, 0), (0, 0, 0, 0, 2, 2, 1), (0, 0, 0, 0, 2, 2, 2), (0, 0, 0, 1, 0, 0, 0), (0, 0, 0, 1, 0, 0, 1), (0, 0, 0, 1, 0, 0, 2), (0, 0, 0, 1, 0, 1, 0), (0, 0, 0, 1, 0, 1, 1), (0, 0, 0, 1, 0, 1, 2), (0, 0, 0, 1, 0, 2, 0), (0, 0, 0, 1, 0, 2, 1), (0, 0, 0, 1, 0, 2, 2), (0, 0, 0, 1, 1, 0, 0), (0, 0, 0, 1, 1, 0, 1), (0, 0, 0, 1, 1, 0, 2), (0, 0, 0, 1, 1, 1, 0), (0, 0, 0, 1, 1, 1, 1), (0, 0, 0, 1, 1, 1, 2), (0, 0, 0, 1, 1, 2, 0), (0, 0, 0, 1, 1, 2, 1), (0, 0, 0, 1, 1, 2, 2), (0, 0, 0, 1, 2, 0, 0), (0, 0, 0, 1, 2, 0, 1), (0, 0, 0, 1, 2, 0, 2), (0, 0, 0, 1, 2, 1, 0), (0, 0, 0, 1, 2, 1, 1), (0, 0, 0, 1, 2, 1, 2), (0, 0, 0, 1, 2, 2, 0), (0, 0, 0, 1, 2, 2, 1), (0, 0, 0, 1, 2, 2, 2), (0, 0, 0, 2, 0, 0, 0), (0, 0, 0, 2, 0, 0, 1), (0, 0, 0, 2, 0, 0, 2), (0, 0, 0, 2, 0, 1, 0), (0, 0, 0, 2, 0, 1, 1), (0, 0, 0, 2, 0, 1, 2), (0, 0, 0, 2, 0, 2, 0), (0, 0, 0, 2, 0, 2, 1), (0, 0, 0, 2, 0, 2, 2), (0, 0, 0, 2, 1, 0, 0), (0, 0, 0, 2, 1, 0, 1), (0, 0, 0, 2, 1, 0, 2), (0, 0, 0, 2, 1, 1, 0), (0, 0, 0, 2, 1, 1, 1), (0, 0, 0, 2, 1, 1, 2), (0, 0, 0, 2, 1, 2, 0), (0, 0, 0, 2, 1, 2, 1), (0, 0, 0, 2, 1, 2, 2), (0, 0, 0, 2, 2, 0, 0), (0, 0, 0, 2, 2, 0, 1), (0, 0, 0, 2, 2, 0, 2), (0, 0, 0, 2, 2, 1, 0), (0, 0, 0, 2, 2, 1, 1), (0, 0, 0, 2, 2, 1, 2), (0, 0, 0, 2, 2, 2, 0), (0, 0, 0, 2, 2, 2, 1), (0, 0, 0, 2, 2, 2, 2), (0, 0, 1, 0, 0, 0, 0), (0, 0, 1, 0, 0, 0, 1), (0, 0, 1, 0, 0, 0, 2), (0, 0, 1, 0, 0, 1, 0), (0, 0, 1, 0, 0, 1, 1), (0, 0, 1, 0, 0, 1, 2),...

S_8 (excess coords), size 1458:
   t_1 values: [0]
   (0, 0, 0, 0, 0, 0, 0, 0), (0, 0, 0, 0, 0, 0, 0, 1), (0, 0, 0, 0, 0, 0, 0, 2), (0, 0, 0, 0, 0, 0, 1, 0), (0, 0, 0, 0, 0, 0, 1, 1), (0, 0, 0, 0, 0, 0, 1, 2), (0, 0, 0, 0, 0, 0, 2, 0), (0, 0, 0, 0, 0, 0, 2, 1), (0, 0, 0, 0, 0, 0, 2, 2), (0, 0, 0, 0, 0, 1, 0, 0), (0, 0, 0, 0, 0, 1, 0, 1), (0, 0, 0, 0, 0, 1, 0, 2), (0, 0, 0, 0, 0, 1, 1, 0), (0, 0, 0, 0, 0, 1, 1, 1), (0, 0, 0, 0, 0, 1, 1, 2), (0, 0, 0, 0, 0, 1, 2, 0), (0, 0, 0, 0, 0, 1, 2, 1), (0, 0, 0, 0, 0, 1, 2, 2), (0, 0, 0, 0, 0, 2, 0, 0), (0, 0, 0, 0, 0, 2, 0, 1), (0, 0, 0, 0, 0, 2, 0, 2), (0, 0, 0, 0, 0, 2, 1, 0), (0, 0, 0, 0, 0, 2, 1, 1), (0, 0, 0, 0, 0, 2, 1, 2), (0, 0, 0, 0, 0, 2, 2, 0), (0, 0, 0, 0, 0, 2, 2, 1), (0, 0, 0, 0, 0, 2, 2, 2), (0, 0, 0, 0, 1, 0, 0, 0), (0, 0, 0, 0, 1, 0, 0, 1), (0, 0, 0, 0, 1, 0, 0, 2), (0, 0, 0, 0, 1, 0, 1, 0), (0, 0, 0, 0, 1, 0, 1, 1), (0, 0, 0, 0, 1, 0, 1, 2), (0, 0, 0, 0, 1, 0, 2, 0), (0, 0, 0, 0, 1, 0, 2, 1), (0, 0, 0, 0, 1, 0, 2, 2), (0, 0, 0, 0, 1, 1, 0, 0), (0, 0, 0, 0, 1, 1, 0, 1), (0, 0, 0, 0, 1, 1, 0, 2), (0, 0, 0, 0, 1, 1, 1, 0), (0, 0, 0, 0, 1, 1, 1, 1), (0, 0, 0, 0, 1, 1, 1, 2), (0, 0, 0, 0, 1, 1, 2, 0), (0, 0, 0, 0, 1, 1, 2, 1), (0, 0, 0, 0, 1, 1, 2, 2), (0, 0, 0, 0, 1, 2, 0, 0), (0, 0, 0, 0, 1, 2, 0, 1), (0, 0, 0, 0, 1, 2, 0, 2), (0, 0, 0, 0, 1, 2, 1, 0), (0, 0, 0, 0, 1, 2, 1, 1), (0, 0, 0, 0, 1, 2, 1, 2), (0, 0, 0, 0, 1, 2, 2, 0), (0, 0, 0, 0, 1, 2, 2, 1), (0, 0, 0, 0, 1, 2, 2, 2), (0, 0, 0, 0, 2, 0, 0, 0), (0, 0, 0, 0, 2, 0, 0, 1), (0, 0, 0, 0, 2, 0, 0, 2), (0, 0, 0, 0, 2, 0, 1, 0), (0, 0, 0, 0, 2, 0, 1, 1), (0, 0, 0, 0, 2, 0, 1, 2), (0, 0, 0, 0, 2, 0, 2, 0), (0, 0, 0, 0, 2, 0, 2, 1), (0, 0, 0, 0, 2, 0, 2, 2), (0, 0, 0, 0, 2, 1, 0, 0), (0, 0, 0, 0, 2, 1, 0, 1), (0, 0, 0, 0, 2, 1, 0, 2), (0, 0, 0, 0, 2, 1, 1, 0), (0, 0, 0, 0, 2, 1, 1, 1), (0, 0, 0, 0, 2, 1, 1, 2), (0, 0, 0, 0, 2, 1, 2, 0), (0, 0, 0, 0, 2, 1, 2, 1), (0, 0, 0, 0, 2, 1, 2, 2), (0, 0, 0, 0, 2, 2, 0, 0), (0, 0, 0, 0, 2, 2, 0, 1), (0, 0, 0, 0, 2, 2, 0, 2), (0, 0, 0, 0, 2, 2, 1, 0), (0, 0, 0, 0, 2, 2, 1, 1)...

======================================================================
Irredundant constraints attempt (threshold inequalities in excess coords):
  K=1 Pareto frontier (excess coords): [(0,)]
  K=2 Pareto frontier (excess coords): [(0, 1)]
  K=3 Pareto frontier (excess coords): [(0, 1, 2)]
  K=4 Pareto frontier (excess coords): [(0, 1, 2, 2)]
  K=5 Pareto frontier (excess coords): [(0, 1, 2, 2, 2)]
  K=6 Pareto frontier (excess coords): [(0, 1, 2, 2, 2, 2)]
  K=7 Pareto frontier (excess coords): [(0, 1, 2, 2, 2, 2, 2)]
  K=8 Pareto frontier (excess coords): [(0, 1, 2, 2, 2, 2, 2, 2)]

======================================================================
DONE
