sieve to 20000000 ...
primes: 1270607
depth 165: b-profile matches stored record: 165/165
closure-run law (jump == next-row {0,2}-run past block): FAIL
failures: [(3, 'char', 0, 0), (5, -1, 0), (5, 'char', -1, 0), (6, -1, 1), (6, 'char', -1, 0), (7, -1, 0), (7, 'char', -1, 0), (11, -1, 0), (11, 'char', -1, 0), (13, -1, 77)]

   k       j intr         b  runA     L  Ak[b+2]
   1       5    4         2     5     4        2
   2       6    4         7     6     5        4
   3       0    4        13     0     0        0
   4      11    4        13    11    10        2
   5      -1    8        24     0     0        0
   6      -1    8        23     1     0        8
   7      -1    6        22     0     0        0
   8       3    4        21     3     2        6
   9      34    4        24    34    33        2
  10      39    4        58    39    38        2
  11      -1    4        97     0     0        0
  12       1    4        96     1     0        4
  13      -1    4        97    77     0        2
  14      77    4        96    77    76        2
  15       2    4       173     2     1        2
  16       0    4       175     0     0        0
  17       0    4       175     0     0        0
  18       0    4       175     0     0        0
  19     115    4       175   115   114        2
  20      -1    6       290     1     0        4
  21      -1    6       289     0     0        2
  22     451    4       288   451   450        4
  23     134    4       739   134   133        2
  24      -1    6       873    29     0        6
  25      -1    6       872     0     0        0
  26       1    4       871     1     0        6
  27      -1    6       872     0     0        2
  28      -1    4       871     1     0        4
  29      -1    4       870     0     0        0
  30      -1    4       869    27     0        4
  31      -1    4       868     0     0        0
  32      -1    4       867     1     0        4
  33      -1    4       866     0     0        0
  34    1314    4       865  1314  1313        4
  35      -1    4      2179   594     0        2
  36      -1    4      2178   594     0        2
  37      -1    4      2177   594     0        2
  38     594    4      2176   594   593        2
  39      -1   10      2770     0     0        2
  40      -1    8      2769     1     0        8
  41      -1    8      2768     0     0        0
  42      -1    8      2767     3     0        8
  43      -1    8      2766     0     0        0
  44      -1    6      2765     1     0        8
  45      -1    6      2764     0     0        2
  46      -1    4      2763     3     0        4
  47       0    4      2762     0     0        0
  48       0    4      2762     0     0        0
  49       0    4      2762     0     0        0
  50     603    4      2762   603   602        4
  51     842    4      3365   842   841        2
  52      -1    4      4207  1735     0        4
  53      -1    4      4206     0     0        0
  54      -1    4      4205     1     0        4
  55      -1    4      4204     0     0        0
  56    1739    4      4203  1739  1738        4
  57       1    4      5942     1     0        6
  58      -1    6      5943     0     0        2
  59      -1    4      5942     1     0        4
  60      -1    4      5941     0     0        0
  61      -1    4      5940 13515     0        4
  62       0    4      5939     0     0        0
  63       0    4      5939     0     0        0
  64   17326    4      5939 17326 17325        2
  65      -1    6     23265     0     0        2
  66      -1    4     23264     1     0        4
  67      -1    4     23263     0     0        0
  68    8237    4     23262  8237  8236        4
  69      -1    6     31499     0     0        2
  70      -1    6     31498     5     0        4
  71      -1    4     31497    31     0        2
  72      31    4     31496    31    30        2
  73      -1    6     31527     0     0        2
  74      -1    4     31526     1     0        4
  75       0    4     31525     0     0        0
  76       2    4     31525     2     1        4
  77      -1    4     31527     0     0        0
  78      -1    4     31526     3     0        4
  79       0    4     31525     0     0        0
  80      10    4     31525    10     9        2
  81      -1    8     31535     0     0        2
  82      -1    6     31534     1     0        6
  83      -1    6     31533     0     0        0
  84      -1    4     31532     7     0        6
  85      -1    4     31531     7     0        2
  86       7    4     31530     7     6        2
  87      -1    8     31537     0     0        0
  88      -1    8     31536     3     0        8
  89      -1    8     31535     0     0        0
  90      -1    6     31534     1     0        8
  91       1    4     31533     1     0        2
  92      -1    6     31534     1     0        6
  93      -1    4     31533     0     0        0
  94   61088    4     31532 61088 61087        4
  95      -1    4     92620 11354     0        2
  96   11354    4     92619 11354 11353        2
  97      -1   14    103973     0     0        2
  98      -1   14    103972     1     0       12
  99      -1   14    103971     0     0        2
 100      -1   14    103970     3     0       12
 101      -1   12    103969     0     0        2
 102      -1   10    103968     1     0       10
 103      -1   10    103967     0     0        0
 104      -1    8    103966     3     0       10
 105      -1    8    103965     0     0        2
 106      -1    8    103964     1     0        6
 107      -1    6    103963     0     0        2
 108      -1    6    103962     3     0        4
 109      -1    4    103961 37746     0        2
 110   37746    4    103960 37746 37745        2
 111       0    4    141706     0     0        0
 112  129923    4    141706 129923 129922        4
 113      -1   14    271629     0     0        2
 114      -1   14    271628     1     0       12
 115      -1   12    271627     0     0        2
 116      -1   12    271626     3     0       10
 117      -1   10    271625     0     0        2
 118      -1   10    271624     1     0        8
 119      -1    8    271623     0     0        2
 120      -1    6    271622     7     0        6
 121      -1    6    271621     0     0        0
 122      -1    6    271620     1     0        6
 123      -1    6    271619     0     0        0
 124      -1    4    271618     3     0        6
 125       3    4    271617     3     2        2
 126   53470    4    271620 53470 53469        2
 127      -1    4    325090     2     0        2
 128       7    4    325089     7     6        2
 129       0    4    325096     0     0        0
 130  190810    4    325096 190810 190809        2
 131       1    4    515906     1     0        2
 132       1    4    515907     1     0        4
 133      -1    4    515908     0     0        0
 134  217657    4    515907 217657 217656        4
 135       0    4    733564     0     0        0
 136       4    4    733564     4     3        4
 137      -1    4    733568     1     0        2
 138       9    4    733567     9     8        2
 139      -1    8    733576     0     0        2
 140      -1    6    733575     3     0        6
 141       0    4    733574     0     0        0
 142       0    4    733574     0     0        0
 143       3    4    733574     3     2        2
 144      -1    4    733577 360698     0        6
 145      -1    4    733576 360698     0        2
 146  360698    4    733575 360698 360697        2
 147      -1   12   1094273     0     0        2
 148      -1   12   1094272     1     0       10
 149      -1   12   1094271     0     0        2
 150      -1   12   1094270     1     0       10
 151      -1   12   1094269     0     0        2
 152      -1   10   1094268     1     0       10
 153      -1    8   1094267     0     0        0
 154      -1    6   1094266     1     0        8
 155      -1    6   1094265     0     0        2
 156      -1    6   1094264     5     0        4
 157      -1    6   1094263     0     0        2
 158      -1    6   1094262     1     0        4
 159       2    4   1094261     2     1        2
 160       0    4   1094263     0     0        0
 161  176181    4   1094263 176181 176180        2

events: 161 total, big(j>=1000): 13, small(0<j<1000): 30, stall(j=0): 17
stall rows Ak[b+2] values: [0]
nonstall rows Ak[b+2] values: [2, 4, 6]
elapsed 7.5s
