BLOCK_PROFILE
2,7,13,13,24,23,22,21,24,58,97,96,97,96,173,175,175,175,175,290,289,288,739,873,872,871,872,871,870,869,868,867,866,865,2179,2178,2177,2176,2770,2769
NU2_FIRST_100
0,0,0,0,2,2,2,2,2,2,6,3,5,3,5,3,11,6,6,14,10,9,8,12,11,13,11,11,12,18,11,10,13,12,13,17,15,15,19,16,22,14,20,14,23,17,18,30,21,20,27,22,22,18,29,25,23,29,25,35,30,28,24,28,26,35,25,25,27,37,37,26,36,32,32,47,33,36,38,35,37,35,38,38,44,48,46,44,45,44,45,44,47,43,47,43,45,50,45,46
DEV_2NU2_MINUS_N_FIRST_200
-1,-2,-3,-4,-1,-2,-3,-4,-5,-6,1,-6,-3,-8,-5,-10,5,-6,-7,8,-1,-4,-7,0,-3,0,-5,-6,-5,6,-9,-12,-7,-10,-9,-2,-7,-8,-1,-8,3,-14,-3,-16,1,-12,-11,12,-7,-10,3,-8,-9,-18,3,-6,-11,0,-9,10,-1,-6,-15,-8,-13,4,-17,-18,-15,4,3,-20,-1,-10,-11,18,-11,-6,-3,-10,-7,-12,-7,-8,3,10,5,0,1,-2,-1,-4,1,-8,-1,-10,-7,2,-9,-8,-15,-12,-5,-20,-9,-26,-13,6,-7,-2,-17,-4,11,-4,-13,-14,-19,16,-1,2,-19,-4,-1,-4,-9,-10,3,-16,-1,-14,-9,-18,7,-4,1,-4,1,-24,-13,-8,-3,-4,-1,-16,-9,-34,-1,12,-11,6,-11,-20,-15,-36,-5,-32,-17,-22,-25,-2,-19,-20,-15,2,-13,-2,-19,-4,-15,6,1,-10,-27,22,-15,-16,25,0,-5,-6,-17,-6,-19,0,-23,-6,-35,-12,27,-10,-13,-20,-7,-34,-5,-8,-1,-2,-5,12
GIANT_GAPS_1E9
22,8,4,26,2,14,2,14,4,4,12,15,13,64
W_FIRST_100
Traceback (most recent call last):
  File "/workspace/code/out/pattern_finder_extract_seqs.py", line 28, in <module>
    P = __import__("code.lib.gilbreath", fromlist=["primes_up_to"]).primes_up_to(1_000_000)
        ^^^^^^^^^^^^^^^^^^^^^^^^^^^^^^^^^^^^^^^^^^^^^^^^^^^^^^^^^^^
ModuleNotFoundError: No module named 'code.lib'; 'code' is not a package
