== events (1-based row, jump, b_k) ==
[(1, 5, 2), (2, 6, 7), (3, 0, 13), (4, 11, 13), (8, 3, 21), (9, 34, 24), (10, 39, 58), (12, 1, 96), (14, 77, 96), (15, 2, 173), (16, 0, 175), (17, 0, 175), (18, 0, 175), (19, 115, 175), (22, 451, 288), (23, 134, 739), (26, 1, 871), (34, 1314, 865), (38, 594, 2176), (47, 0, 2762), (48, 0, 2762), (49, 0, 2762), (50, 603, 2762), (51, 842, 3365), (56, 1739, 4203), (57, 1, 5942), (62, 0, 5939), (63, 0, 5939), (64, 17326, 5939), (68, 8237, 23262), (72, 31, 31496), (75, 0, 31525), (76, 2, 31525), (79, 0, 31525), (80, 10, 31525), (86, 7, 31530), (91, 1, 31533), (94, 61088, 31532), (96, 11354, 92619), (110, 37746, 103960), (111, 0, 141706), (112, 129923, 141706), (125, 3, 271617), (126, 53470, 271620), (128, 7, 325089), (129, 0, 325096), (130, 190810, 325096), (131, 1, 515906), (132, 1, 515907), (134, 217657, 515907), (135, 0, 733564), (136, 4, 733564), (138, 9, 733567), (141, 0, 733574), (142, 0, 733574), (143, 3, 733574), (146, 360698, 733575), (159, 2, 1094261), (160, 0, 1094263)]
num events: 59
event gaps: [1, 1, 1, 4, 1, 1, 2, 2, 1, 1, 1, 1, 1, 3, 1, 3, 8, 4, 9, 1, 1, 1, 1, 5, 1, 5, 1, 1, 4, 4, 3, 1, 3, 1, 6, 5, 3, 2, 14, 1, 1, 13, 1, 2, 1, 1, 1, 1, 2, 1, 1, 2, 3, 1, 1, 3, 13, 1]
max event gap: 14
== erosion runs (start row, length) ==
[(5, 3), (11, 1), (13, 1), (20, 2), (24, 2), (27, 7), (35, 3), (39, 8), (52, 4), (58, 4), (65, 3), (69, 3), (73, 2), (77, 2), (81, 5), (87, 4), (92, 2), (95, 1), (97, 13), (113, 12), (127, 1), (133, 1), (137, 1), (139, 2), (144, 2), (147, 12)]
erosion run lengths: [3, 1, 1, 2, 2, 7, 3, 8, 4, 4, 3, 3, 2, 2, 5, 4, 2, 1, 13, 12, 1, 1, 1, 2, 2, 12]
max erosion run: 13
cycle floors: [2, 7, 13, 13, 21, 24, 58, 96, 96, 173, 175, 175, 175, 175, 288, 739, 871, 865, 2176, 2762, 2762, 2762, 2762, 3365, 4203, 5942, 5939, 5939, 5939, 23262, 31496, 31525, 31525, 31525, 31525, 31530, 31533, 31532, 92619, 103960, 141706, 141706, 271617, 271620, 325089, 325096, 325096, 515906, 515907, 515907, 733564, 733564, 733567, 733574, 733574, 733574, 733575, 1094261, 1094263, 1094263]
A. cycle floors strictly increasing: False
floor record: [2, 7, 13, 21, 24, 58, 96, 173, 175, 288, 739, 871, 2176, 2762, 3365, 4203, 5942, 23262, 31496, 31525, 31530, 31533, 92619, 103960, 141706, 271617, 271620, 325089, 325096, 515906, 515907, 733564, 733567, 733574, 733575, 1094261, 1094263]
B. max gap = 14  max erosion run = 13  (gap_limit = maxrun+1 holds: True )
jumps: [5, 6, 0, 11, 3, 34, 39, 1, 77, 2, 0, 0, 0, 115, 451, 134, 1, 1314, 594, 0, 0, 0, 603, 842, 1739, 1, 0, 0, 17326, 8237, 31, 0, 2, 0, 10, 7, 1, 61088, 11354, 37746, 0, 129923, 3, 53470, 7, 0, 190810, 1, 1, 217657, 0, 4, 9, 0, 0, 3, 360698, 2, 0]
C. Pearson r(log1p(jump), floor): -0.05740341923407806
D. (erosion run before event, jump): [(0, 5), (0, 6), (0, 0), (0, 11), (3, 3), (0, 34), (0, 39), (1, 1), (1, 77), (0, 2), (0, 0), (0, 0), (0, 0), (0, 115), (2, 451), (0, 134), (2, 1), (7, 1314), (3, 594), (8, 0), (0, 0), (0, 0), (0, 603), (0, 842), (4, 1739), (0, 1), (4, 0), (0, 0), (0, 17326), (3, 8237), (3, 31), (2, 0), (0, 2), (2, 0), (0, 10), (5, 7), (4, 1), (2, 61088), (1, 11354), (13, 37746), (0, 0), (0, 129923), (12, 3), (0, 53470), (1, 7), (0, 0), (0, 190810), (0, 1), (0, 1), (1, 217657), (0, 0), (0, 4), (1, 9), (2, 0), (0, 0), (0, 3), (2, 360698), (12, 2), (0, 0)]
