P=  3 (2^2-1) affine=True
   c_r        = [2, 2, 2]
   c_r/2      = [1, 1, 1]
   min c_r    = 2  mean slope=0.6667

P=  7 (2^3-1) affine=True
   c_r        = [2, 6, 4, 4, 2, 4, 2]
   c_r/2      = [1, 3, 2, 2, 1, 2, 1]
   min c_r    = 2  mean slope=0.4898

P= 15 (2^4-1) affine=True
   c_r        = [2, 14, 8, 8, 4, 8, 4, 4, 2, 8, 4, 4, 2, 4, 2]
   c_r/2      = [1, 7, 4, 4, 2, 4, 2, 2, 1, 4, 2, 2, 1, 2, 1]
   min c_r    = 2  mean slope=0.3467

P= 31 (2^5-1) affine=True
   c_r        = [2, 30, 16, 16, 8, 16, 8, 8, 4, 16, 8, 8, 4, 8, 4, 4, 2, 16, 8, 8, 4, 8, 4, 4, 2, 8, 4, 4, 2, 4, 2]
   c_r/2      = [1, 15, 8, 8, 4, 8, 4, 4, 2, 8, 4, 4, 2, 4, 2, 2, 1, 8, 4, 4, 2, 4, 2, 2, 1, 4, 2, 2, 1, 2, 1]
   min c_r    = 2  mean slope=0.2497

P= 63 (2^6-1) affine=True
   c_r        = [2, 62, 32, 32, 16, 32, 16, 16, 8, 32, 16, 16, 8, 16, 8, 8, 4, 32, 16, 16, 8, 16, 8, 8, 4, 16, 8, 8, 4, 8, 4, 4, 2, 32, 16, 16, 8, 16, 8, 8, 4, 16, 8, 8, 4, 8, 4, 4, 2, 16, 8, 8, 4, 8, 4, 4, 2, 8, 4, 4, 2, 4, 2]
   c_r/2      = [1, 31, 16, 16, 8, 16, 8, 8, 4, 16, 8, 8, 4, 8, 4, 4, 2, 16, 8, 8, 4, 8, 4, 4, 2, 8, 4, 4, 2, 4, 2, 2, 1, 16, 8, 8, 4, 8, 4, 4, 2, 8, 4, 4, 2, 4, 2, 2, 1, 8, 4, 4, 2, 4, 2, 2, 1, 4, 2, 2, 1, 2, 1]
   min c_r    = 2  mean slope=0.1829

