primes used: 10001 (largest 104743)
(i) diagonal law c_n >= c_{n-1} - 1: violations = 1133 over 9999 extensions   [765 erode-by-1, 1951 stay, grow=6150]

(i) FIRST 10 VIOLATIONS, with full 0-2 cycles:

  n=31: c_30=27 c_31=21  d=-6
    bottom entry (=A_30(0)) = 1
    first non-{0,2} up new diag at idx 8 = 4  (>=4? True)
    delta(q_30) 0-2 cycle [27 cells]: [2, 0, 0, 0, 2, 2, 2, 2, 2, 2, 2, 0, 2, 0, 2, 2, 0, 0, 2, 0, 2, 2, 0, 2, 2, 2, 2]
    delta(q_31)   0-2 cycle [21 cells]: [2, 0, 2, 0, 2, 2, 0, 0, 2, 0, 0, 0, 2, 2, 0, 2, 2, 0, 2, 0, 2]

  n=50: c_49=41 c_50=39  d=-2
    bottom entry (=A_49(0)) = 1
    first non-{0,2} up new diag at idx 9 = 4  (>=4? True)
    delta(q_49) 0-2 cycle [41 cells]: [2, 0, 2, 0, 2, 0, 0, 2, 0, 2, 2, 2, 0, 2, 0, 2, 2, 0, 0, 0, 2, 0, 2, 2, 0, 0, 2, 0, 2, 0, 2, 0, 2, 0, 0, 2, 0, 2, 2, 0, 2]
    delta(q_50)   0-2 cycle [39 cells]: [2, 2, 0, 0, 0, 2, 2, 0, 2, 0, 0, 2, 2, 0, 2, 2, 2, 2, 0, 0, 2, 0, 0, 0, 2, 2, 0, 0, 2, 2, 0, 0, 0, 2, 2, 0, 2, 2, 0]

  n=57: c_56=51 c_57=49  d=-2
    bottom entry (=A_56(0)) = 1
    first non-{0,2} up new diag at idx 6 = 4  (>=4? True)
    delta(q_56) 0-2 cycle [51 cells]: [0, 0, 2, 0, 0, 2, 0, 2, 2, 2, 2, 2, 2, 0, 2, 0, 2, 0, 0, 0, 2, 0, 0, 2, 0, 2, 0, 2, 2, 0, 2, 0, 2, 2, 2, 2, 0, 2, 0, 2, 0, 0, 0, 0, 0, 0, 2, 0, 0, 2, 2]
    delta(q_57)   0-2 cycle [49 cells]: [2, 2, 2, 0, 0, 2, 0, 2, 0, 2, 0, 0, 2, 2, 0, 0, 0, 0, 2, 2, 2, 0, 0, 2, 2, 0, 2, 2, 0, 0, 2, 0, 2, 0, 0, 2, 2, 0, 0, 0, 0, 0, 0, 0, 2, 2, 2, 0, 2]

  n=62: c_61=59 c_62=54  d=-5
    bottom entry (=A_61(0)) = 1
    first non-{0,2} up new diag at idx 6 = 4  (>=4? True)
    delta(q_61) 0-2 cycle [59 cells]: [2, 2, 0, 2, 0, 2, 0, 2, 0, 2, 2, 0, 2, 2, 2, 2, 2, 0, 2, 0, 2, 0, 0, 2, 2, 0, 0, 2, 0, 2, 2, 2, 0, 0, 0, 2, 2, 2, 0, 2, 0, 2, 2, 2, 0, 0, 0, 2, 0, 0, 0, 2, 0, 0, 2, 0, 2, 0, 0]
    delta(q_62)   0-2 cycle [54 cells]: [2, 2, 0, 0, 2, 0, 0, 2, 0, 2, 0, 2, 2, 0, 0, 2, 2, 2, 0, 2, 2, 2, 0, 0, 2, 0, 2, 2, 2, 2, 0, 2, 0, 0, 2, 2, 0, 2, 0, 0, 0, 0, 2, 2, 2, 2, 0, 0, 0, 2, 2, 0, 0, 0]

  n=74: c_73=66 c_74=64  d=-2
    bottom entry (=A_73(0)) = 1
    first non-{0,2} up new diag at idx 8 = 4  (>=4? True)
    delta(q_73) 0-2 cycle [66 cells]: [2, 0, 2, 2, 0, 0, 2, 2, 2, 0, 2, 2, 2, 0, 0, 2, 2, 2, 0, 0, 0, 0, 0, 2, 0, 0, 0, 2, 2, 2, 2, 2, 2, 2, 0, 2, 2, 2, 0, 2, 2, 2, 0, 0, 0, 2, 2, 0, 2, 0, 0, 2, 0, 0, 0, 2, 2, 2, 0, 0, 0, 0, 0, 2, 2, 2]
    delta(q_74)   0-2 cycle [64 cells]: [2, 0, 0, 0, 2, 0, 2, 2, 0, 2, 0, 0, 0, 2, 0, 2, 2, 2, 2, 2, 2, 0, 0, 0, 0, 2, 0, 2, 0, 2, 0, 2, 2, 0, 2, 0, 0, 2, 0, 2, 2, 2, 2, 0, 2, 2, 0, 0, 0, 2, 2, 2, 2, 0, 2, 0, 0, 0, 0, 0, 0, 2, 0, 2]

  n=82: c_81=78 c_82=76  d=-2
    bottom entry (=A_81(0)) = 1
    first non-{0,2} up new diag at idx 4 = 4  (>=4? True)
    delta(q_81) 0-2 cycle [78 cells]: [2, 2, 2, 0, 0, 2, 0, 2, 0, 2, 2, 2, 2, 2, 2, 0, 0, 2, 0, 0, 0, 2, 0, 2, 2, 2, 0, 2, 2, 0, 0, 2, 2, 2, 0, 0, 2, 0, 0, 0, 0, 0, 2, 2, 0, 2, 0, 2, 2, 2, 2, 0, 2, 0, 0, 2, 2, 0, 0, 0, 0, 0, 0, 0, 2, 0, 0, 2, 2, 2, 0, 0, 2, 0, 0, 0, 0, 0]
    delta(q_82)   0-2 cycle [76 cells]: [2, 2, 2, 0, 0, 2, 2, 0, 2, 0, 2, 0, 2, 2, 2, 0, 0, 0, 0, 2, 2, 0, 2, 0, 0, 2, 0, 0, 0, 2, 0, 2, 2, 2, 0, 0, 0, 0, 0, 0, 2, 0, 0, 2, 2, 0, 2, 0, 2, 2, 0, 0, 0, 2, 0, 0, 0, 0, 0, 0, 0, 0, 2, 2, 2, 0, 2, 0, 0, 0, 2, 2, 2, 2, 2, 2]

  n=84: c_83=77 c_84=75  d=-2
    bottom entry (=A_83(0)) = 1
    first non-{0,2} up new diag at idx 7 = 4  (>=4? True)
    delta(q_83) 0-2 cycle [77 cells]: [2, 0, 2, 0, 0, 0, 2, 0, 0, 2, 2, 0, 0, 2, 0, 2, 2, 2, 2, 2, 0, 2, 2, 0, 0, 0, 2, 2, 2, 2, 0, 0, 2, 0, 2, 2, 2, 2, 2, 2, 2, 0, 0, 0, 2, 0, 0, 2, 2, 0, 2, 2, 2, 2, 0, 0, 0, 0, 0, 0, 0, 0, 0, 2, 0, 2, 2, 0, 0, 0, 0, 2, 0, 2, 0, 2, 0]
    delta(q_84)   0-2 cycle [75 cells]: [2, 2, 2, 2, 0, 0, 0, 2, 0, 0, 0, 2, 2, 0, 2, 0, 2, 0, 0, 2, 0, 0, 0, 0, 2, 0, 2, 0, 0, 0, 2, 2, 0, 2, 0, 2, 0, 2, 0, 0, 0, 0, 2, 2, 2, 0, 2, 2, 0, 2, 0, 2, 2, 2, 2, 2, 2, 2, 2, 2, 2, 0, 0, 2, 0, 0, 0, 0, 0, 2, 2, 0, 0, 2, 2]

  n=92: c_91=88 c_92=85  d=-3
    bottom entry (=A_91(0)) = 1
    first non-{0,2} up new diag at idx 5 = 4  (>=4? True)
    delta(q_91) 0-2 cycle [88 cells]: [2, 0, 2, 2, 0, 0, 0, 2, 2, 0, 0, 0, 0, 2, 0, 2, 2, 2, 0, 0, 2, 0, 0, 2, 0, 2, 2, 2, 0, 2, 2, 2, 2, 0, 2, 2, 0, 0, 0, 0, 0, 0, 2, 0, 0, 2, 2, 2, 2, 2, 0, 2, 0, 2, 2, 0, 2, 2, 2, 0, 0, 0, 0, 2, 0, 2, 2, 0, 0, 0, 0, 2, 0, 2, 0, 0, 2, 2, 0, 2, 0, 2, 2, 0, 0, 2, 2, 2]
    delta(q_92)   0-2 cycle [85 cells]: [2, 2, 2, 2, 0, 2, 2, 2, 2, 2, 0, 0, 2, 0, 2, 2, 2, 0, 0, 0, 2, 2, 0, 2, 0, 0, 2, 0, 2, 0, 0, 2, 0, 0, 0, 0, 0, 0, 0, 2, 2, 2, 0, 2, 0, 2, 0, 0, 2, 2, 0, 2, 2, 0, 2, 0, 0, 0, 0, 0, 2, 2, 0, 2, 2, 2, 2, 2, 0, 0, 2, 2, 2, 0, 2, 2, 0, 0, 2, 0, 0, 0, 2, 0, 2]

  n=108: c_107=100 c_108=96  d=-4
    bottom entry (=A_107(0)) = 1
    first non-{0,2} up new diag at idx 10 = 4  (>=4? True)
    delta(q_107) 0-2 cycle [100 cells]: [0, 0, 0, 0, 2, 0, 0, 2, 2, 0, 0, 2, 2, 0, 2, 2, 0, 0, 0, 2, 0, 0, 0, 2, 2, 2, 0, 0, 0, 2, 2, 2, 2, 0, 0, 0, 0, 2, 2, 0, 2, 0, 2, 2, 2, 2, 0, 0, 2, 0, 0, 0, 0, 2, 0, 0, 2, 2, 0, 0, 0, 0, 0, 2, 2, 2, 2, 0, 2, 0, 2, 0, 2, 2, 0, 2, 0, 2, 2, 2, 2, 2, 2, 2, 2, 2, 2, 0, 0, 0, 0, 0, 0, 0, 0, 2, 2, 0, 0, 0]
    delta(q_108)   0-2 cycle [96 cells]: [2, 2, 2, 0, 2, 2, 2, 0, 2, 2, 0, 2, 2, 2, 2, 0, 0, 0, 0, 2, 0, 2, 2, 2, 2, 0, 2, 0, 2, 2, 2, 2, 2, 0, 2, 2, 0, 0, 2, 0, 2, 0, 0, 0, 2, 2, 2, 2, 2, 0, 0, 0, 2, 0, 0, 0, 0, 0, 0, 2, 0, 2, 0, 0, 2, 2, 0, 0, 2, 0, 0, 2, 2, 0, 2, 0, 2, 0, 2, 0, 2, 0, 2, 2, 2, 2, 2, 2, 2, 2, 2, 0, 2, 2, 2, 2]

  n=115: c_114=112 c_115=105  d=-7
    bottom entry (=A_114(0)) = 1
    first non-{0,2} up new diag at idx 8 = 4  (>=4? True)
    delta(q_114) 0-2 cycle [112 cells]: [2, 2, 0, 2, 0, 2, 0, 2, 0, 2, 0, 2, 0, 2, 0, 2, 2, 0, 0, 0, 0, 0, 0, 0, 2, 2, 2, 0, 2, 0, 0, 2, 0, 2, 2, 2, 2, 0, 2, 2, 0, 0, 2, 2, 2, 2, 2, 2, 0, 2, 2, 0, 0, 0, 0, 2, 0, 2, 0, 0, 2, 2, 0, 2, 0, 0, 2, 0, 0, 2, 2, 2, 0, 0, 2, 2, 0, 2, 2, 0, 2, 2, 0, 0, 2, 2, 0, 2, 0, 0, 0, 0, 2, 2, 0, 2, 0, 0, 0, 2, 2, 2, 0, 2, 0, 0, 0, 0, 2, 0, 0, 2]
    delta(q_115)   0-2 cycle [105 cells]: [2, 2, 0, 0, 2, 2, 0, 0, 2, 0, 0, 0, 0, 0, 0, 0, 0, 2, 0, 2, 2, 0, 0, 0, 2, 2, 0, 2, 0, 2, 2, 0, 2, 2, 2, 0, 2, 0, 2, 0, 2, 2, 0, 2, 2, 2, 2, 2, 0, 0, 2, 2, 2, 0, 2, 2, 0, 0, 0, 2, 2, 2, 0, 2, 0, 0, 0, 2, 0, 0, 2, 0, 0, 2, 0, 0, 0, 2, 0, 0, 2, 2, 2, 2, 2, 0, 2, 2, 0, 0, 0, 0, 2, 0, 2, 2, 0, 0, 0, 0, 0, 2, 2, 2, 0]

(i) ALL-violations stopper-value distribution (first non-{0,2} above the new cycle): {4: 1133}
    stoppers that are 4+ even: 1133 of 1133; bottom entry 1 on every diagonal: True
    drop magnitudes among violations: {-47: 1, -39: 1, -35: 1, -32: 1, -30: 1, -29: 2, -28: 2, -27: 1, -25: 1, -24: 1, -23: 1, -22: 2, -21: 2, -20: 6, -19: 3, -18: 4, -17: 5, -16: 5, -15: 7, -14: 9, -13: 8, -12: 13, -11: 22, -10: 21, -9: 20, -8: 33, -7: 58, -6: 68, -5: 86, -4: 135, -3: 227, -2: 386}
    e.g. n=31: its 21 cycle cells live in 20 DIFFERENT rows [29, 28, 27, 26, 25, 24, 23, 22, 21, 20, 19, 18, 17, 16, 15, 14, 13, 12, 11, 10] (columns 1..21) -- not one row's block

(iii) ROW-coordinate law b_k >= b_{k-1} - 1 over rows 0..10000: violations = 0
      b[0..12] = [0, 2, 7, 13, 13, 24, 23, 22, 21, 24, 58, 97, 96]
      (block_profile = A000232(k)-1, the leading {0,2} block length)

(extra) A_{n-1}(1)=delta(q_n)[n-2] in {0,2} for all n=2..10001: NO -- [2]
(extra) min c_n = 0; at every n with c_n==0 A_{n-1}(1) in {0,2} holds: False

summary: diagonal-law violations 1133 vs row-law violations 0 over the same prime range -> row law is the proved one, diagonal c_n is transversal (artifact)
