D=1000 primes=1270607

=== Q1 ===
n regen events (b(k+1)>=b(k)): 60 of 999 transitions
regen k range: 1..161
all regen k <= 161: True
n regen in live regime k=1..161: 60
intruder(k) at regen rows: [(4, 60)]

regeneration events: k | b(k) -> b(k+1) | jump | intruder(k) | intruder(k+1)
     1 |        2 ->        7 |        5 |    4 |     4
     2 |        7 ->       13 |        6 |    4 |     4
     3 |       13 ->       13 |        0 |    4 |     4
     4 |       13 ->       24 |       11 |    4 |     8
     8 |       21 ->       24 |        3 |    4 |     4
     9 |       24 ->       58 |       34 |    4 |     4
    10 |       58 ->       97 |       39 |    4 |     4
    12 |       96 ->       97 |        1 |    4 |     4
    14 |       96 ->      173 |       77 |    4 |     4
    15 |      173 ->      175 |        2 |    4 |     4
    16 |      175 ->      175 |        0 |    4 |     4
    17 |      175 ->      175 |        0 |    4 |     4
    18 |      175 ->      175 |        0 |    4 |     4
    19 |      175 ->      290 |      115 |    4 |     6
    22 |      288 ->      739 |      451 |    4 |     4
    23 |      739 ->      873 |      134 |    4 |     6
    26 |      871 ->      872 |        1 |    4 |     6
    34 |      865 ->     2179 |     1314 |    4 |     4
    38 |     2176 ->     2770 |      594 |    4 |    10
    47 |     2762 ->     2762 |        0 |    4 |     4
    48 |     2762 ->     2762 |        0 |    4 |     4
    49 |     2762 ->     2762 |        0 |    4 |     4
    50 |     2762 ->     3365 |      603 |    4 |     4
    51 |     3365 ->     4207 |      842 |    4 |     4
    56 |     4203 ->     5942 |     1739 |    4 |     4
    57 |     5942 ->     5943 |        1 |    4 |     6
    62 |     5939 ->     5939 |        0 |    4 |     4
    63 |     5939 ->     5939 |        0 |    4 |     4
    64 |     5939 ->    23265 |    17326 |    4 |     6
    68 |    23262 ->    31499 |     8237 |    4 |     6
    72 |    31496 ->    31527 |       31 |    4 |     6
    75 |    31525 ->    31525 |        0 |    4 |     4
    76 |    31525 ->    31527 |        2 |    4 |     4
    79 |    31525 ->    31525 |        0 |    4 |     4
    80 |    31525 ->    31535 |       10 |    4 |     8
    86 |    31530 ->    31537 |        7 |    4 |     8
    91 |    31533 ->    31534 |        1 |    4 |     6
    94 |    31532 ->    92620 |    61088 |    4 |     4
    96 |    92619 ->   103973 |    11354 |    4 |    14
   110 |   103960 ->   141706 |    37746 |    4 |     4
   111 |   141706 ->   141706 |        0 |    4 |     4
   112 |   141706 ->   271629 |   129923 |    4 |    14
   125 |   271617 ->   271620 |        3 |    4 |     4
   126 |   271620 ->   325090 |    53470 |    4 |     4
   128 |   325089 ->   325096 |        7 |    4 |     4
   129 |   325096 ->   325096 |        0 |    4 |     4
   130 |   325096 ->   515906 |   190810 |    4 |     4
   131 |   515906 ->   515907 |        1 |    4 |     4
   132 |   515907 ->   515908 |        1 |    4 |     4
   134 |   515907 ->   733564 |   217657 |    4 |     4
   135 |   733564 ->   733564 |        0 |    4 |     4
   136 |   733564 ->   733568 |        4 |    4 |     4
   138 |   733567 ->   733576 |        9 |    4 |     8
   141 |   733574 ->   733574 |        0 |    4 |     4
   142 |   733574 ->   733574 |        0 |    4 |     4
   143 |   733574 ->   733577 |        3 |    4 |     4
   146 |   733575 ->  1094273 |   360698 |    4 |    12
   159 |  1094261 ->  1094263 |        2 |    4 |     4
   160 |  1094263 ->  1094263 |        0 |    4 |     4
   161 |  1094263 ->  1270444 |   176181 |    4 |  None

rows with intruder==4: 96; of these regen rows: 60; non-regen (x=0) rows: 36
non-regen intruder==4 rows: [11, 13, 28, 29, 30, 31, 32, 33, 35, 36, 37, 46, 52, 53, 54, 55, 59, 60, 61, 66, 67, 71, 74, 77, 78, 84, 85, 93, 95, 109, 124, 127, 133, 137, 144, 145]
intruder(k+1) after non-regen intruder==4 rows: [(4, 36)]
Traceback (most recent call last):
  File "/workspace/code/pattern/regeneration_analysis.py", line 69, in <module>
    print("intruder(k+1) after regen rows:", sorted(nxt.items()))
                                             ^^^^^^^^^^^^^^^^^^^
TypeError: '<' not supported between instances of 'NoneType' and 'int'
