s (second entries) k=1..200: [2, 0, 2, 2, 2, 2, 2, 2, 0, 0, 0, 0, 0, 0, 2, 2, 0, 2, 2, 0, 0, 2, 2, 2, 0, 0, 0, 2, 2, 0, 2, 0, 0, 0, 2, 2, 0, 0, 0, 0, 0, 0, 2, 2, 0, 2, 2, 0, 2, 0, 0, 2, 0, 2, 2, 2, 2, 0, 0, 0, 0, 0, 0, 2, 0, 0, 2, 2, 0, 0, 2, 2, 0, 2, 0, 0, 0, 0, 0, 2, 0, 2, 2, 2, 2, 2, 0, 0, 2, 2, 0, 0, 2, 2, 0, 0, 0, 0, 2, 2, 2, 2, 0, 0, 0, 2, 2, 2, 0, 2, 2, 2, 0, 2, 2, 0, 0, 0, 2, 2, 0, 2, 2, 2, 2, 0, 2, 2, 0, 2, 0, 2, 0, 0, 0, 0, 0, 0, 2, 2, 2, 2, 0, 0, 0, 2, 0, 0, 2, 0, 0, 0, 2, 2, 2, 2, 0, 2, 2, 0, 0, 0, 0, 0, 0, 2, 2, 2, 0, 2, 0, 2, 0, 0, 0, 2, 2, 2, 2, 2, 0, 2, 0, 0, 2, 2, 0, 2, 2, 2, 0, 2, 0, 2, 2, 2, 0, 0, 0, 2]
s run-lengths of 0: [1, 6, 1, 2, 3, 1, 3, 6, 1, 1, 2, 1, 6, 2, 2, 1, 5, 1, 2, 2, 4, 3, 1, 1, 3, 1, 1, 1, 1, 6, 3, 2, 3, 1, 6, 1, 1, 3, 1, 2, 1, 1, 1, 3, 6, 2, 1, 1, 2, 2, 1, 3, 5, 4, 3, 2, 1, 3, 1, 3, 1, 1, 1, 3, 3, 2, 1, 4, 2, 4, 2, 2, 2, 7, 4, 2, 3, 5, 1, 2, 1, 3, 6, 1, 3, 5, 2, 1, 2, 1, 1, 1, 1, 6, 5, 2, 3, 1, 1, 1, 1, 2, 4, 1, 1, 2, 3, 2, 3, 2, 1, 2, 1, 1, 2, 3, 3, 5, 4, 1, 1, 4, 4, 5, 1, 5, 1, 1, 1, 1, 1, 1, 5, 1, 3, 2, 1, 1, 2, 1, 1, 2, 1, 1, 1, 3, 3, 4, 2, 2, 1, 1, 3, 2, 4, 5, 1, 1, 1, 1, 2, 3, 1, 4, 1, 2, 1, 2, 3, 1, 1, 1, 1, 1, 1, 4, 4, 6, 2, 1, 4, 1, 3, 1, 4, 1, 5, 2, 1, 3, 1, 1, 1, 2, 1, 1, 2, 2, 2, 1, 5, 1, 4, 1, 5, 2, 1, 1, 1, 1, 2, 1, 5, 1, 1, 1, 1, 2, 1, 2, 1, 2, 1, 1, 1, 5, 3, 7, 1, 8, 1, 2, 1, 1]
s run-lengths of 2: [1, 6, 2, 2, 3, 2, 1, 2, 2, 2, 1, 1, 4, 1, 2, 2, 1, 1, 5, 2, 2, 4, 3, 3, 2, 2, 4, 2, 1, 1, 4, 1, 1, 4, 2, 3, 1, 1, 5, 1, 2, 3, 1, 3, 1, 2, 2, 1, 1, 1, 2, 5, 4, 5, 1, 1, 5, 1, 2, 2, 2, 4, 1, 4, 1, 1, 1, 2, 1, 1, 3, 1, 2, 1, 1, 1, 2, 1, 1, 1, 2, 1, 2, 2, 2, 7, 2, 5, 1, 1, 1, 2, 2, 1, 3, 2, 1, 1, 4, 1, 1, 4, 3, 1, 1, 3, 1, 1, 2, 1, 1, 3, 1, 4, 2, 1, 2, 2, 1, 1, 1, 1, 3, 2, 1, 1, 1, 2, 1, 3, 1, 1, 1, 1, 1, 3, 1, 1, 2, 1, 3, 2, 1, 2, 2, 1, 4, 3, 1, 1, 1, 4, 3, 1, 4, 1, 5, 1, 1, 1, 3, 3, 1, 2, 1, 3, 1, 1, 7, 1, 3, 4, 4, 3, 1, 4, 1, 1, 1, 1, 1, 1, 7, 2, 3, 1, 1, 2, 1, 3, 1, 4, 1, 1, 1, 2, 4, 2, 1, 1, 1, 2, 1, 1, 1, 2, 2, 1, 7, 3, 4, 2, 1, 1, 2, 3, 1, 1, 3, 2, 5, 1, 2, 1, 2, 11, 1, 1, 3, 1, 1, 3, 3, 1]
regen rows (b_{k+1}>b_k), genuine k<=161: [1, 2, 4, 8, 9, 10, 12, 14, 15, 19, 22, 23, 26, 34, 38, 50, 51, 56, 57, 64, 68, 72, 76, 80, 86, 91, 94, 96, 110, 112, 125, 126, 128, 130, 131, 132, 134, 136, 138, 143, 146, 159, 161]
count regen: 43
stall rows (b_{k+1}==b_k): [3, 16, 17, 18, 47, 48, 49, 62, 63, 75, 79, 111, 129, 135, 141, 142, 160] count: 17
erosion rows count: 101
transition diffs set: [-1, 0, 1, 2, 3, 4, 5, 6, 7, 9, 10, 11, 31, 34, 39, 77, 115, 134, 451, 594, 603, 842, 1314, 1739, 8237, 11354, 17326, 37746, 53470, 61088, 129923, 176181, 190810, 217657, 360698]
regen gaps (consecutive diff, powers of 2?): [1, 2, 4, 1, 1, 2, 2, 1, 4, 3, 1, 3, 8, 4, 12, 1, 5, 1, 7, 4, 4, 4, 4, 6, 5, 3, 2, 14, 2, 13, 1, 2, 2, 1, 1, 2, 2, 2, 5, 3, 13, 2]
jump sizes: [5, 6, 11, 3, 34, 39, 1, 77, 2, 115, 451, 134, 1, 1314, 594, 603, 842, 1739, 1, 17326, 8237, 31, 2, 10, 7, 1, 61088, 11354, 37746, 129923, 3, 53470, 7, 190810, 1, 1, 217657, 4, 9, 3, 360698, 2]
jump sizes powers of 2? [1, 2, 1, 1, 2, 1, 1, 1, 4, 2]
erosion run lengths: [3, 1, 1, 2, 2, 7, 3, 8, 4, 4, 3, 3, 2, 2, 5, 4, 2, 1, 13, 12, 1, 1, 1, 2, 2, 12] max: 13
minima (k, b_k): [(4, 13), (8, 21), (12, 96), (14, 96), (17, 175), (18, 175), (19, 175), (22, 288), (26, 871), (34, 865), (38, 2176), (47, 2762), (48, 2762), (49, 2762), (50, 2762), (56, 4203), (62, 5939), (63, 5939), (64, 5939), (68, 23262), (72, 31496), (75, 31525), (76, 31525), (79, 31525), (80, 31525), (86, 31530), (91, 31533), (94, 31532), (96, 92619), (110, 103960), (112, 141706), (125, 271617), (128, 325089), (130, 325096), (134, 515907), (136, 733564), (138, 733567), (141, 733574), (142, 733574), (143, 733574), (146, 733575), (159, 1094261)]
minima b-values: [13, 21, 96, 96, 175, 175, 175, 288, 871, 865, 2176, 2762, 2762, 2762, 2762, 4203, 5939, 5939, 5939, 23262, 31496, 31525, 31525, 31525, 31525, 31530, 31533, 31532, 92619, 103960, 141706, 271617, 325089, 325096, 515907, 733564, 733567, 733574, 733574, 733574, 733575, 1094261]
P1 gaps all powers of 2? False (29/42 are powers of 2; non-powers: [3, 3, 12, 5, 7, 6, 5, 3, 14, 13, 5, 3, 13])
P3 jumps all powers of 2? False
P2 mean dist-to-pow2: regen rows 9.349 vs all rows 11.963
P2 median dist-to-pow2: regen rows 6 vs all rows 10
P2 regen rows exactly powers of 2: [1, 2, 4, 8, 64, 128]
