N=4..12: histogram (h) | fired vector (f) | count, factorized

===== N=4 (total D=30) =====
  h=0 1 5 3  f=1 2 1 0  count=3 = 3^1 * 1
  h=0 2 2 2 3  f=1 1 1 1 0  count=27 = 3^3 * 1

===== N=5 (total D=99) =====
  h=0 1 5 2 3  f=1 2 1 1 0  count=9 = 3^2 * 1
  h=0 2 1 5 3  f=1 1 2 1 0  count=9 = 3^2 * 1
  h=0 2 2 2 2 3  f=1 1 1 1 1 0  count=81 = 3^4 * 1

===== N=6 (total D=336) =====
  h=0 1 4 5 3  f=1 2 2 1 0  count=12 = 3^1 * 4
  h=0 1 5 2 2 3  f=1 2 1 1 1 0  count=27 = 3^3 * 1
  h=0 2 1 5 2 3  f=1 1 2 1 1 0  count=27 = 3^3 * 1
  h=0 2 2 1 5 3  f=1 1 1 2 1 0  count=27 = 3^3 * 1
  h=0 2 2 2 2 2 3  f=1 1 1 1 1 1 0  count=243 = 3^5 * 1

===== N=7 (total D=1134) =====
  h=0 1 4 5 2 3  f=1 2 2 1 1 0  count=36 = 3^2 * 4
  h=0 1 5 1 5 3  f=1 2 1 2 1 0  count=9 = 3^2 * 1
  h=0 1 5 2 2 2 3  f=1 2 1 1 1 1 0  count=81 = 3^4 * 1
  h=0 2 1 4 5 3  f=1 1 2 2 1 0  count=36 = 3^2 * 4
  h=0 2 1 5 2 2 3  f=1 1 2 1 1 1 0  count=81 = 3^4 * 1
  h=0 2 2 1 5 2 3  f=1 1 1 2 1 1 0  count=81 = 3^4 * 1
  h=0 2 2 2 1 5 3  f=1 1 1 1 2 1 0  count=81 = 3^4 * 1
  h=0 2 2 2 2 2 2 3  f=1 1 1 1 1 1 1 0  count=729 = 3^6 * 1

===== N=8 (total D=3855) =====
  h=0 1 4 4 5 3  f=1 2 2 2 1 0  count=48 = 3^1 * 16
  h=0 1 4 5 2 2 3  f=1 2 2 1 1 1 0  count=108 = 3^3 * 4
  h=0 1 5 1 5 2 3  f=1 2 1 2 1 1 0  count=27 = 3^3 * 1
  h=0 1 5 2 1 5 3  f=1 2 1 1 2 1 0  count=27 = 3^3 * 1
  h=0 1 5 2 2 2 2 3  f=1 2 1 1 1 1 1 0  count=243 = 3^5 * 1
  h=0 2 1 4 5 2 3  f=1 1 2 2 1 1 0  count=108 = 3^3 * 4
  h=0 2 1 5 1 5 3  f=1 1 2 1 2 1 0  count=27 = 3^3 * 1
  h=0 2 1 5 2 2 2 3  f=1 1 2 1 1 1 1 0  count=243 = 3^5 * 1
  h=0 2 2 1 4 5 3  f=1 1 1 2 2 1 0  count=108 = 3^3 * 4
  h=0 2 2 1 5 2 2 3  f=1 1 1 2 1 1 1 0  count=243 = 3^5 * 1
  h=0 2 2 2 1 5 2 3  f=1 1 1 1 2 1 1 0  count=243 = 3^5 * 1
  h=0 2 2 2 2 1 5 3  f=1 1 1 1 1 2 1 0  count=243 = 3^5 * 1
  h=0 2 2 2 2 2 2 2 3  f=1 1 1 1 1 1 1 1 0  count=2187 = 3^7 * 1

===== N=9 (total D=13086) =====
  h=0 1 3 7 5 3  f=1 2 3 2 1 0  count=9 = 3^2 * 1
  h=0 1 4 4 5 2 3  f=1 2 2 2 1 1 0  count=144 = 3^2 * 16
  h=0 1 4 5 1 5 3  f=1 2 2 1 2 1 0  count=36 = 3^2 * 4
  h=0 1 4 5 2 2 2 3  f=1 2 2 1 1 1 1 0  count=324 = 3^4 * 4
  h=0 1 5 1 4 5 3  f=1 2 1 2 2 1 0  count=36 = 3^2 * 4
  h=0 1 5 1 5 2 2 3  f=1 2 1 2 1 1 1 0  count=81 = 3^4 * 1
  h=0 1 5 2 1 5 2 3  f=1 2 1 1 2 1 1 0  count=81 = 3^4 * 1
  h=0 1 5 2 2 1 5 3  f=1 2 1 1 1 2 1 0  count=81 = 3^4 * 1
  h=0 1 5 2 2 2 2 2 3  f=1 2 1 1 1 1 1 1 0  count=729 = 3^6 * 1
  h=0 2 1 4 4 5 3  f=1 1 2 2 2 1 0  count=144 = 3^2 * 16
  h=0 2 1 4 5 2 2 3  f=1 1 2 2 1 1 1 0  count=324 = 3^4 * 4
  h=0 2 1 5 1 5 2 3  f=1 1 2 1 2 1 1 0  count=81 = 3^4 * 1
  h=0 2 1 5 2 1 5 3  f=1 1 2 1 1 2 1 0  count=81 = 3^4 * 1
  h=0 2 1 5 2 2 2 2 3  f=1 1 2 1 1 1 1 1 0  count=729 = 3^6 * 1
  h=0 2 2 1 4 5 2 3  f=1 1 1 2 2 1 1 0  count=324 = 3^4 * 4
  h=0 2 2 1 5 1 5 3  f=1 1 1 2 1 2 1 0  count=81 = 3^4 * 1
  h=0 2 2 1 5 2 2 2 3  f=1 1 1 2 1 1 1 1 0  count=729 = 3^6 * 1
  h=0 2 2 2 1 4 5 3  f=1 1 1 1 2 2 1 0  count=324 = 3^4 * 4
  h=0 2 2 2 1 5 2 2 3  f=1 1 1 1 2 1 1 1 0  count=729 = 3^6 * 1
  h=0 2 2 2 2 1 5 2 3  f=1 1 1 1 1 2 1 1 0  count=729 = 3^6 * 1
  h=0 2 2 2 2 2 1 5 3  f=1 1 1 1 1 1 2 1 0  count=729 = 3^6 * 1
  h=0 2 2 2 2 2 2 2 2 3  f=1 1 1 1 1 1 1 1 1 0  count=6561 = 3^8 * 1

===== N=10 (total D=44499) =====
  h=0 1 3 7 5 2 3  f=1 2 3 2 1 1 0  count=27 = 3^3 * 1
  h=0 1 4 4 4 5 3  f=1 2 2 2 2 1 0  count=192 = 3^1 * 64
  h=0 1 4 4 5 2 2 3  f=1 2 2 2 1 1 1 0  count=432 = 3^3 * 16
  h=0 1 4 5 1 5 2 3  f=1 2 2 1 2 1 1 0  count=108 = 3^3 * 4
  h=0 1 4 5 2 1 5 3  f=1 2 2 1 1 2 1 0  count=108 = 3^3 * 4
  h=0 1 4 5 2 2 2 2 3  f=1 2 2 1 1 1 1 1 0  count=972 = 3^5 * 4
  h=0 1 5 1 4 5 2 3  f=1 2 1 2 2 1 1 0  count=108 = 3^3 * 4
  h=0 1 5 1 5 1 5 3  f=1 2 1 2 1 2 1 0  count=27 = 3^3 * 1
  h=0 1 5 1 5 2 2 2 3  f=1 2 1 2 1 1 1 1 0  count=243 = 3^5 * 1
  h=0 1 5 2 1 4 5 3  f=1 2 1 1 2 2 1 0  count=108 = 3^3 * 4
  h=0 1 5 2 1 5 2 2 3  f=1 2 1 1 2 1 1 1 0  count=243 = 3^5 * 1
  h=0 1 5 2 2 1 5 2 3  f=1 2 1 1 1 2 1 1 0  count=243 = 3^5 * 1
  h=0 1 5 2 2 2 1 5 3  f=1 2 1 1 1 1 2 1 0  count=243 = 3^5 * 1
  h=0 1 5 2 2 2 2 2 2 3  f=1 2 1 1 1 1 1 1 1 0  count=2187 = 3^7 * 1
  h=0 2 1 3 7 5 3  f=1 1 2 3 2 1 0  count=27 = 3^3 * 1
  h=0 2 1 4 4 5 2 3  f=1 1 2 2 2 1 1 0  count=432 = 3^3 * 16
  h=0 2 1 4 5 1 5 3  f=1 1 2 2 1 2 1 0  count=108 = 3^3 * 4
  h=0 2 1 4 5 2 2 2 3  f=1 1 2 2 1 1 1 1 0  count=972 = 3^5 * 4
  h=0 2 1 5 1 4 5 3  f=1 1 2 1 2 2 1 0  count=108 = 3^3 * 4
  h=0 2 1 5 1 5 2 2 3  f=1 1 2 1 2 1 1 1 0  count=243 = 3^5 * 1
  h=0 2 1 5 2 1 5 2 3  f=1 1 2 1 1 2 1 1 0  count=243 = 3^5 * 1
  h=0 2 1 5 2 2 1 5 3  f=1 1 2 1 1 1 2 1 0  count=243 = 3^5 * 1
  h=0 2 1 5 2 2 2 2 2 3  f=1 1 2 1 1 1 1 1 1 0  count=2187 = 3^7 * 1
  h=0 2 2 1 4 4 5 3  f=1 1 1 2 2 2 1 0  count=432 = 3^3 * 16
  h=0 2 2 1 4 5 2 2 3  f=1 1 1 2 2 1 1 1 0  count=972 = 3^5 * 4
  h=0 2 2 1 5 1 5 2 3  f=1 1 1 2 1 2 1 1 0  count=243 = 3^5 * 1
  h=0 2 2 1 5 2 1 5 3  f=1 1 1 2 1 1 2 1 0  count=243 = 3^5 * 1
  h=0 2 2 1 5 2 2 2 2 3  f=1 1 1 2 1 1 1 1 1 0  count=2187 = 3^7 * 1
  h=0 2 2 2 1 4 5 2 3  f=1 1 1 1 2 2 1 1 0  count=972 = 3^5 * 4
  h=0 2 2 2 1 5 1 5 3  f=1 1 1 1 2 1 2 1 0  count=243 = 3^5 * 1
  h=0 2 2 2 1 5 2 2 2 3  f=1 1 1 1 2 1 1 1 1 0  count=2187 = 3^7 * 1
  h=0 2 2 2 2 1 4 5 3  f=1 1 1 1 1 2 2 1 0  count=972 = 3^5 * 4
  h=0 2 2 2 2 1 5 2 2 3  f=1 1 1 1 1 2 1 1 1 0  count=2187 = 3^7 * 1
  h=0 2 2 2 2 2 1 5 2 3  f=1 1 1 1 1 1 2 1 1 0  count=2187 = 3^7 * 1
  h=0 2 2 2 2 2 2 1 5 3  f=1 1 1 1 1 1 1 2 1 0  count=2187 = 3^7 * 1
  h=0 2 2 2 2 2 2 2 2 2 3  f=1 1 1 1 1 1 1 1 1 1 0  count=19683 = 3^9 * 1

===== N=11 (total D=151263) =====
  h=0 1 3 7 4 5 3  f=1 2 3 2 2 1 0  count=36 = 3^2 * 4
  h=0 1 3 7 5 2 2 3  f=1 2 3 2 1 1 1 0  count=81 = 3^4 * 1
  h=0 1 4 3 7 5 3  f=1 2 2 3 2 1 0  count=36 = 3^2 * 4
  h=0 1 4 4 4 5 2 3  f=1 2 2 2 2 1 1 0  count=576 = 3^2 * 64
  h=0 1 4 4 5 1 5 3  f=1 2 2 2 1 2 1 0  count=144 = 3^2 * 16
  h=0 1 4 4 5 2 2 2 3  f=1 2 2 2 1 1 1 1 0  count=1296 = 3^4 * 16
  h=0 1 4 5 1 4 5 3  f=1 2 2 1 2 2 1 0  count=144 = 3^2 * 16
  h=0 1 4 5 1 5 2 2 3  f=1 2 2 1 2 1 1 1 0  count=324 = 3^4 * 4
  h=0 1 4 5 2 1 5 2 3  f=1 2 2 1 1 2 1 1 0  count=324 = 3^4 * 4
  h=0 1 4 5 2 2 1 5 3  f=1 2 2 1 1 1 2 1 0  count=324 = 3^4 * 4
  h=0 1 4 5 2 2 2 2 2 3  f=1 2 2 1 1 1 1 1 1 0  count=2916 = 3^6 * 4
  h=0 1 5 1 4 4 5 3  f=1 2 1 2 2 2 1 0  count=144 = 3^2 * 16
  h=0 1 5 1 4 5 2 2 3  f=1 2 1 2 2 1 1 1 0  count=324 = 3^4 * 4
  h=0 1 5 1 5 1 5 2 3  f=1 2 1 2 1 2 1 1 0  count=81 = 3^4 * 1
  h=0 1 5 1 5 2 1 5 3  f=1 2 1 2 1 1 2 1 0  count=81 = 3^4 * 1
  h=0 1 5 1 5 2 2 2 2 3  f=1 2 1 2 1 1 1 1 1 0  count=729 = 3^6 * 1
  h=0 1 5 2 1 4 5 2 3  f=1 2 1 1 2 2 1 1 0  count=324 = 3^4 * 4
  h=0 1 5 2 1 5 1 5 3  f=1 2 1 1 2 1 2 1 0  count=81 = 3^4 * 1
  h=0 1 5 2 1 5 2 2 2 3  f=1 2 1 1 2 1 1 1 1 0  count=729 = 3^6 * 1
  h=0 1 5 2 2 1 4 5 3  f=1 2 1 1 1 2 2 1 0  count=324 = 3^4 * 4
  h=0 1 5 2 2 1 5 2 2 3  f=1 2 1 1 1 2 1 1 1 0  count=729 = 3^6 * 1
  h=0 1 5 2 2 2 1 5 2 3  f=1 2 1 1 1 1 2 1 1 0  count=729 = 3^6 * 1
  h=0 1 5 2 2 2 2 1 5 3  f=1 2 1 1 1 1 1 2 1 0  count=729 = 3^6 * 1
  h=0 1 5 2 2 2 2 2 2 2 3  f=1 2 1 1 1 1 1 1 1 1 0  count=6561 = 3^8 * 1
  h=0 2 1 3 7 5 2 3  f=1 1 2 3 2 1 1 0  count=81 = 3^4 * 1
  h=0 2 1 4 4 4 5 3  f=1 1 2 2 2 2 1 0  count=576 = 3^2 * 64
  h=0 2 1 4 4 5 2 2 3  f=1 1 2 2 2 1 1 1 0  count=1296 = 3^4 * 16
  h=0 2 1 4 5 1 5 2 3  f=1 1 2 2 1 2 1 1 0  count=324 = 3^4 * 4
  h=0 2 1 4 5 2 1 5 3  f=1 1 2 2 1 1 2 1 0  count=324 = 3^4 * 4
  h=0 2 1 4 5 2 2 2 2 3  f=1 1 2 2 1 1 1 1 1 0  count=2916 = 3^6 * 4
  h=0 2 1 5 1 4 5 2 3  f=1 1 2 1 2 2 1 1 0  count=324 = 3^4 * 4
  h=0 2 1 5 1 5 1 5 3  f=1 1 2 1 2 1 2 1 0  count=81 = 3^4 * 1
  h=0 2 1 5 1 5 2 2 2 3  f=1 1 2 1 2 1 1 1 1 0  count=729 = 3^6 * 1
  h=0 2 1 5 2 1 4 5 3  f=1 1 2 1 1 2 2 1 0  count=324 = 3^4 * 4
  h=0 2 1 5 2 1 5 2 2 3  f=1 1 2 1 1 2 1 1 1 0  count=729 = 3^6 * 1
  h=0 2 1 5 2 2 1 5 2 3  f=1 1 2 1 1 1 2 1 1 0  count=729 = 3^6 * 1
  h=0 2 1 5 2 2 2 1 5 3  f=1 1 2 1 1 1 1 2 1 0  count=729 = 3^6 * 1
  h=0 2 1 5 2 2 2 2 2 2 3  f=1 1 2 1 1 1 1 1 1 1 0  count=6561 = 3^8 * 1
  h=0 2 2 1 3 7 5 3  f=1 1 1 2 3 2 1 0  count=81 = 3^4 * 1
  h=0 2 2 1 4 4 5 2 3  f=1 1 1 2 2 2 1 1 0  count=1296 = 3^4 * 16
  h=0 2 2 1 4 5 1 5 3  f=1 1 1 2 2 1 2 1 0  count=324 = 3^4 * 4
  h=0 2 2 1 4 5 2 2 2 3  f=1 1 1 2 2 1 1 1 1 0  count=2916 = 3^6 * 4
  h=0 2 2 1 5 1 4 5 3  f=1 1 1 2 1 2 2 1 0  count=324 = 3^4 * 4
  h=0 2 2 1 5 1 5 2 2 3  f=1 1 1 2 1 2 1 1 1 0  count=729 = 3^6 * 1
  h=0 2 2 1 5 2 1 5 2 3  f=1 1 1 2 1 1 2 1 1 0  count=729 = 3^6 * 1
  h=0 2 2 1 5 2 2 1 5 3  f=1 1 1 2 1 1 1 2 1 0  count=729 = 3^6 * 1
  h=0 2 2 1 5 2 2 2 2 2 3  f=1 1 1 2 1 1 1 1 1 1 0  count=6561 = 3^8 * 1
  h=0 2 2 2 1 4 4 5 3  f=1 1 1 1 2 2 2 1 0  count=1296 = 3^4 * 16
  h=0 2 2 2 1 4 5 2 2 3  f=1 1 1 1 2 2 1 1 1 0  count=2916 = 3^6 * 4
  h=0 2 2 2 1 5 1 5 2 3  f=1 1 1 1 2 1 2 1 1 0  count=729 = 3^6 * 1
  h=0 2 2 2 1 5 2 1 5 3  f=1 1 1 1 2 1 1 2 1 0  count=729 = 3^6 * 1
  h=0 2 2 2 1 5 2 2 2 2 3  f=1 1 1 1 2 1 1 1 1 1 0  count=6561 = 3^8 * 1
  h=0 2 2 2 2 1 4 5 2 3  f=1 1 1 1 1 2 2 1 1 0  count=2916 = 3^6 * 4
  h=0 2 2 2 2 1 5 1 5 3  f=1 1 1 1 1 2 1 2 1 0  count=729 = 3^6 * 1
  h=0 2 2 2 2 1 5 2 2 2 3  f=1 1 1 1 1 2 1 1 1 1 0  count=6561 = 3^8 * 1
  h=0 2 2 2 2 2 1 4 5 3  f=1 1 1 1 1 1 2 2 1 0  count=2916 = 3^6 * 4
  h=0 2 2 2 2 2 1 5 2 2 3  f=1 1 1 1 1 1 2 1 1 1 0  count=6561 = 3^8 * 1
  h=0 2 2 2 2 2 2 1 5 2 3  f=1 1 1 1 1 1 1 2 1 1 0  count=6561 = 3^8 * 1
  h=0 2 2 2 2 2 2 2 1 5 3  f=1 1 1 1 1 1 1 1 2 1 0  count=6561 = 3^8 * 1
  h=0 2 2 2 2 2 2 2 2 2 2 3  f=1 1 1 1 1 1 1 1 1 1 1 0  count=59049 = 3^10 * 1

===== N=12 (total D=514419) =====
  h=0 1 3 6 7 5 3  f=1 2 3 3 2 1 0  count=30 = 3^1 * 10
  h=0 1 3 7 4 5 2 3  f=1 2 3 2 2 1 1 0  count=108 = 3^3 * 4
  h=0 1 3 7 5 1 5 3  f=1 2 3 2 1 2 1 0  count=27 = 3^3 * 1
  h=0 1 3 7 5 2 2 2 3  f=1 2 3 2 1 1 1 1 0  count=243 = 3^5 * 1
  h=0 1 4 3 7 5 2 3  f=1 2 2 3 2 1 1 0  count=108 = 3^3 * 4
  h=0 1 4 4 4 4 5 3  f=1 2 2 2 2 2 1 0  count=768 = 3^1 * 256
  h=0 1 4 4 4 5 2 2 3  f=1 2 2 2 2 1 1 1 0  count=1728 = 3^3 * 64
  h=0 1 4 4 5 1 5 2 3  f=1 2 2 2 1 2 1 1 0  count=432 = 3^3 * 16
  h=0 1 4 4 5 2 1 5 3  f=1 2 2 2 1 1 2 1 0  count=432 = 3^3 * 16
  h=0 1 4 4 5 2 2 2 2 3  f=1 2 2 2 1 1 1 1 1 0  count=3888 = 3^5 * 16
  h=0 1 4 5 1 4 5 2 3  f=1 2 2 1 2 2 1 1 0  count=432 = 3^3 * 16
  h=0 1 4 5 1 5 1 5 3  f=1 2 2 1 2 1 2 1 0  count=108 = 3^3 * 4
  h=0 1 4 5 1 5 2 2 2 3  f=1 2 2 1 2 1 1 1 1 0  count=972 = 3^5 * 4
  h=0 1 4 5 2 1 4 5 3  f=1 2 2 1 1 2 2 1 0  count=432 = 3^3 * 16
  h=0 1 4 5 2 1 5 2 2 3  f=1 2 2 1 1 2 1 1 1 0  count=972 = 3^5 * 4
  h=0 1 4 5 2 2 1 5 2 3  f=1 2 2 1 1 1 2 1 1 0  count=972 = 3^5 * 4
  h=0 1 4 5 2 2 2 1 5 3  f=1 2 2 1 1 1 1 2 1 0  count=972 = 3^5 * 4
  h=0 1 4 5 2 2 2 2 2 2 3  f=1 2 2 1 1 1 1 1 1 1 0  count=8748 = 3^7 * 4
  h=0 1 5 1 3 7 5 3  f=1 2 1 2 3 2 1 0  count=27 = 3^3 * 1
  h=0 1 5 1 4 4 5 2 3  f=1 2 1 2 2 2 1 1 0  count=432 = 3^3 * 16
  h=0 1 5 1 4 5 1 5 3  f=1 2 1 2 2 1 2 1 0  count=108 = 3^3 * 4
  h=0 1 5 1 4 5 2 2 2 3  f=1 2 1 2 2 1 1 1 1 0  count=972 = 3^5 * 4
  h=0 1 5 1 5 1 4 5 3  f=1 2 1 2 1 2 2 1 0  count=108 = 3^3 * 4
  h=0 1 5 1 5 1 5 2 2 3  f=1 2 1 2 1 2 1 1 1 0  count=243 = 3^5 * 1
  h=0 1 5 1 5 2 1 5 2 3  f=1 2 1 2 1 1 2 1 1 0  count=243 = 3^5 * 1
  h=0 1 5 1 5 2 2 1 5 3  f=1 2 1 2 1 1 1 2 1 0  count=243 = 3^5 * 1
  h=0 1 5 1 5 2 2 2 2 2 3  f=1 2 1 2 1 1 1 1 1 1 0  count=2187 = 3^7 * 1
  h=0 1 5 2 1 4 4 5 3  f=1 2 1 1 2 2 2 1 0  count=432 = 3^3 * 16
  h=0 1 5 2 1 4 5 2 2 3  f=1 2 1 1 2 2 1 1 1 0  count=972 = 3^5 * 4
  h=0 1 5 2 1 5 1 5 2 3  f=1 2 1 1 2 1 2 1 1 0  count=243 = 3^5 * 1
  h=0 1 5 2 1 5 2 1 5 3  f=1 2 1 1 2 1 1 2 1 0  count=243 = 3^5 * 1
  h=0 1 5 2 1 5 2 2 2 2 3  f=1 2 1 1 2 1 1 1 1 1 0  count=2187 = 3^7 * 1
  h=0 1 5 2 2 1 4 5 2 3  f=1 2 1 1 1 2 2 1 1 0  count=972 = 3^5 * 4
  h=0 1 5 2 2 1 5 1 5 3  f=1 2 1 1 1 2 1 2 1 0  count=243 = 3^5 * 1
  h=0 1 5 2 2 1 5 2 2 2 3  f=1 2 1 1 1 2 1 1 1 1 0  count=2187 = 3^7 * 1
  h=0 1 5 2 2 2 1 4 5 3  f=1 2 1 1 1 1 2 2 1 0  count=972 = 3^5 * 4
  h=0 1 5 2 2 2 1 5 2 2 3  f=1 2 1 1 1 1 2 1 1 1 0  count=2187 = 3^7 * 1
  h=0 1 5 2 2 2 2 1 5 2 3  f=1 2 1 1 1 1 1 2 1 1 0  count=2187 = 3^7 * 1
  h=0 1 5 2 2 2 2 2 1 5 3  f=1 2 1 1 1 1 1 1 2 1 0  count=2187 = 3^7 * 1
  h=0 1 5 2 2 2 2 2 2 2 2 3  f=1 2 1 1 1 1 1 1 1 1 1 0  count=19683 = 3^9 * 1
  h=0 2 1 3 7 4 5 3  f=1 1 2 3 2 2 1 0  count=108 = 3^3 * 4
  h=0 2 1 3 7 5 2 2 3  f=1 1 2 3 2 1 1 1 0  count=243 = 3^5 * 1
  h=0 2 1 4 3 7 5 3  f=1 1 2 2 3 2 1 0  count=108 = 3^3 * 4
  h=0 2 1 4 4 4 5 2 3  f=1 1 2 2 2 2 1 1 0  count=1728 = 3^3 * 64
  h=0 2 1 4 4 5 1 5 3  f=1 1 2 2 2 1 2 1 0  count=432 = 3^3 * 16
  h=0 2 1 4 4 5 2 2 2 3  f=1 1 2 2 2 1 1 1 1 0  count=3888 = 3^5 * 16
  h=0 2 1 4 5 1 4 5 3  f=1 1 2 2 1 2 2 1 0  count=432 = 3^3 * 16
  h=0 2 1 4 5 1 5 2 2 3  f=1 1 2 2 1 2 1 1 1 0  count=972 = 3^5 * 4
  h=0 2 1 4 5 2 1 5 2 3  f=1 1 2 2 1 1 2 1 1 0  count=972 = 3^5 * 4
  h=0 2 1 4 5 2 2 1 5 3  f=1 1 2 2 1 1 1 2 1 0  count=972 = 3^5 * 4
  h=0 2 1 4 5 2 2 2 2 2 3  f=1 1 2 2 1 1 1 1 1 1 0  count=8748 = 3^7 * 4
  h=0 2 1 5 1 4 4 5 3  f=1 1 2 1 2 2 2 1 0  count=432 = 3^3 * 16
  h=0 2 1 5 1 4 5 2 2 3  f=1 1 2 1 2 2 1 1 1 0  count=972 = 3^5 * 4
  h=0 2 1 5 1 5 1 5 2 3  f=1 1 2 1 2 1 2 1 1 0  count=243 = 3^5 * 1
  h=0 2 1 5 1 5 2 1 5 3  f=1 1 2 1 2 1 1 2 1 0  count=243 = 3^5 * 1
  h=0 2 1 5 1 5 2 2 2 2 3  f=1 1 2 1 2 1 1 1 1 1 0  count=2187 = 3^7 * 1
  h=0 2 1 5 2 1 4 5 2 3  f=1 1 2 1 1 2 2 1 1 0  count=972 = 3^5 * 4
  h=0 2 1 5 2 1 5 1 5 3  f=1 1 2 1 1 2 1 2 1 0  count=243 = 3^5 * 1
  h=0 2 1 5 2 1 5 2 2 2 3  f=1 1 2 1 1 2 1 1 1 1 0  count=2187 = 3^7 * 1
  h=0 2 1 5 2 2 1 4 5 3  f=1 1 2 1 1 1 2 2 1 0  count=972 = 3^5 * 4
  h=0 2 1 5 2 2 1 5 2 2 3  f=1 1 2 1 1 1 2 1 1 1 0  count=2187 = 3^7 * 1
  h=0 2 1 5 2 2 2 1 5 2 3  f=1 1 2 1 1 1 1 2 1 1 0  count=2187 = 3^7 * 1
  h=0 2 1 5 2 2 2 2 1 5 3  f=1 1 2 1 1 1 1 1 2 1 0  count=2187 = 3^7 * 1
  h=0 2 1 5 2 2 2 2 2 2 2 3  f=1 1 2 1 1 1 1 1 1 1 1 0  count=19683 = 3^9 * 1
  h=0 2 2 1 3 7 5 2 3  f=1 1 1 2 3 2 1 1 0  count=243 = 3^5 * 1
  h=0 2 2 1 4 4 4 5 3  f=1 1 1 2 2 2 2 1 0  count=1728 = 3^3 * 64
  h=0 2 2 1 4 4 5 2 2 3  f=1 1 1 2 2 2 1 1 1 0  count=3888 = 3^5 * 16
  h=0 2 2 1 4 5 1 5 2 3  f=1 1 1 2 2 1 2 1 1 0  count=972 = 3^5 * 4
  h=0 2 2 1 4 5 2 1 5 3  f=1 1 1 2 2 1 1 2 1 0  count=972 = 3^5 * 4
  h=0 2 2 1 4 5 2 2 2 2 3  f=1 1 1 2 2 1 1 1 1 1 0  count=8748 = 3^7 * 4
  h=0 2 2 1 5 1 4 5 2 3  f=1 1 1 2 1 2 2 1 1 0  count=972 = 3^5 * 4
  h=0 2 2 1 5 1 5 1 5 3  f=1 1 1 2 1 2 1 2 1 0  count=243 = 3^5 * 1
  h=0 2 2 1 5 1 5 2 2 2 3  f=1 1 1 2 1 2 1 1 1 1 0  count=2187 = 3^7 * 1
  h=0 2 2 1 5 2 1 4 5 3  f=1 1 1 2 1 1 2 2 1 0  count=972 = 3^5 * 4
  h=0 2 2 1 5 2 1 5 2 2 3  f=1 1 1 2 1 1 2 1 1 1 0  count=2187 = 3^7 * 1
  h=0 2 2 1 5 2 2 1 5 2 3  f=1 1 1 2 1 1 1 2 1 1 0  count=2187 = 3^7 * 1
  h=0 2 2 1 5 2 2 2 1 5 3  f=1 1 1 2 1 1 1 1 2 1 0  count=2187 = 3^7 * 1
  h=0 2 2 1 5 2 2 2 2 2 2 3  f=1 1 1 2 1 1 1 1 1 1 1 0  count=19683 = 3^9 * 1
  h=0 2 2 2 1 3 7 5 3  f=1 1 1 1 2 3 2 1 0  count=243 = 3^5 * 1
  h=0 2 2 2 1 4 4 5 2 3  f=1 1 1 1 2 2 2 1 1 0  count=3888 = 3^5 * 16
  h=0 2 2 2 1 4 5 1 5 3  f=1 1 1 1 2 2 1 2 1 0  count=972 = 3^5 * 4
  h=0 2 2 2 1 4 5 2 2 2 3  f=1 1 1 1 2 2 1 1 1 1 0  count=8748 = 3^7 * 4
  h=0 2 2 2 1 5 1 4 5 3  f=1 1 1 1 2 1 2 2 1 0  count=972 = 3^5 * 4
  h=0 2 2 2 1 5 1 5 2 2 3  f=1 1 1 1 2 1 2 1 1 1 0  count=2187 = 3^7 * 1
  h=0 2 2 2 1 5 2 1 5 2 3  f=1 1 1 1 2 1 1 2 1 1 0  count=2187 = 3^7 * 1
  h=0 2 2 2 1 5 2 2 1 5 3  f=1 1 1 1 2 1 1 1 2 1 0  count=2187 = 3^7 * 1
  h=0 2 2 2 1 5 2 2 2 2 2 3  f=1 1 1 1 2 1 1 1 1 1 1 0  count=19683 = 3^9 * 1
  h=0 2 2 2 2 1 4 4 5 3  f=1 1 1 1 1 2 2 2 1 0  count=3888 = 3^5 * 16
  h=0 2 2 2 2 1 4 5 2 2 3  f=1 1 1 1 1 2 2 1 1 1 0  count=8748 = 3^7 * 4
  h=0 2 2 2 2 1 5 1 5 2 3  f=1 1 1 1 1 2 1 2 1 1 0  count=2187 = 3^7 * 1
  h=0 2 2 2 2 1 5 2 1 5 3  f=1 1 1 1 1 2 1 1 2 1 0  count=2187 = 3^7 * 1
  h=0 2 2 2 2 1 5 2 2 2 2 3  f=1 1 1 1 1 2 1 1 1 1 1 0  count=19683 = 3^9 * 1
  h=0 2 2 2 2 2 1 4 5 2 3  f=1 1 1 1 1 1 2 2 1 1 0  count=8748 = 3^7 * 4
  h=0 2 2 2 2 2 1 5 1 5 3  f=1 1 1 1 1 1 2 1 2 1 0  count=2187 = 3^7 * 1
  h=0 2 2 2 2 2 1 5 2 2 2 3  f=1 1 1 1 1 1 2 1 1 1 1 0  count=19683 = 3^9 * 1
  h=0 2 2 2 2 2 2 1 4 5 3  f=1 1 1 1 1 1 1 2 2 1 0  count=8748 = 3^7 * 4
  h=0 2 2 2 2 2 2 1 5 2 2 3  f=1 1 1 1 1 1 1 2 1 1 1 0  count=19683 = 3^9 * 1
  h=0 2 2 2 2 2 2 2 1 5 2 3  f=1 1 1 1 1 1 1 1 2 1 1 0  count=19683 = 3^9 * 1
  h=0 2 2 2 2 2 2 2 2 1 5 3  f=1 1 1 1 1 1 1 1 1 2 1 0  count=19683 = 3^9 * 1
  h=0 2 2 2 2 2 2 2 2 2 2 2 3  f=1 1 1 1 1 1 1 1 1 1 1 1 0  count=177147 = 3^11 * 1
