N=13 total=1749267 expected=1749267 match=True n_distinct_hist=166
N=13 hist=0 1 3 6 7 5 2 3 0 0 0 0 0 0 0 mult=90
N=13 hist=0 1 3 7 4 4 5 3 0 0 0 0 0 0 0 mult=144
N=13 hist=0 1 3 7 4 5 2 2 3 0 0 0 0 0 0 mult=324
N=13 hist=0 1 3 7 5 1 5 2 3 0 0 0 0 0 0 mult=81
N=13 hist=0 1 3 7 5 2 1 5 3 0 0 0 0 0 0 mult=81
N=13 hist=0 1 3 7 5 2 2 2 2 3 0 0 0 0 0 mult=729
N=13 hist=0 1 4 3 7 4 5 3 0 0 0 0 0 0 0 mult=144
N=13 hist=0 1 4 3 7 5 2 2 3 0 0 0 0 0 0 mult=324
N=13 hist=0 1 4 4 3 7 5 3 0 0 0 0 0 0 0 mult=144
N=13 hist=0 1 4 4 4 4 5 2 3 0 0 0 0 0 0 mult=2304
N=13 hist=0 1 4 4 4 5 1 5 3 0 0 0 0 0 0 mult=576
N=13 hist=0 1 4 4 4 5 2 2 2 3 0 0 0 0 0 mult=5184
N=13 hist=0 1 4 4 5 1 4 5 3 0 0 0 0 0 0 mult=576
N=13 hist=0 1 4 4 5 1 5 2 2 3 0 0 0 0 0 mult=1296
N=13 hist=0 1 4 4 5 2 1 5 2 3 0 0 0 0 0 mult=1296
N=13 hist=0 1 4 4 5 2 2 1 5 3 0 0 0 0 0 mult=1296
N=13 hist=0 1 4 4 5 2 2 2 2 2 3 0 0 0 0 mult=11664
N=13 hist=0 1 4 5 1 4 4 5 3 0 0 0 0 0 0 mult=576
N=13 hist=0 1 4 5 1 4 5 2 2 3 0 0 0 0 0 mult=1296
N=13 hist=0 1 4 5 1 5 1 5 2 3 0 0 0 0 0 mult=324
N=13 hist=0 1 4 5 1 5 2 1 5 3 0 0 0 0 0 mult=324
N=13 hist=0 1 4 5 1 5 2 2 2 2 3 0 0 0 0 mult=2916
N=13 hist=0 1 4 5 2 1 4 5 2 3 0 0 0 0 0 mult=1296
N=13 hist=0 1 4 5 2 1 5 1 5 3 0 0 0 0 0 mult=324
N=13 hist=0 1 4 5 2 1 5 2 2 2 3 0 0 0 0 mult=2916
N=13 hist=0 1 4 5 2 2 1 4 5 3 0 0 0 0 0 mult=1296
N=13 hist=0 1 4 5 2 2 1 5 2 2 3 0 0 0 0 mult=2916
N=13 hist=0 1 4 5 2 2 2 1 5 2 3 0 0 0 0 mult=2916
N=13 hist=0 1 4 5 2 2 2 2 1 5 3 0 0 0 0 mult=2916
N=13 hist=0 1 4 5 2 2 2 2 2 2 2 3 0 0 0 mult=26244
N=13 hist=0 1 5 1 3 7 5 2 3 0 0 0 0 0 0 mult=81
N=13 hist=0 1 5 1 4 4 4 5 3 0 0 0 0 0 0 mult=576
N=13 hist=0 1 5 1 4 4 5 2 2 3 0 0 0 0 0 mult=1296
N=13 hist=0 1 5 1 4 5 1 5 2 3 0 0 0 0 0 mult=324
N=13 hist=0 1 5 1 4 5 2 1 5 3 0 0 0 0 0 mult=324
N=13 hist=0 1 5 1 4 5 2 2 2 2 3 0 0 0 0 mult=2916
N=13 hist=0 1 5 1 5 1 4 5 2 3 0 0 0 0 0 mult=324
N=13 hist=0 1 5 1 5 1 5 1 5 3 0 0 0 0 0 mult=81
N=13 hist=0 1 5 1 5 1 5 2 2 2 3 0 0 0 0 mult=729
N=13 hist=0 1 5 1 5 2 1 4 5 3 0 0 0 0 0 mult=324
N=13 hist=0 1 5 1 5 2 1 5 2 2 3 0 0 0 0 mult=729
N=13 hist=0 1 5 1 5 2 2 1 5 2 3 0 0 0 0 mult=729
N=13 hist=0 1 5 1 5 2 2 2 1 5 3 0 0 0 0 mult=729
N=13 hist=0 1 5 1 5 2 2 2 2 2 2 3 0 0 0 mult=6561
N=13 hist=0 1 5 2 1 3 7 5 3 0 0 0 0 0 0 mult=81
N=13 hist=0 1 5 2 1 4 4 5 2 3 0 0 0 0 0 mult=1296
N=13 hist=0 1 5 2 1 4 5 1 5 3 0 0 0 0 0 mult=324
N=13 hist=0 1 5 2 1 4 5 2 2 2 3 0 0 0 0 mult=2916
N=13 hist=0 1 5 2 1 5 1 4 5 3 0 0 0 0 0 mult=324
N=13 hist=0 1 5 2 1 5 1 5 2 2 3 0 0 0 0 mult=729
N=13 hist=0 1 5 2 1 5 2 1 5 2 3 0 0 0 0 mult=729
N=13 hist=0 1 5 2 1 5 2 2 1 5 3 0 0 0 0 mult=729
N=13 hist=0 1 5 2 1 5 2 2 2 2 2 3 0 0 0 mult=6561
N=13 hist=0 1 5 2 2 1 4 4 5 3 0 0 0 0 0 mult=1296
N=13 hist=0 1 5 2 2 1 4 5 2 2 3 0 0 0 0 mult=2916
N=13 hist=0 1 5 2 2 1 5 1 5 2 3 0 0 0 0 mult=729
N=13 hist=0 1 5 2 2 1 5 2 1 5 3 0 0 0 0 mult=729
N=13 hist=0 1 5 2 2 1 5 2 2 2 2 3 0 0 0 mult=6561
N=13 hist=0 1 5 2 2 2 1 4 5 2 3 0 0 0 0 mult=2916
N=13 hist=0 1 5 2 2 2 1 5 1 5 3 0 0 0 0 mult=729
N=13 hist=0 1 5 2 2 2 1 5 2 2 2 3 0 0 0 mult=6561
N=13 hist=0 1 5 2 2 2 2 1 4 5 3 0 0 0 0 mult=2916
N=13 hist=0 1 5 2 2 2 2 1 5 2 2 3 0 0 0 mult=6561
N=13 hist=0 1 5 2 2 2 2 2 1 5 2 3 0 0 0 mult=6561
N=13 hist=0 1 5 2 2 2 2 2 2 1 5 3 0 0 0 mult=6561
N=13 hist=0 1 5 2 2 2 2 2 2 2 2 2 3 0 0 mult=59049
N=13 hist=0 2 1 3 6 7 5 3 0 0 0 0 0 0 0 mult=90
N=13 hist=0 2 1 3 7 4 5 2 3 0 0 0 0 0 0 mult=324
N=13 hist=0 2 1 3 7 5 1 5 3 0 0 0 0 0 0 mult=81
N=13 hist=0 2 1 3 7 5 2 2 2 3 0 0 0 0 0 mult=729
N=13 hist=0 2 1 4 3 7 5 2 3 0 0 0 0 0 0 mult=324
N=13 hist=0 2 1 4 4 4 4 5 3 0 0 0 0 0 0 mult=2304
N=13 hist=0 2 1 4 4 4 5 2 2 3 0 0 0 0 0 mult=5184
N=13 hist=0 2 1 4 4 5 1 5 2 3 0 0 0 0 0 mult=1296
N=13 hist=0 2 1 4 4 5 2 1 5 3 0 0 0 0 0 mult=1296
N=13 hist=0 2 1 4 4 5 2 2 2 2 3 0 0 0 0 mult=11664
N=13 hist=0 2 1 4 5 1 4 5 2 3 0 0 0 0 0 mult=1296
N=13 hist=0 2 1 4 5 1 5 1 5 3 0 0 0 0 0 mult=324
N=13 hist=0 2 1 4 5 1 5 2 2 2 3 0 0 0 0 mult=2916
N=13 hist=0 2 1 4 5 2 1 4 5 3 0 0 0 0 0 mult=1296
N=13 hist=0 2 1 4 5 2 1 5 2 2 3 0 0 0 0 mult=2916
N=13 hist=0 2 1 4 5 2 2 1 5 2 3 0 0 0 0 mult=2916
N=13 hist=0 2 1 4 5 2 2 2 1 5 3 0 0 0 0 mult=2916
N=13 hist=0 2 1 4 5 2 2 2 2 2 2 3 0 0 0 mult=26244
N=13 hist=0 2 1 5 1 3 7 5 3 0 0 0 0 0 0 mult=81
N=13 hist=0 2 1 5 1 4 4 5 2 3 0 0 0 0 0 mult=1296
N=13 hist=0 2 1 5 1 4 5 1 5 3 0 0 0 0 0 mult=324
N=13 hist=0 2 1 5 1 4 5 2 2 2 3 0 0 0 0 mult=2916
N=13 hist=0 2 1 5 1 5 1 4 5 3 0 0 0 0 0 mult=324
N=13 hist=0 2 1 5 1 5 1 5 2 2 3 0 0 0 0 mult=729
N=13 hist=0 2 1 5 1 5 2 1 5 2 3 0 0 0 0 mult=729
N=13 hist=0 2 1 5 1 5 2 2 1 5 3 0 0 0 0 mult=729
N=13 hist=0 2 1 5 1 5 2 2 2 2 2 3 0 0 0 mult=6561
N=13 hist=0 2 1 5 2 1 4 4 5 3 0 0 0 0 0 mult=1296
N=13 hist=0 2 1 5 2 1 4 5 2 2 3 0 0 0 0 mult=2916
N=13 hist=0 2 1 5 2 1 5 1 5 2 3 0 0 0 0 mult=729
N=13 hist=0 2 1 5 2 1 5 2 1 5 3 0 0 0 0 mult=729
N=13 hist=0 2 1 5 2 1 5 2 2 2 2 3 0 0 0 mult=6561
N=13 hist=0 2 1 5 2 2 1 4 5 2 3 0 0 0 0 mult=2916
N=13 hist=0 2 1 5 2 2 1 5 1 5 3 0 0 0 0 mult=729
N=13 hist=0 2 1 5 2 2 1 5 2 2 2 3 0 0 0 mult=6561
N=13 hist=0 2 1 5 2 2 2 1 4 5 3 0 0 0 0 mult=2916
N=13 hist=0 2 1 5 2 2 2 1 5 2 2 3 0 0 0 mult=6561
N=13 hist=0 2 1 5 2 2 2 2 1 5 2 3 0 0 0 mult=6561
N=13 hist=0 2 1 5 2 2 2 2 2 1 5 3 0 0 0 mult=6561
N=13 hist=0 2 1 5 2 2 2 2 2 2 2 2 3 0 0 mult=59049
N=13 hist=0 2 2 1 3 7 4 5 3 0 0 0 0 0 0 mult=324
N=13 hist=0 2 2 1 3 7 5 2 2 3 0 0 0 0 0 mult=729
N=13 hist=0 2 2 1 4 3 7 5 3 0 0 0 0 0 0 mult=324
N=13 hist=0 2 2 1 4 4 4 5 2 3 0 0 0 0 0 mult=5184
N=13 hist=0 2 2 1 4 4 5 1 5 3 0 0 0 0 0 mult=1296
N=13 hist=0 2 2 1 4 4 5 2 2 2 3 0 0 0 0 mult=11664
N=13 hist=0 2 2 1 4 5 1 4 5 3 0 0 0 0 0 mult=1296
N=13 hist=0 2 2 1 4 5 1 5 2 2 3 0 0 0 0 mult=2916
N=13 hist=0 2 2 1 4 5 2 1 5 2 3 0 0 0 0 mult=2916
N=13 hist=0 2 2 1 4 5 2 2 1 5 3 0 0 0 0 mult=2916
N=13 hist=0 2 2 1 4 5 2 2 2 2 2 3 0 0 0 mult=26244
N=13 hist=0 2 2 1 5 1 4 4 5 3 0 0 0 0 0 mult=1296
N=13 hist=0 2 2 1 5 1 4 5 2 2 3 0 0 0 0 mult=2916
N=13 hist=0 2 2 1 5 1 5 1 5 2 3 0 0 0 0 mult=729
N=13 hist=0 2 2 1 5 1 5 2 1 5 3 0 0 0 0 mult=729
N=13 hist=0 2 2 1 5 1 5 2 2 2 2 3 0 0 0 mult=6561
N=13 hist=0 2 2 1 5 2 1 4 5 2 3 0 0 0 0 mult=2916
N=13 hist=0 2 2 1 5 2 1 5 1 5 3 0 0 0 0 mult=729
N=13 hist=0 2 2 1 5 2 1 5 2 2 2 3 0 0 0 mult=6561
N=13 hist=0 2 2 1 5 2 2 1 4 5 3 0 0 0 0 mult=2916
N=13 hist=0 2 2 1 5 2 2 1 5 2 2 3 0 0 0 mult=6561
N=13 hist=0 2 2 1 5 2 2 2 1 5 2 3 0 0 0 mult=6561
N=13 hist=0 2 2 1 5 2 2 2 2 1 5 3 0 0 0 mult=6561
N=13 hist=0 2 2 1 5 2 2 2 2 2 2 2 3 0 0 mult=59049
N=13 hist=0 2 2 2 1 3 7 5 2 3 0 0 0 0 0 mult=729
N=13 hist=0 2 2 2 1 4 4 4 5 3 0 0 0 0 0 mult=5184
N=13 hist=0 2 2 2 1 4 4 5 2 2 3 0 0 0 0 mult=11664
N=13 hist=0 2 2 2 1 4 5 1 5 2 3 0 0 0 0 mult=2916
N=13 hist=0 2 2 2 1 4 5 2 1 5 3 0 0 0 0 mult=2916
N=13 hist=0 2 2 2 1 4 5 2 2 2 2 3 0 0 0 mult=26244
N=13 hist=0 2 2 2 1 5 1 4 5 2 3 0 0 0 0 mult=2916
N=13 hist=0 2 2 2 1 5 1 5 1 5 3 0 0 0 0 mult=729
N=13 hist=0 2 2 2 1 5 1 5 2 2 2 3 0 0 0 mult=6561
N=13 hist=0 2 2 2 1 5 2 1 4 5 3 0 0 0 0 mult=2916
N=13 hist=0 2 2 2 1 5 2 1 5 2 2 3 0 0 0 mult=6561
N=13 hist=0 2 2 2 1 5 2 2 1 5 2 3 0 0 0 mult=6561
N=13 hist=0 2 2 2 1 5 2 2 2 1 5 3 0 0 0 mult=6561
N=13 hist=0 2 2 2 1 5 2 2 2 2 2 2 3 0 0 mult=59049
N=13 hist=0 2 2 2 2 1 3 7 5 3 0 0 0 0 0 mult=729
N=13 hist=0 2 2 2 2 1 4 4 5 2 3 0 0 0 0 mult=11664
N=13 hist=0 2 2 2 2 1 4 5 1 5 3 0 0 0 0 mult=2916
N=13 hist=0 2 2 2 2 1 4 5 2 2 2 3 0 0 0 mult=26244
N=13 hist=0 2 2 2 2 1 5 1 4 5 3 0 0 0 0 mult=2916
N=13 hist=0 2 2 2 2 1 5 1 5 2 2 3 0 0 0 mult=6561
N=13 hist=0 2 2 2 2 1 5 2 1 5 2 3 0 0 0 mult=6561
N=13 hist=0 2 2 2 2 1 5 2 2 1 5 3 0 0 0 mult=6561
N=13 hist=0 2 2 2 2 1 5 2 2 2 2 2 3 0 0 mult=59049
N=13 hist=0 2 2 2 2 2 1 4 4 5 3 0 0 0 0 mult=11664
N=13 hist=0 2 2 2 2 2 1 4 5 2 2 3 0 0 0 mult=26244
N=13 hist=0 2 2 2 2 2 1 5 1 5 2 3 0 0 0 mult=6561
N=13 hist=0 2 2 2 2 2 1 5 2 1 5 3 0 0 0 mult=6561
N=13 hist=0 2 2 2 2 2 1 5 2 2 2 2 3 0 0 mult=59049
N=13 hist=0 2 2 2 2 2 2 1 4 5 2 3 0 0 0 mult=26244
N=13 hist=0 2 2 2 2 2 2 1 5 1 5 3 0 0 0 mult=6561
N=13 hist=0 2 2 2 2 2 2 1 5 2 2 2 3 0 0 mult=59049
N=13 hist=0 2 2 2 2 2 2 2 1 4 5 3 0 0 0 mult=26244
N=13 hist=0 2 2 2 2 2 2 2 1 5 2 2 3 0 0 mult=59049
N=13 hist=0 2 2 2 2 2 2 2 2 1 5 2 3 0 0 mult=59049
N=13 hist=0 2 2 2 2 2 2 2 2 2 1 5 3 0 0 mult=59049
N=13 hist=0 2 2 2 2 2 2 2 2 2 2 2 2 3 0 mult=531441
N=14 total=5949063 expected=5949063 match=True n_distinct_hist=277
N=14 hist=0 1 3 6 7 4 5 3 0 0 0 0 0 0 0 mult=120
N=14 hist=0 1 3 6 7 5 2 2 3 0 0 0 0 0 0 mult=270
N=14 hist=0 1 3 7 3 7 5 3 0 0 0 0 0 0 0 mult=27
N=14 hist=0 1 3 7 4 4 5 2 3 0 0 0 0 0 0 mult=432
N=14 hist=0 1 3 7 4 5 1 5 3 0 0 0 0 0 0 mult=108
N=14 hist=0 1 3 7 4 5 2 2 2 3 0 0 0 0 0 mult=972
N=14 hist=0 1 3 7 5 1 4 5 3 0 0 0 0 0 0 mult=108
N=14 hist=0 1 3 7 5 1 5 2 2 3 0 0 0 0 0 mult=243
N=14 hist=0 1 3 7 5 2 1 5 2 3 0 0 0 0 0 mult=243
N=14 hist=0 1 3 7 5 2 2 1 5 3 0 0 0 0 0 mult=243
N=14 hist=0 1 3 7 5 2 2 2 2 2 3 0 0 0 0 mult=2187
N=14 hist=0 1 4 3 6 7 5 3 0 0 0 0 0 0 0 mult=120
N=14 hist=0 1 4 3 7 4 5 2 3 0 0 0 0 0 0 mult=432
N=14 hist=0 1 4 3 7 5 1 5 3 0 0 0 0 0 0 mult=108
N=14 hist=0 1 4 3 7 5 2 2 2 3 0 0 0 0 0 mult=972
N=14 hist=0 1 4 4 3 7 5 2 3 0 0 0 0 0 0 mult=432
N=14 hist=0 1 4 4 4 4 4 5 3 0 0 0 0 0 0 mult=3072
N=14 hist=0 1 4 4 4 4 5 2 2 3 0 0 0 0 0 mult=6912
N=14 hist=0 1 4 4 4 5 1 5 2 3 0 0 0 0 0 mult=1728
N=14 hist=0 1 4 4 4 5 2 1 5 3 0 0 0 0 0 mult=1728
N=14 hist=0 1 4 4 4 5 2 2 2 2 3 0 0 0 0 mult=15552
N=14 hist=0 1 4 4 5 1 4 5 2 3 0 0 0 0 0 mult=1728
N=14 hist=0 1 4 4 5 1 5 1 5 3 0 0 0 0 0 mult=432
N=14 hist=0 1 4 4 5 1 5 2 2 2 3 0 0 0 0 mult=3888
N=14 hist=0 1 4 4 5 2 1 4 5 3 0 0 0 0 0 mult=1728
N=14 hist=0 1 4 4 5 2 1 5 2 2 3 0 0 0 0 mult=3888
N=14 hist=0 1 4 4 5 2 2 1 5 2 3 0 0 0 0 mult=3888
N=14 hist=0 1 4 4 5 2 2 2 1 5 3 0 0 0 0 mult=3888
N=14 hist=0 1 4 4 5 2 2 2 2 2 2 3 0 0 0 mult=34992
N=14 hist=0 1 4 5 1 3 7 5 3 0 0 0 0 0 0 mult=108
N=14 hist=0 1 4 5 1 4 4 5 2 3 0 0 0 0 0 mult=1728
N=14 hist=0 1 4 5 1 4 5 1 5 3 0 0 0 0 0 mult=432
N=14 hist=0 1 4 5 1 4 5 2 2 2 3 0 0 0 0 mult=3888
N=14 hist=0 1 4 5 1 5 1 4 5 3 0 0 0 0 0 mult=432
N=14 hist=0 1 4 5 1 5 1 5 2 2 3 0 0 0 0 mult=972
N=14 hist=0 1 4 5 1 5 2 1 5 2 3 0 0 0 0 mult=972
N=14 hist=0 1 4 5 1 5 2 2 1 5 3 0 0 0 0 mult=972
N=14 hist=0 1 4 5 1 5 2 2 2 2 2 3 0 0 0 mult=8748
N=14 hist=0 1 4 5 2 1 4 4 5 3 0 0 0 0 0 mult=1728
N=14 hist=0 1 4 5 2 1 4 5 2 2 3 0 0 0 0 mult=3888
N=14 hist=0 1 4 5 2 1 5 1 5 2 3 0 0 0 0 mult=972
N=14 hist=0 1 4 5 2 1 5 2 1 5 3 0 0 0 0 mult=972
N=14 hist=0 1 4 5 2 1 5 2 2 2 2 3 0 0 0 mult=8748
N=14 hist=0 1 4 5 2 2 1 4 5 2 3 0 0 0 0 mult=3888
N=14 hist=0 1 4 5 2 2 1 5 1 5 3 0 0 0 0 mult=972
N=14 hist=0 1 4 5 2 2 1 5 2 2 2 3 0 0 0 mult=8748
N=14 hist=0 1 4 5 2 2 2 1 4 5 3 0 0 0 0 mult=3888
N=14 hist=0 1 4 5 2 2 2 1 5 2 2 3 0 0 0 mult=8748
N=14 hist=0 1 4 5 2 2 2 2 1 5 2 3 0 0 0 mult=8748
N=14 hist=0 1 4 5 2 2 2 2 2 1 5 3 0 0 0 mult=8748
N=14 hist=0 1 4 5 2 2 2 2 2 2 2 2 3 0 0 mult=78732
N=14 hist=0 1 5 1 3 7 4 5 3 0 0 0 0 0 0 mult=108
N=14 hist=0 1 5 1 3 7 5 2 2 3 0 0 0 0 0 mult=243
N=14 hist=0 1 5 1 4 3 7 5 3 0 0 0 0 0 0 mult=108
N=14 hist=0 1 5 1 4 4 4 5 2 3 0 0 0 0 0 mult=1728
N=14 hist=0 1 5 1 4 4 5 1 5 3 0 0 0 0 0 mult=432
N=14 hist=0 1 5 1 4 4 5 2 2 2 3 0 0 0 0 mult=3888
N=14 hist=0 1 5 1 4 5 1 4 5 3 0 0 0 0 0 mult=432
N=14 hist=0 1 5 1 4 5 1 5 2 2 3 0 0 0 0 mult=972
N=14 hist=0 1 5 1 4 5 2 1 5 2 3 0 0 0 0 mult=972
N=14 hist=0 1 5 1 4 5 2 2 1 5 3 0 0 0 0 mult=972
N=14 hist=0 1 5 1 4 5 2 2 2 2 2 3 0 0 0 mult=8748
N=14 hist=0 1 5 1 5 1 4 4 5 3 0 0 0 0 0 mult=432
N=14 hist=0 1 5 1 5 1 4 5 2 2 3 0 0 0 0 mult=972
N=14 hist=0 1 5 1 5 1 5 1 5 2 3 0 0 0 0 mult=243
N=14 hist=0 1 5 1 5 1 5 2 1 5 3 0 0 0 0 mult=243
N=14 hist=0 1 5 1 5 1 5 2 2 2 2 3 0 0 0 mult=2187
N=14 hist=0 1 5 1 5 2 1 4 5 2 3 0 0 0 0 mult=972
N=14 hist=0 1 5 1 5 2 1 5 1 5 3 0 0 0 0 mult=243
N=14 hist=0 1 5 1 5 2 1 5 2 2 2 3 0 0 0 mult=2187
N=14 hist=0 1 5 1 5 2 2 1 4 5 3 0 0 0 0 mult=972
N=14 hist=0 1 5 1 5 2 2 1 5 2 2 3 0 0 0 mult=2187
N=14 hist=0 1 5 1 5 2 2 2 1 5 2 3 0 0 0 mult=2187
N=14 hist=0 1 5 1 5 2 2 2 2 1 5 3 0 0 0 mult=2187
N=14 hist=0 1 5 1 5 2 2 2 2 2 2 2 3 0 0 mult=19683
N=14 hist=0 1 5 2 1 3 7 5 2 3 0 0 0 0 0 mult=243
N=14 hist=0 1 5 2 1 4 4 4 5 3 0 0 0 0 0 mult=1728
N=14 hist=0 1 5 2 1 4 4 5 2 2 3 0 0 0 0 mult=3888
N=14 hist=0 1 5 2 1 4 5 1 5 2 3 0 0 0 0 mult=972
N=14 hist=0 1 5 2 1 4 5 2 1 5 3 0 0 0 0 mult=972
N=14 hist=0 1 5 2 1 4 5 2 2 2 2 3 0 0 0 mult=8748
N=14 hist=0 1 5 2 1 5 1 4 5 2 3 0 0 0 0 mult=972
N=14 hist=0 1 5 2 1 5 1 5 1 5 3 0 0 0 0 mult=243
N=14 hist=0 1 5 2 1 5 1 5 2 2 2 3 0 0 0 mult=2187
N=14 hist=0 1 5 2 1 5 2 1 4 5 3 0 0 0 0 mult=972
N=14 hist=0 1 5 2 1 5 2 1 5 2 2 3 0 0 0 mult=2187
N=14 hist=0 1 5 2 1 5 2 2 1 5 2 3 0 0 0 mult=2187
N=14 hist=0 1 5 2 1 5 2 2 2 1 5 3 0 0 0 mult=2187
N=14 hist=0 1 5 2 1 5 2 2 2 2 2 2 3 0 0 mult=19683
N=14 hist=0 1 5 2 2 1 3 7 5 3 0 0 0 0 0 mult=243
N=14 hist=0 1 5 2 2 1 4 4 5 2 3 0 0 0 0 mult=3888
N=14 hist=0 1 5 2 2 1 4 5 1 5 3 0 0 0 0 mult=972
N=14 hist=0 1 5 2 2 1 4 5 2 2 2 3 0 0 0 mult=8748
N=14 hist=0 1 5 2 2 1 5 1 4 5 3 0 0 0 0 mult=972
N=14 hist=0 1 5 2 2 1 5 1 5 2 2 3 0 0 0 mult=2187
N=14 hist=0 1 5 2 2 1 5 2 1 5 2 3 0 0 0 mult=2187
N=14 hist=0 1 5 2 2 1 5 2 2 1 5 3 0 0 0 mult=2187
N=14 hist=0 1 5 2 2 1 5 2 2 2 2 2 3 0 0 mult=19683
N=14 hist=0 1 5 2 2 2 1 4 4 5 3 0 0 0 0 mult=3888
N=14 hist=0 1 5 2 2 2 1 4 5 2 2 3 0 0 0 mult=8748
N=14 hist=0 1 5 2 2 2 1 5 1 5 2 3 0 0 0 mult=2187
N=14 hist=0 1 5 2 2 2 1 5 2 1 5 3 0 0 0 mult=2187
N=14 hist=0 1 5 2 2 2 1 5 2 2 2 2 3 0 0 mult=19683
N=14 hist=0 1 5 2 2 2 2 1 4 5 2 3 0 0 0 mult=8748
N=14 hist=0 1 5 2 2 2 2 1 5 1 5 3 0 0 0 mult=2187
N=14 hist=0 1 5 2 2 2 2 1 5 2 2 2 3 0 0 mult=19683
N=14 hist=0 1 5 2 2 2 2 2 1 4 5 3 0 0 0 mult=8748
N=14 hist=0 1 5 2 2 2 2 2 1 5 2 2 3 0 0 mult=19683
N=14 hist=0 1 5 2 2 2 2 2 2 1 5 2 3 0 0 mult=19683
N=14 hist=0 1 5 2 2 2 2 2 2 2 1 5 3 0 0 mult=19683
N=14 hist=0 1 5 2 2 2 2 2 2 2 2 2 2 3 0 mult=177147
N=14 hist=0 2 1 3 6 7 5 2 3 0 0 0 0 0 0 mult=270
N=14 hist=0 2 1 3 7 4 4 5 3 0 0 0 0 0 0 mult=432
N=14 hist=0 2 1 3 7 4 5 2 2 3 0 0 0 0 0 mult=972
N=14 hist=0 2 1 3 7 5 1 5 2 3 0 0 0 0 0 mult=243
N=14 hist=0 2 1 3 7 5 2 1 5 3 0 0 0 0 0 mult=243
N=14 hist=0 2 1 3 7 5 2 2 2 2 3 0 0 0 0 mult=2187
N=14 hist=0 2 1 4 3 7 4 5 3 0 0 0 0 0 0 mult=432
N=14 hist=0 2 1 4 3 7 5 2 2 3 0 0 0 0 0 mult=972
N=14 hist=0 2 1 4 4 3 7 5 3 0 0 0 0 0 0 mult=432
N=14 hist=0 2 1 4 4 4 4 5 2 3 0 0 0 0 0 mult=6912
N=14 hist=0 2 1 4 4 4 5 1 5 3 0 0 0 0 0 mult=1728
N=14 hist=0 2 1 4 4 4 5 2 2 2 3 0 0 0 0 mult=15552
N=14 hist=0 2 1 4 4 5 1 4 5 3 0 0 0 0 0 mult=1728
N=14 hist=0 2 1 4 4 5 1 5 2 2 3 0 0 0 0 mult=3888
N=14 hist=0 2 1 4 4 5 2 1 5 2 3 0 0 0 0 mult=3888
N=14 hist=0 2 1 4 4 5 2 2 1 5 3 0 0 0 0 mult=3888
N=14 hist=0 2 1 4 4 5 2 2 2 2 2 3 0 0 0 mult=34992
N=14 hist=0 2 1 4 5 1 4 4 5 3 0 0 0 0 0 mult=1728
N=14 hist=0 2 1 4 5 1 4 5 2 2 3 0 0 0 0 mult=3888
N=14 hist=0 2 1 4 5 1 5 1 5 2 3 0 0 0 0 mult=972
N=14 hist=0 2 1 4 5 1 5 2 1 5 3 0 0 0 0 mult=972
N=14 hist=0 2 1 4 5 1 5 2 2 2 2 3 0 0 0 mult=8748
N=14 hist=0 2 1 4 5 2 1 4 5 2 3 0 0 0 0 mult=3888
N=14 hist=0 2 1 4 5 2 1 5 1 5 3 0 0 0 0 mult=972
N=14 hist=0 2 1 4 5 2 1 5 2 2 2 3 0 0 0 mult=8748
N=14 hist=0 2 1 4 5 2 2 1 4 5 3 0 0 0 0 mult=3888
N=14 hist=0 2 1 4 5 2 2 1 5 2 2 3 0 0 0 mult=8748
N=14 hist=0 2 1 4 5 2 2 2 1 5 2 3 0 0 0 mult=8748
N=14 hist=0 2 1 4 5 2 2 2 2 1 5 3 0 0 0 mult=8748
N=14 hist=0 2 1 4 5 2 2 2 2 2 2 2 3 0 0 mult=78732
N=14 hist=0 2 1 5 1 3 7 5 2 3 0 0 0 0 0 mult=243
N=14 hist=0 2 1 5 1 4 4 4 5 3 0 0 0 0 0 mult=1728
N=14 hist=0 2 1 5 1 4 4 5 2 2 3 0 0 0 0 mult=3888
N=14 hist=0 2 1 5 1 4 5 1 5 2 3 0 0 0 0 mult=972
N=14 hist=0 2 1 5 1 4 5 2 1 5 3 0 0 0 0 mult=972
N=14 hist=0 2 1 5 1 4 5 2 2 2 2 3 0 0 0 mult=8748
N=14 hist=0 2 1 5 1 5 1 4 5 2 3 0 0 0 0 mult=972
N=14 hist=0 2 1 5 1 5 1 5 1 5 3 0 0 0 0 mult=243
N=14 hist=0 2 1 5 1 5 1 5 2 2 2 3 0 0 0 mult=2187
N=14 hist=0 2 1 5 1 5 2 1 4 5 3 0 0 0 0 mult=972
N=14 hist=0 2 1 5 1 5 2 1 5 2 2 3 0 0 0 mult=2187
N=14 hist=0 2 1 5 1 5 2 2 1 5 2 3 0 0 0 mult=2187
N=14 hist=0 2 1 5 1 5 2 2 2 1 5 3 0 0 0 mult=2187
N=14 hist=0 2 1 5 1 5 2 2 2 2 2 2 3 0 0 mult=19683
N=14 hist=0 2 1 5 2 1 3 7 5 3 0 0 0 0 0 mult=243
N=14 hist=0 2 1 5 2 1 4 4 5 2 3 0 0 0 0 mult=3888
N=14 hist=0 2 1 5 2 1 4 5 1 5 3 0 0 0 0 mult=972
N=14 hist=0 2 1 5 2 1 4 5 2 2 2 3 0 0 0 mult=8748
N=14 hist=0 2 1 5 2 1 5 1 4 5 3 0 0 0 0 mult=972
N=14 hist=0 2 1 5 2 1 5 1 5 2 2 3 0 0 0 mult=2187
N=14 hist=0 2 1 5 2 1 5 2 1 5 2 3 0 0 0 mult=2187
N=14 hist=0 2 1 5 2 1 5 2 2 1 5 3 0 0 0 mult=2187
N=14 hist=0 2 1 5 2 1 5 2 2 2 2 2 3 0 0 mult=19683
N=14 hist=0 2 1 5 2 2 1 4 4 5 3 0 0 0 0 mult=3888
N=14 hist=0 2 1 5 2 2 1 4 5 2 2 3 0 0 0 mult=8748
N=14 hist=0 2 1 5 2 2 1 5 1 5 2 3 0 0 0 mult=2187
N=14 hist=0 2 1 5 2 2 1 5 2 1 5 3 0 0 0 mult=2187
N=14 hist=0 2 1 5 2 2 1 5 2 2 2 2 3 0 0 mult=19683
N=14 hist=0 2 1 5 2 2 2 1 4 5 2 3 0 0 0 mult=8748
N=14 hist=0 2 1 5 2 2 2 1 5 1 5 3 0 0 0 mult=2187
N=14 hist=0 2 1 5 2 2 2 1 5 2 2 2 3 0 0 mult=19683
N=14 hist=0 2 1 5 2 2 2 2 1 4 5 3 0 0 0 mult=8748
N=14 hist=0 2 1 5 2 2 2 2 1 5 2 2 3 0 0 mult=19683
N=14 hist=0 2 1 5 2 2 2 2 2 1 5 2 3 0 0 mult=19683
N=14 hist=0 2 1 5 2 2 2 2 2 2 1 5 3 0 0 mult=19683
N=14 hist=0 2 1 5 2 2 2 2 2 2 2 2 2 3 0 mult=177147
N=14 hist=0 2 2 1 3 6 7 5 3 0 0 0 0 0 0 mult=270
N=14 hist=0 2 2 1 3 7 4 5 2 3 0 0 0 0 0 mult=972
N=14 hist=0 2 2 1 3 7 5 1 5 3 0 0 0 0 0 mult=243
N=14 hist=0 2 2 1 3 7 5 2 2 2 3 0 0 0 0 mult=2187
N=14 hist=0 2 2 1 4 3 7 5 2 3 0 0 0 0 0 mult=972
N=14 hist=0 2 2 1 4 4 4 4 5 3 0 0 0 0 0 mult=6912
N=14 hist=0 2 2 1 4 4 4 5 2 2 3 0 0 0 0 mult=15552
N=14 hist=0 2 2 1 4 4 5 1 5 2 3 0 0 0 0 mult=3888
N=14 hist=0 2 2 1 4 4 5 2 1 5 3 0 0 0 0 mult=3888
N=14 hist=0 2 2 1 4 4 5 2 2 2 2 3 0 0 0 mult=34992
N=14 hist=0 2 2 1 4 5 1 4 5 2 3 0 0 0 0 mult=3888
N=14 hist=0 2 2 1 4 5 1 5 1 5 3 0 0 0 0 mult=972
N=14 hist=0 2 2 1 4 5 1 5 2 2 2 3 0 0 0 mult=8748
N=14 hist=0 2 2 1 4 5 2 1 4 5 3 0 0 0 0 mult=3888
N=14 hist=0 2 2 1 4 5 2 1 5 2 2 3 0 0 0 mult=8748
N=14 hist=0 2 2 1 4 5 2 2 1 5 2 3 0 0 0 mult=8748
N=14 hist=0 2 2 1 4 5 2 2 2 1 5 3 0 0 0 mult=8748
N=14 hist=0 2 2 1 4 5 2 2 2 2 2 2 3 0 0 mult=78732
N=14 hist=0 2 2 1 5 1 3 7 5 3 0 0 0 0 0 mult=243
N=14 hist=0 2 2 1 5 1 4 4 5 2 3 0 0 0 0 mult=3888
N=14 hist=0 2 2 1 5 1 4 5 1 5 3 0 0 0 0 mult=972
N=14 hist=0 2 2 1 5 1 4 5 2 2 2 3 0 0 0 mult=8748
N=14 hist=0 2 2 1 5 1 5 1 4 5 3 0 0 0 0 mult=972
N=14 hist=0 2 2 1 5 1 5 1 5 2 2 3 0 0 0 mult=2187
N=14 hist=0 2 2 1 5 1 5 2 1 5 2 3 0 0 0 mult=2187
N=14 hist=0 2 2 1 5 1 5 2 2 1 5 3 0 0 0 mult=2187
N=14 hist=0 2 2 1 5 1 5 2 2 2 2 2 3 0 0 mult=19683
N=14 hist=0 2 2 1 5 2 1 4 4 5 3 0 0 0 0 mult=3888
N=14 hist=0 2 2 1 5 2 1 4 5 2 2 3 0 0 0 mult=8748
N=14 hist=0 2 2 1 5 2 1 5 1 5 2 3 0 0 0 mult=2187
N=14 hist=0 2 2 1 5 2 1 5 2 1 5 3 0 0 0 mult=2187
N=14 hist=0 2 2 1 5 2 1 5 2 2 2 2 3 0 0 mult=19683
N=14 hist=0 2 2 1 5 2 2 1 4 5 2 3 0 0 0 mult=8748
N=14 hist=0 2 2 1 5 2 2 1 5 1 5 3 0 0 0 mult=2187
N=14 hist=0 2 2 1 5 2 2 1 5 2 2 2 3 0 0 mult=19683
N=14 hist=0 2 2 1 5 2 2 2 1 4 5 3 0 0 0 mult=8748
N=14 hist=0 2 2 1 5 2 2 2 1 5 2 2 3 0 0 mult=19683
N=14 hist=0 2 2 1 5 2 2 2 2 1 5 2 3 0 0 mult=19683
N=14 hist=0 2 2 1 5 2 2 2 2 2 1 5 3 0 0 mult=19683
N=14 hist=0 2 2 1 5 2 2 2 2 2 2 2 2 3 0 mult=177147
N=14 hist=0 2 2 2 1 3 7 4 5 3 0 0 0 0 0 mult=972
N=14 hist=0 2 2 2 1 3 7 5 2 2 3 0 0 0 0 mult=2187
N=14 hist=0 2 2 2 1 4 3 7 5 3 0 0 0 0 0 mult=972
N=14 hist=0 2 2 2 1 4 4 4 5 2 3 0 0 0 0 mult=15552
N=14 hist=0 2 2 2 1 4 4 5 1 5 3 0 0 0 0 mult=3888
N=14 hist=0 2 2 2 1 4 4 5 2 2 2 3 0 0 0 mult=34992
N=14 hist=0 2 2 2 1 4 5 1 4 5 3 0 0 0 0 mult=3888
N=14 hist=0 2 2 2 1 4 5 1 5 2 2 3 0 0 0 mult=8748
N=14 hist=0 2 2 2 1 4 5 2 1 5 2 3 0 0 0 mult=8748
N=14 hist=0 2 2 2 1 4 5 2 2 1 5 3 0 0 0 mult=8748
N=14 hist=0 2 2 2 1 4 5 2 2 2 2 2 3 0 0 mult=78732
N=14 hist=0 2 2 2 1 5 1 4 4 5 3 0 0 0 0 mult=3888
N=14 hist=0 2 2 2 1 5 1 4 5 2 2 3 0 0 0 mult=8748
N=14 hist=0 2 2 2 1 5 1 5 1 5 2 3 0 0 0 mult=2187
N=14 hist=0 2 2 2 1 5 1 5 2 1 5 3 0 0 0 mult=2187
N=14 hist=0 2 2 2 1 5 1 5 2 2 2 2 3 0 0 mult=19683
N=14 hist=0 2 2 2 1 5 2 1 4 5 2 3 0 0 0 mult=8748
N=14 hist=0 2 2 2 1 5 2 1 5 1 5 3 0 0 0 mult=2187
N=14 hist=0 2 2 2 1 5 2 1 5 2 2 2 3 0 0 mult=19683
N=14 hist=0 2 2 2 1 5 2 2 1 4 5 3 0 0 0 mult=8748
N=14 hist=0 2 2 2 1 5 2 2 1 5 2 2 3 0 0 mult=19683
N=14 hist=0 2 2 2 1 5 2 2 2 1 5 2 3 0 0 mult=19683
N=14 hist=0 2 2 2 1 5 2 2 2 2 1 5 3 0 0 mult=19683
N=14 hist=0 2 2 2 1 5 2 2 2 2 2 2 2 3 0 mult=177147
N=14 hist=0 2 2 2 2 1 3 7 5 2 3 0 0 0 0 mult=2187
N=14 hist=0 2 2 2 2 1 4 4 4 5 3 0 0 0 0 mult=15552
N=14 hist=0 2 2 2 2 1 4 4 5 2 2 3 0 0 0 mult=34992
N=14 hist=0 2 2 2 2 1 4 5 1 5 2 3 0 0 0 mult=8748
N=14 hist=0 2 2 2 2 1 4 5 2 1 5 3 0 0 0 mult=8748
N=14 hist=0 2 2 2 2 1 4 5 2 2 2 2 3 0 0 mult=78732
N=14 hist=0 2 2 2 2 1 5 1 4 5 2 3 0 0 0 mult=8748
N=14 hist=0 2 2 2 2 1 5 1 5 1 5 3 0 0 0 mult=2187
N=14 hist=0 2 2 2 2 1 5 1 5 2 2 2 3 0 0 mult=19683
N=14 hist=0 2 2 2 2 1 5 2 1 4 5 3 0 0 0 mult=8748
N=14 hist=0 2 2 2 2 1 5 2 1 5 2 2 3 0 0 mult=19683
N=14 hist=0 2 2 2 2 1 5 2 2 1 5 2 3 0 0 mult=19683
N=14 hist=0 2 2 2 2 1 5 2 2 2 1 5 3 0 0 mult=19683
N=14 hist=0 2 2 2 2 1 5 2 2 2 2 2 2 3 0 mult=177147
N=14 hist=0 2 2 2 2 2 1 3 7 5 3 0 0 0 0 mult=2187
N=14 hist=0 2 2 2 2 2 1 4 4 5 2 3 0 0 0 mult=34992
N=14 hist=0 2 2 2 2 2 1 4 5 1 5 3 0 0 0 mult=8748
N=14 hist=0 2 2 2 2 2 1 4 5 2 2 2 3 0 0 mult=78732
N=14 hist=0 2 2 2 2 2 1 5 1 4 5 3 0 0 0 mult=8748
N=14 hist=0 2 2 2 2 2 1 5 1 5 2 2 3 0 0 mult=19683
N=14 hist=0 2 2 2 2 2 1 5 2 1 5 2 3 0 0 mult=19683
N=14 hist=0 2 2 2 2 2 1 5 2 2 1 5 3 0 0 mult=19683
N=14 hist=0 2 2 2 2 2 1 5 2 2 2 2 2 3 0 mult=177147
N=14 hist=0 2 2 2 2 2 2 1 4 4 5 3 0 0 0 mult=34992
N=14 hist=0 2 2 2 2 2 2 1 4 5 2 2 3 0 0 mult=78732
N=14 hist=0 2 2 2 2 2 2 1 5 1 5 2 3 0 0 mult=19683
N=14 hist=0 2 2 2 2 2 2 1 5 2 1 5 3 0 0 mult=19683
N=14 hist=0 2 2 2 2 2 2 1 5 2 2 2 2 3 0 mult=177147
N=14 hist=0 2 2 2 2 2 2 2 1 4 5 2 3 0 0 mult=78732
N=14 hist=0 2 2 2 2 2 2 2 1 5 1 5 3 0 0 mult=19683
N=14 hist=0 2 2 2 2 2 2 2 1 5 2 2 2 3 0 mult=177147
N=14 hist=0 2 2 2 2 2 2 2 2 1 4 5 3 0 0 mult=78732
N=14 hist=0 2 2 2 2 2 2 2 2 1 5 2 2 3 0 mult=177147
N=14 hist=0 2 2 2 2 2 2 2 2 2 1 5 2 3 0 mult=177147
N=14 hist=0 2 2 2 2 2 2 2 2 2 2 1 5 3 0 mult=177147
N=14 hist=0 2 2 2 2 2 2 2 2 2 2 2 2 2 3 mult=1594323
elapsed_total=101.57s
