psi_exact.txt: n=25 first=[1, 101, 20302, 2042402, 204252402, 30445654403, 3054587854503, 407470828064704]
 exact homogeneous recurrences <=12: []
 BM mod M: ('ok', 13, [1, 58842762, 25250129, 40080521, 60551675, 41417057, 67791377, 56663269, 15099963, 88644062, 3703657, 84149804, 7890706, 37212567])
 BM mod 2 : ('ok', 13, [1, 1, 1, 1, 1, 1, 0, 0, 0, 0, 0, 0, 0, 1])
 BM mod 5 : ('ok', 13, [1, 1, 1, 1, 1, 4, 1, 1, 1, 1, 1, 1, 1, 2])
 BM mod 10 : ('nonunit', 4, 8, 2)
 BM mod 100 : ('nonunit', 4, 98, 2)
 BM mod 1000 : ('nonunit', 1, 100, 100)
psi_residues.txt: n=400 first=[1, 101, 20302, 2042402, 2250400, 44353102, 14581260, 65706380]
 exact homogeneous recurrences <=12: []
 BM mod M: ('ok', 200, [1, 15526921, 12392206, 2313631, 64000424, 52149355, 53390729, 27599391, 63884226, 28508326, 53565642, 68456504, 74856809, 17836889, 42987802, 60430954, 9771108, 90131774, 81394298, 10479982, 86377162, 15076653, 57981470, 64483841, 83130636, 44118587, 47534285, 21424510, 95837130, 91020771, 11493239, 6874040, 8893652, 885083, 26302840, 43536379, 83059954, 55354928, 88536241, 34117835, 99479674, 93817227, 94267717, 66025065, 35552171, 20323778, 89511485, 30373236, 57156814, 13874203, 74847997, 45160211, 27215672, 27347324, 60173769, 46268382, 29816028, 16570513, 22142519, 95404347, 16985595, 17898712, 7464727, 783093, 69584056, 18470930, 71718156, 93046720, 17260394, 33827144, 60170477, 48204922, 49673101, 25819460, 46745250, 29756477, 26810996, 94579973, 29063266, 35061934, 78878290, 75650403, 1816714, 30166762, 87684659, 22736624, 4582988, 18871343, 72940506, 97618770, 83772734, 47533442, 91647766, 6374899, 29592014, 86106020, 31563387, 51277876, 2702474, 68302327, 13339720, 32495098, 71719817, 86904510, 2076650, 84281910, 65138613, 23921568, 51270014, 27623240, 39863499, 14854441, 57467083, 73473579, 24970058, 52283284, 13511323, 41556870, 65323584, 97441783, 59567724, 91833238, 39089781, 21291585, 3043410, 11146716, 38887044, 81606762, 40758350, 9855378, 73655363, 8229638, 97877991, 85983508, 36374537, 45982616, 87244855, 39849827, 14692759, 94197851, 26385328, 7233484, 24045814, 97880011, 62253917, 87516474, 98751322, 23806355, 43909682, 11384332, 26491265, 71139656, 69963043, 65289023, 94828494, 38423536, 96775110, 95000583, 24732637, 38741765, 91226034, 43779446, 82728812, 62573200, 26330663, 51951683, 65893320, 57836185, 99538206, 37111837, 52696431, 97209100, 96669170, 18785674, 65506421, 80547404, 46124828, 80635169, 44147866, 45882143, 60003811, 42603108, 45154815, 59095605, 28857025, 40097215, 90874695, 59745426, 28629056, 90110815, 33252788, 14661177, 33596146, 58040517, 74474625, 41667122, 94174412, 22793736, 7721923, 16818466, 76834954])
 BM mod 2 : ('ok', 200, [1, 0, 0, 1, 1, 0, 1, 1, 0, 1, 0, 1, 0, 0, 1, 0, 0, 0, 0, 1, 0, 1, 1, 1, 0, 0, 1, 0, 0, 1, 1, 0, 1, 1, 0, 1, 0, 0, 0, 0, 1, 1, 1, 0, 0, 0, 1, 0, 0, 0, 0, 0, 0, 0, 0, 0, 1, 0, 1, 1, 1, 1, 1, 1, 0, 1, 0, 1, 1, 1, 0, 0, 0, 0, 0, 1, 0, 0, 1, 1, 0, 1, 1, 0, 1, 1, 0, 0, 0, 1, 1, 0, 1, 0, 1, 1, 0, 0, 0, 0, 1, 1, 0, 1, 1, 1, 0, 1, 1, 0, 0, 1, 1, 1, 0, 1, 0, 1, 0, 1, 0, 1, 1, 1, 1, 0, 1, 1, 1, 1, 1, 0, 1, 0, 1, 1, 0, 1, 0, 1, 0, 0, 1, 0, 0, 1, 1, 0, 0, 0, 1, 0, 0, 0, 1, 0, 0, 0, 1, 1, 0, 1, 0, 0, 0, 1, 0, 1, 0, 0, 0, 0, 0, 1, 0, 0, 1, 0, 0, 1, 0, 1, 1, 1, 1, 1, 0, 1, 0, 1, 0, 1, 0, 1, 0, 1, 0, 0, 0, 1, 1])
 BM mod 5 : ('ok', 200, [1, 1, 3, 0, 4, 3, 1, 2, 3, 0, 2, 3, 0, 2, 2, 2, 2, 4, 2, 4, 2, 1, 4, 3, 1, 0, 0, 1, 1, 4, 0, 0, 4, 0, 2, 4, 2, 0, 1, 0, 2, 4, 4, 3, 1, 3, 4, 1, 1, 2, 3, 1, 0, 0, 3, 1, 0, 2, 2, 3, 3, 0, 1, 0, 2, 2, 1, 2, 2, 2, 1, 2, 4, 2, 2, 3, 2, 3, 4, 1, 3, 3, 2, 2, 1, 1, 0, 2, 2, 4, 0, 3, 2, 4, 0, 1, 4, 2, 3, 0, 1, 1, 3, 0, 4, 2, 3, 4, 2, 2, 1, 3, 4, 3, 3, 2, 3, 3, 2, 2, 2, 2, 4, 1, 0, 1, 4, 0, 3, 4, 1, 1, 3, 0, 0, 4, 1, 4, 3, 3, 2, 1, 1, 4, 2, 1, 0, 4, 3, 4, 0, 3, 1, 4, 2, 0, 4, 4, 4, 1, 3, 4, 0, 3, 3, 3, 3, 0, 4, 1, 4, 0, 3, 2, 1, 3, 2, 4, 3, 2, 2, 0, 2, 1, 3, 1, 1, 1, 3, 3, 0, 3, 2, 1, 4, 4, 4, 2, 4, 4, 2])
 BM mod 10 : ('nonunit', 4, 6, 2)
 BM mod 100 : ('nonunit', 4, 96, 4)
 BM mod 1000 : ('nonunit', 1, 100, 100)
c1_terms.txt: n=400 first=[1, 1, 2, 2, 2, 3, 3, 4]
 exact homogeneous recurrences <=12: []
 BM mod M: ('ok', 232, [1, 1, 1, 1, 1, 1, 1, 1, 1, 1, 1, 1, 1, 1, 1, 1, 1, 1, 1, 1, 1, 1, 1, 1, 101000977, 0, 0, 0, 0, 0, 0, 0, 0, 0, 0, 0, 0, 0, 0, 0, 0, 0, 0, 0, 0, 0, 0, 0, 0, 0, 0, 0, 0, 0, 0, 0, 0, 0, 0, 0, 0, 0, 0, 0, 0, 0, 0, 0, 0, 0, 0, 0, 0, 0, 0, 0, 0, 0, 0, 0, 0, 0, 0, 0, 0, 0, 0, 0, 9348870, 71618891, 71618891, 71618891, 71618891, 71618891, 71618891, 71618891, 71618891, 71618891, 71618891, 71618891, 71618891, 71618891, 71618891, 71618891, 71618891, 71618891, 71618891, 71618891, 71618891, 71618891, 71618891, 71618891, 71618891, 71618891, 71618891, 71618891, 71618891, 71618891, 71618891, 71618891, 71618891, 71618891, 71618891, 71618891, 71618891, 71618891, 71618891, 71618891, 71618891, 71618891, 71618891, 71618891, 71618891, 71618891, 71618891, 71618891, 71618891, 71618891, 71618891, 71618891, 71618891, 71618891, 71618891, 71618891, 71618891, 71618891, 71618891, 71618891, 71618891, 71618891, 71618891, 71618891, 71618891, 71618891, 71618891, 71618891, 71618891, 71618891, 71618891, 71618891, 71618891, 71618891, 71618891, 71618891, 71618891, 71618891, 71618891, 71618891, 71618916, 71618892, 71618892, 71618892, 71618892, 71618892, 71618892, 71618892, 71618892, 71618892, 71618892, 71618892, 71618892, 71618892, 71618892, 71618892, 71618892, 71618892, 71618892, 71618892, 71618892, 71618892, 71618892, 71618892, 71618892, 71618892, 71618892, 71618892, 71618892, 71618892, 71618892, 71618892, 71618892, 71618892, 71618892, 71618892, 71618892, 71618892, 71618892, 71618892, 71618892, 71618892, 71618892, 71618892, 71618892, 71618892, 71618892, 71618892, 71618892, 71618892, 71618892, 71618892, 71618892, 71618892, 71618892, 71618892, 71618892, 71618892, 71618892, 71618892, 71618892, 71618892, 71618892, 71618892, 62270022])
 BM mod 2 : ('ok', 232, [1, 1, 1, 1, 1, 1, 1, 1, 1, 1, 1, 1, 1, 1, 1, 1, 1, 1, 1, 1, 1, 1, 1, 1, 0, 0, 0, 0, 0, 0, 0, 0, 0, 0, 0, 0, 0, 0, 0, 0, 0, 0, 0, 0, 0, 0, 0, 0, 0, 0, 0, 0, 0, 0, 0, 0, 0, 0, 0, 0, 0, 0, 0, 0, 0, 0, 0, 0, 0, 0, 0, 0, 0, 0, 0, 0, 0, 0, 0, 0, 0, 0, 0, 0, 0, 0, 0, 0, 0, 0, 0, 0, 0, 0, 0, 0, 0, 0, 0, 0, 0, 0, 0, 0, 0, 0, 0, 0, 0, 0, 0, 0, 0, 0, 0, 0, 0, 0, 0, 0, 0, 0, 0, 0, 0, 0, 0, 0, 0, 0, 0, 0, 0, 0, 0, 0, 0, 0, 0, 0, 0, 0, 0, 0, 0, 0, 0, 0, 0, 0, 0, 0, 0, 0, 0, 0, 0, 0, 0, 0, 0, 0, 0, 0, 0, 0, 0, 0, 1, 1, 1, 1, 1, 1, 1, 1, 1, 1, 1, 1, 1, 1, 1, 1, 1, 1, 1, 1, 1, 1, 1, 1, 1, 1, 1, 1, 1, 1, 1, 1, 1, 1, 1, 1, 1, 1, 1, 1, 1, 1, 1, 1, 1, 1, 1, 1, 1, 1, 1, 1, 1, 1, 1, 1, 1, 1, 1, 1, 1, 1, 1, 1, 1])
 BM mod 5 : ('ok', 234, [1, 4, 0, 0, 0, 0, 0, 0, 0, 0, 0, 0, 0, 0, 0, 0, 0, 0, 0, 0, 0, 0, 0, 0, 0, 0, 0, 0, 0, 0, 0, 0, 0, 0, 0, 0, 0, 0, 0, 0, 0, 0, 0, 0, 0, 0, 0, 0, 0, 0, 0, 0, 0, 0, 0, 0, 0, 0, 0, 0, 0, 0, 0, 0, 0, 0, 0, 0, 0, 0, 0, 0, 0, 0, 0, 0, 0, 0, 0, 0, 0, 0, 0, 0, 0, 0, 0, 0, 0, 0, 0, 0, 0, 0, 0, 0, 0, 0, 0, 0, 0, 0, 0, 0, 0, 0, 0, 0, 0, 0, 0, 0, 0, 0, 0, 0, 0, 0, 0, 0, 0, 0, 0, 0, 0, 0, 0, 0, 0, 0, 0, 0, 0, 0, 0, 0, 0, 0, 0, 0, 0, 0, 0, 0, 0, 0, 0, 0, 0, 0, 0, 0, 0, 0, 0, 0, 0, 0, 0, 0, 0, 0, 0, 0, 0, 0, 0, 0, 0, 0, 0, 0, 0, 0, 0, 0, 0, 0, 0, 0, 0, 0, 0, 0, 0, 0, 0, 0, 0, 0, 0, 0, 0, 0, 0, 0, 0, 0, 0, 0, 0, 0, 0, 0, 0, 0, 0, 0, 0, 0, 0, 0, 0, 0, 0, 0, 0, 0, 0, 0, 0, 0, 0, 0, 0, 0, 0, 0, 0, 0, 0, 0, 0, 4, 1])
 BM mod 10 : ('nonunit', 4, 8, 2)
 BM mod 100 : ('nonunit', 4, 98, 2)
 BM mod 1000 : ('nonunit', 4, 998, 2)
dj_raw.txt: n=1145 first=[1, 1, 3, 2, 1, 5, 3, 8]
 exact homogeneous recurrences <=12: []
 BM mod M: ('ok', 573, [1, 68845095, 70561586, 99688771, 48532177, 89958427, 137438, 41083696, 50259476, 81377223, 51082932, 95933463, 42426452, 9704621, 26228576, 6189130, 49581790, 48087678, 8720300, 68543330, 71077173, 62827884, 50306219, 65977835, 51642300, 31766330, 34801943, 12019171, 98265735, 5033593, 96517445, 10754325, 91330463, 6564661, 99328458, 22004460, 32647988, 70110475, 41806716, 78893130, 10976526, 88429690, 100538186, 44754777, 58542410, 48226208, 17523013, 20293076, 69065815, 46492262, 43469694, 57343387, 87349516, 82370864, 27206214, 35617459, 61053647, 89142914, 97777524, 82774172, 58305597, 82302938, 63372691, 23787231, 43010731, 78638088, 12211943, 70978000, 23478077, 94840847, 7341453, 50313304, 23025065, 20020633, 87709582, 23867941, 81121667, 93471149, 35198554, 37064151, 57093138, 78820186, 82542417, 56395483, 52794538, 68385236, 94238875, 9327920, 22951171, 47707407, 33427641, 95258977, 54277550, 79769448, 100371372, 37795317, 76030620, 2018043, 41323096, 63821763, 31683336, 42942802, 86789148, 62426701, 22243339, 84358370, 84299435, 14473917, 3520506, 18886242, 89520689, 55260584, 87542004, 4360670, 71214362, 82605683, 91435147, 16274063, 97894596, 59217281, 51738261, 7920922, 99553341, 34408583, 61270998, 37509532, 26558099, 62524977, 22824190, 50869721, 25042971, 95235345, 77915485, 58193062, 71282833, 13817363, 66021554, 58695537, 75231394, 46677189, 87710987, 87595528, 33617031, 95460130, 16690791, 30208283, 76805415, 70909022, 32648303, 63311187, 79949368, 1493284, 68853674, 89148962, 28627831, 56732626, 20950906, 25659192, 84387866, 71092839, 84724321, 5248137, 17643795, 2585325, 94820702, 36173613, 19901179, 36113859, 40962650, 34506525, 85765283, 99327712, 91074307, 42950949, 40638662, 55976488, 68218200, 52416999, 99017067, 81908745, 97042718, 87047523, 50466005, 20037474, 83297895, 92399460, 11498903, 22702306, 81469455, 4345639, 85598944, 86728229, 8337815, 97633253, 62039756, 72718387, 11138375, 12161483, 91344292, 96985098, 96508079, 23720074, 13714999, 74825555, 62666452, 27414644, 43957269, 2010127, 68555204, 99661652, 77633275, 75268383, 77705296, 69370138, 63992858, 13984997, 79242622, 53498547, 12577823, 80816078, 86090614, 13102550, 49997390, 68106804, 41662769, 25414422, 64008168, 28594919, 49619297, 16480656, 90868078, 7944866, 100547458, 27862020, 10032694, 68074767, 89644315, 20455708, 68005336, 63179128, 50404972, 42417089, 95388099, 40393190, 64480793, 37710427, 40875312, 54284739, 40273873, 79073964, 83623646, 41839036, 99408316, 61873810, 62229875, 23822365, 79438284, 84906334, 15087198, 28560855, 81957244, 40856821, 78033839, 84086259, 4723015, 32058401, 71024409, 41092084, 44833856, 30540620, 99252283, 54684716, 22868249, 73461004, 19290463, 84049000, 26788796, 33086420, 50318298, 22699932, 76990560, 2877057, 11418334, 21870913, 18803050, 13451197, 48360319, 99284599, 24259609, 14931967, 85601229, 57698226, 4734996, 56866201, 33340321, 69200820, 55809488, 71971033, 94127693, 72815124, 4011212, 27995242, 26417448, 13188165, 72707418, 63253542, 6251337, 25354849, 94785694, 65270328, 23193464, 17989083, 13829183, 24565143, 23550197, 8210191, 9882682, 68964947, 2234192, 37820909, 60103913, 76571961, 67500222, 71858692, 21116926, 43709811, 80888291, 66969067, 47859614, 68004936, 71776721, 48267346, 89739243, 50598598, 20773641, 87030935, 21331152, 930801, 93359946, 75117561, 73345699, 80619536, 6426693, 55941501, 47697834, 28128291, 29406990, 95698454, 5468637, 18446072, 16987073, 14983074, 16729091, 82415880, 76999231, 65644137, 8026058, 16181942, 82403060, 64092598, 57504006, 3603304, 42895546, 51236906, 55324720, 21827522, 66589095, 50880713, 70546574, 74737099, 89157462, 65510534, 39588867, 75311846, 92421463, 57509870, 16502944, 96301394, 77140761, 19457810, 21952671, 24226113, 2292911, 9113090, 10822864, 84752319, 69446471, 142725, 72108265, 32433014, 14030518, 32415313, 77773699, 65899671, 85166500, 72613190, 34936007, 25063964, 49343878, 22555760, 99507789, 72456993, 29724160, 5691848, 79280364, 60500888, 56061997, 7469681, 76801280, 32245770, 64321094, 55559674, 11094708, 64201472, 70486061, 30571778, 77374867, 672731, 30115312, 98779448, 43805330, 41956201, 100590287, 297674, 42820114, 94652860, 98747449, 75318926, 70635697, 76002178, 69620548, 66455259, 40501216, 9007761, 14861649, 52273206, 8201270, 33976526, 40975072, 18063656, 89764275, 47716580, 2670537, 73167840, 94580004, 19858234, 18502422, 56974771, 30886162, 98099350, 44121864, 84170220, 92371472, 91851461, 90590827, 44797758, 65414831, 43108793, 58788052, 62492278, 67821918, 28357719, 13798415, 56897412, 38592207, 39478133, 84787956, 58377334, 27866837, 419364, 14957921, 56404124, 70966110, 32588946, 30252230, 65736281, 81936468, 32430123, 98720339, 77821944, 51891945, 54013774, 65741590, 89735258, 91487928, 91205711, 91555075, 86233579, 49663309, 95197520, 35603308, 98476936, 67929544, 21419362, 2312965, 26466461, 15548, 64345539, 8445555, 75214441, 76151950, 41095792, 84334842, 14324159, 27824960, 37448057, 48001276, 22433140, 78844625, 22578005, 13018734, 3192671, 84333618, 2128107, 84489967, 77095333, 45951319, 64535502, 71166417, 98713700, 6100377, 45382403, 18961922, 23135098, 26765091, 72575327, 43952413, 88094935, 93167107, 95260463, 70208625, 84048330, 89265779, 82165358, 49631723, 75430054, 69380903, 26901060, 100958220, 98498707, 53134899, 83222261, 79163017, 53199863, 3877737, 39010889, 100862296, 45368453, 22627978, 53798249, 21604093, 36191636, 17186042, 8576654, 70479300, 48940469, 15373540, 1836405, 86419172, 75146479, 79991035, 53816244, 47980115, 5889557, 94599048, 79375091, 89223106, 27341262, 34819937, 21316205, 90595755, 94671663, 66207052, 64480292])
 BM mod 2 : ('ok', 608, [1, 0, 1, 0, 1, 0, 1, 0, 1, 0, 1, 0, 1, 0, 1, 0, 1, 0, 1, 0, 1, 0, 1, 0, 1, 0, 1, 0, 1, 0, 1, 0, 1, 0, 1, 0, 1, 0, 1, 0, 1, 0, 1, 0, 1, 0, 1, 0, 1, 0, 1, 0, 1, 0, 1, 0, 1, 0, 1, 0, 1, 0, 1, 0, 1, 0, 1, 0, 1, 0, 1, 0, 1, 0, 1, 0, 1, 0, 1, 0, 1, 0, 1, 0, 1, 0, 1, 0, 1, 0, 1, 0, 1, 0, 1, 0, 1, 0, 1, 0, 1, 0, 1, 0, 1, 0, 1, 0, 1, 0, 1, 0, 1, 0, 1, 0, 1, 0, 1, 0, 1, 0, 1, 0, 1, 0, 1, 0, 1, 0, 1, 0, 1, 0, 1, 0, 1, 0, 1, 0, 1, 0, 1, 0, 1, 0, 1, 0, 1, 0, 1, 0, 1, 0, 1, 0, 1, 0, 1, 0, 1, 0, 1, 0, 1, 0, 1, 0, 1, 0, 1, 0, 1, 0, 1, 0, 1, 0, 1, 0, 1, 0, 1, 0, 1, 0, 1, 0, 1, 0, 1, 0, 1, 0, 1, 0, 1, 0, 1, 0, 1, 0, 1, 0, 1, 0, 1, 0, 1, 0, 1, 0, 1, 0, 1, 0, 1, 0, 1, 0, 1, 0, 1, 0, 1, 0, 1, 0, 1, 0, 1, 0, 1, 0, 1, 0, 1, 0, 1, 0, 1, 0, 1, 0, 1, 0, 1, 0, 1, 0, 1, 0, 1, 0, 1, 0, 1, 0, 1, 0, 1, 0, 1, 0, 1, 0, 1, 0, 1, 0, 1, 0, 1, 0, 1, 0, 1, 0, 1, 0, 1, 0, 1, 0, 1, 0, 1, 0, 1, 0, 1, 0, 1, 0, 1, 0, 1, 0, 1, 0, 1, 0, 1, 0, 1, 0, 1, 0, 1, 0, 1, 0, 1, 0, 1, 0, 1, 0, 1, 0, 1, 0, 1, 0, 1, 0, 1, 0, 1, 0, 1, 0, 1, 0, 1, 0, 1, 0, 1, 0, 1, 0, 1, 0, 1, 0, 1, 0, 1, 0, 1, 0, 1, 0, 1, 0, 1, 0, 1, 0, 1, 0, 1, 0, 1, 0, 1, 0, 1, 0, 1, 0, 1, 0, 1, 0, 1, 0, 1, 0, 1, 0, 1, 0, 1, 0, 1, 0, 1, 0, 1, 0, 0, 0, 0, 0, 0, 0, 0, 0, 0, 0, 0, 0, 0, 0, 0, 0, 0, 0, 0, 0, 0, 0, 0, 0, 0, 0, 0, 0, 0, 0, 0, 0, 0, 0, 0, 0, 0, 0, 0, 0, 1, 0, 1, 0, 1, 0, 1, 0, 1, 0, 1, 0, 1, 0, 1, 0, 1, 0, 1, 0, 1, 0, 1, 0, 1, 0, 1, 0, 1, 0, 1, 1, 0, 0, 0, 0, 0, 0, 0, 0, 0, 0, 0, 0, 0, 0, 0, 0, 0, 0, 0, 0, 0, 0, 0, 0, 0, 0, 0, 0, 0, 0, 0, 0, 0, 0, 0, 0, 0, 0, 0, 0, 0, 0, 0, 0, 0, 0, 0, 0, 0, 0, 0, 0, 0, 0, 0, 0, 0, 0, 0, 0, 0, 0, 0, 0, 0, 0, 0, 0, 0, 0, 0, 0, 1, 0, 1, 0, 1, 0, 1, 0, 1, 0, 1, 0, 1, 0, 1, 0, 1, 0, 1, 0, 1, 0, 1, 0, 1, 0, 1, 0, 1, 0, 1, 0, 1, 0, 1, 0, 1, 0, 1, 0, 0, 0, 0, 0, 0, 0, 0, 0, 0, 0, 0, 0, 0, 0, 0, 0, 0, 0, 0, 0, 0, 0, 0, 0, 0, 0, 0, 0, 0, 0, 0, 1, 1])
 BM mod 5 : ('ok', 573, [1, 1, 1, 3, 0, 4, 1, 3, 4, 0, 1, 2, 3, 4, 0, 0, 2, 3, 4, 0, 3, 2, 1, 3, 0, 4, 1, 3, 4, 0, 2, 3, 4, 2, 0, 1, 4, 2, 1, 0, 3, 2, 1, 3, 0, 4, 1, 3, 4, 0, 2, 3, 4, 2, 0, 0, 3, 1, 3, 0, 0, 2, 4, 2, 0, 0, 3, 1, 3, 0, 0, 2, 4, 2, 0, 0, 3, 1, 3, 0, 0, 2, 4, 2, 0, 0, 3, 1, 3, 4, 1, 3, 0, 2, 3, 1, 4, 1, 1, 2, 0, 1, 1, 3, 0, 1, 4, 4, 4, 2, 1, 3, 4, 2, 1, 3, 4, 2, 1, 3, 4, 2, 1, 3, 4, 2, 1, 3, 4, 2, 1, 3, 4, 2, 1, 3, 4, 2, 1, 3, 4, 2, 1, 3, 0, 1, 0, 2, 4, 3, 1, 3, 0, 4, 4, 2, 4, 3, 3, 1, 4, 3, 3, 4, 2, 1, 2, 4, 1, 0, 3, 0, 2, 1, 3, 1, 3, 3, 1, 2, 1, 2, 3, 2, 2, 3, 3, 0, 4, 1, 3, 0, 2, 3, 4, 4, 1, 2, 3, 2, 3, 2, 3, 2, 3, 2, 3, 2, 3, 2, 3, 2, 3, 2, 3, 2, 3, 2, 3, 2, 3, 2, 3, 2, 3, 2, 3, 2, 3, 2, 3, 2, 3, 1, 1, 1, 4, 0, 1, 0, 0, 0, 2, 2, 4, 4, 1, 1, 4, 4, 4, 1, 1, 1, 1, 4, 1, 3, 3, 3, 2, 3, 4, 4, 4, 1, 4, 2, 2, 2, 3, 2, 1, 1, 1, 4, 1, 3, 3, 3, 2, 3, 4, 4, 4, 1, 4, 2, 3, 4, 4, 1, 3, 2, 1, 1, 4, 2, 3, 4, 4, 1, 3, 2, 1, 1, 4, 2, 3, 4, 4, 1, 3, 2, 1, 1, 4, 2, 3, 4, 4, 1, 4, 2, 3, 1, 2, 1, 2, 2, 4, 3, 3, 3, 1, 1, 4, 0, 4, 0, 3, 0, 0, 0, 0, 0, 0, 0, 0, 0, 0, 0, 0, 0, 0, 0, 0, 0, 0, 0, 0, 0, 0, 0, 0, 0, 0, 0, 0, 0, 0, 0, 0, 0, 0, 0, 0, 4, 0, 3, 0, 2, 2, 1, 4, 0, 1, 2, 3, 4, 0, 1, 3, 2, 1, 1, 4, 4, 2, 3, 0, 2, 2, 1, 4, 0, 1, 1, 3, 2, 0, 3, 3, 4, 1, 0, 4, 4, 2, 3, 0, 2, 2, 1, 4, 0, 1, 1, 3, 2, 0, 3, 4, 4, 3, 0, 2, 1, 1, 2, 0, 3, 4, 4, 3, 0, 2, 1, 1, 2, 0, 3, 4, 4, 3, 0, 2, 1, 1, 2, 0, 3, 4, 4, 3, 0, 3, 4, 3, 1, 1, 3, 0, 0, 0, 3, 1, 1, 2, 4, 3, 1, 2, 1, 0, 2, 0, 2, 2, 4, 1, 0, 1, 1, 2, 3, 0, 3, 3, 1, 4, 0, 4, 4, 3, 2, 0, 2, 2, 4, 1, 0, 1, 1, 2, 3, 0, 3, 3, 1, 4, 4, 1, 2, 4, 1, 1, 4, 3, 1, 4, 4, 1, 2, 4, 1, 2, 4, 2, 3, 2, 4, 2, 0, 2, 4, 4, 2, 1, 4, 2, 3, 3, 0, 2, 2, 3, 2, 0, 4, 3, 2, 0, 1, 2, 0, 4, 2, 1, 4, 1, 2, 1, 0])
 BM mod 10 : ('nonunit', 2, 2, 2)
 BM mod 100 : ('nonunit', 2, 2, 2)
 BM mod 1000 : ('nonunit', 2, 2, 2)
ext_recurrence.txt: n=40 first=[0, 10, 110, 110, 20210, 120210, 1130220, 31130220]
 exact homogeneous recurrences <=12: []
 BM mod M: ('ok', 20, [1, 54550461, 45877134, 56112324, 74654271, 26800238, 45784376, 50006090, 80948807, 8913233, 38644510, 33775289, 56048140, 24353101, 99874868, 31158966, 73304482, 67832046, 35489192, 96703248, 26594606])
 BM mod 2 : ('ok', 0, [1])
 BM mod 5 : ('ok', 0, [1])
 BM mod 10 : ('ok', 0, [1])
 BM mod 100 : ('nonunit', 1, 10, 10)
 BM mod 1000 : ('nonunit', 1, 10, 10)
extrecur_res.txt: n=400 first=[0, 10, 110, 110, 20210, 120210, 1130220, 31130220]
 exact homogeneous recurrences <=12: []
 BM mod M: ('ok', 200, [1, 52773332, 62566810, 60272799, 36445687, 100690647, 18157920, 97307335, 31953034, 50730616, 7533579, 97555053, 37094693, 11326978, 51505471, 25692120, 56465155, 73316391, 7530627, 41637272, 81926330, 98841047, 83442648, 82925739, 97830223, 96373381, 1322412, 49296641, 10751643, 84862603, 46609249, 46730019, 89367556, 100675548, 48330858, 89003398, 83717094, 50875574, 88841622, 68957930, 68534420, 75007459, 53296029, 93137140, 77371530, 92333881, 53089259, 55546040, 13297818, 8894537, 19265340, 81517745, 87342428, 92175892, 100801546, 56301194, 45339042, 30087494, 32617335, 65114691, 10711921, 36722523, 98401617, 32321241, 40438677, 53787375, 51956155, 2899107, 27717651, 70963476, 26797699, 57277274, 46540919, 29854173, 32273002, 12658520, 4935500, 72633823, 48618124, 85257397, 6966577, 78899076, 46900640, 99842983, 76512653, 36583213, 34031003, 22620331, 52302739, 65914612, 65340639, 83474662, 8381078, 63662587, 50566751, 22373444, 39168167, 90328816, 51962484, 8262595, 55182649, 91909380, 72533824, 47633345, 38557562, 99826245, 52727917, 3783438, 51129818, 89557828, 30416004, 100806644, 86975450, 31279350, 75005446, 97732025, 33318827, 84452144, 84961968, 53666572, 50703058, 38032184, 77292604, 27542917, 50156983, 58091740, 68394459, 35981134, 20539991, 79321286, 62376015, 63773744, 69917475, 12977158, 54280778, 72416771, 96867404, 55777263, 54266762, 2539871, 28902446, 68360854, 30066633, 62811591, 66291466, 1641514, 76678087, 86480749, 90124903, 58480977, 11911970, 54533538, 2493305, 35593775, 65399397, 99555849, 9899838, 74416819, 51254933, 35087595, 35638921, 51044735, 83063647, 81045081, 54824419, 97515873, 40428751, 26689474, 58387482, 77344656, 74346281, 23594049, 76967929, 95095899, 20140986, 70917911, 46688549, 70014211, 44514216, 71275543, 40882041, 34533301, 71386447, 29959103, 20213444, 81321599, 30599961, 90229535, 62445827, 66792259, 34641167, 65831226, 32311321, 59707734, 25150029, 71639989, 17767683, 93132566, 91822491, 54235413, 58205008])
 BM mod 2 : ('ok', 200, [1, 1, 0, 0, 1, 0, 0, 1, 0, 1, 1, 0, 0, 0, 0, 1, 0, 1, 0, 0, 0, 0, 1, 0, 1, 0, 0, 1, 1, 1, 1, 1, 1, 1, 1, 1, 1, 0, 1, 0, 1, 0, 0, 0, 0, 0, 0, 1, 0, 1, 1, 0, 0, 1, 0, 1, 1, 1, 0, 1, 1, 0, 0, 0, 1, 1, 0, 1, 0, 0, 1, 0, 1, 1, 1, 1, 1, 1, 1, 0, 1, 1, 1, 1, 0, 0, 1, 1, 0, 0, 1, 1, 1, 0, 0, 1, 0, 0, 1, 1, 0, 1, 1, 1, 0, 0, 0, 1, 0, 0, 0, 0, 1, 0, 0, 0, 1, 1, 0, 1, 1, 1, 0, 0, 1, 1, 1, 0, 1, 0, 0, 1, 0, 1, 1, 1, 1, 0, 0, 0, 1, 0, 1, 1, 1, 0, 0, 0, 0, 0, 1, 0, 1, 1, 1, 0, 1, 1, 1, 1, 0, 0, 0, 1, 0, 0, 0, 0, 0, 1, 0, 0, 1, 1, 1, 1, 1, 0, 1, 1, 0, 0, 0, 0, 1, 0, 1, 1, 1, 0, 1, 1, 1, 1, 1, 1, 1, 1, 1, 1, 1])
 BM mod 5 : ('ok', 200, [1, 4, 0, 2, 0, 2, 1, 2, 3, 0, 3, 3, 0, 0, 0, 4, 1, 1, 2, 0, 0, 4, 4, 0, 1, 0, 4, 3, 1, 3, 0, 2, 2, 3, 3, 1, 1, 4, 3, 4, 0, 0, 1, 3, 1, 2, 0, 1, 3, 2, 4, 4, 3, 3, 1, 3, 0, 1, 2, 2, 0, 0, 3, 1, 0, 2, 4, 0, 0, 4, 0, 3, 1, 4, 4, 2, 3, 1, 1, 4, 2, 4, 2, 0, 4, 1, 2, 4, 4, 2, 2, 1, 1, 4, 0, 0, 0, 4, 0, 3, 1, 1, 1, 3, 4, 3, 4, 4, 3, 4, 0, 4, 4, 4, 4, 2, 4, 0, 0, 0, 0, 1, 2, 1, 2, 4, 4, 1, 1, 2, 3, 0, 2, 2, 1, 0, 0, 2, 2, 3, 0, 2, 0, 0, 3, 0, 4, 1, 1, 2, 1, 2, 2, 1, 4, 2, 1, 4, 1, 3, 0, 1, 4, 4, 3, 4, 0, 2, 0, 2, 3, 3, 1, 3, 1, 0, 0, 0, 1, 3, 1, 3, 0, 0, 3, 4, 2, 2, 2, 0, 1, 4, 1, 0, 4, 2, 0, 0, 1, 2, 4])
 BM mod 10 : ('nonunit', 10, 2, 2)
 BM mod 100 : ('nonunit', 1, 10, 10)
 BM mod 1000 : ('nonunit', 1, 10, 10)
lmin.txt: n=400 first=[2, 4, 7, 8, 12, 13, 14, 20]
 exact homogeneous recurrences <=12: []
 BM mod M: ('ok', 200, [1, 59929114, 81175875, 21975821, 36894798, 4586905, 94798972, 53174977, 85186295, 99422350, 69914868, 93151223, 31409754, 47825178, 74197689, 25848077, 25668976, 96963126, 49939496, 42914631, 57217552, 43877240, 63635074, 0, 72490935, 48590364, 59926783, 40845089, 94304228, 40490024, 18170508, 20061136, 59735738, 27564254, 6895795, 10603702, 18640410, 26148689, 62965336, 65525372, 67465328, 48455720, 48551537, 47767732, 4308267, 44258367, 76561759, 52798735, 63035757, 41864017, 73401911, 50941415, 52699069, 69608126, 18588515, 74759673, 71568878, 19086172, 68706776, 80699119, 71676984, 99337660, 49309520, 69759092, 60620843, 72309202, 100169071, 36344791, 55566590, 25171147, 87542330, 1739349, 72618048, 3605339, 48916929, 67424044, 83814479, 56219305, 929721, 17232233, 40993746, 94229388, 37642392, 76403071, 73795469, 26660143, 16864850, 20464969, 52879223, 57997917, 49306930, 3547566, 78134309, 67927828, 46361086, 32972851, 24248431, 28076244, 26807905, 11574044, 2765296, 95438458, 86367674, 79060073, 81527985, 38906558, 55816465, 10914741, 78677070, 31009318, 46401769, 72380042, 31816288, 31816288, 31816288, 31816288, 31816288, 31816288, 31816288, 31816288, 31816288, 31816288, 31816288, 31816288, 31816288, 31816288, 31816288, 31816288, 31816288, 31816288, 31816288, 31816288, 31816288, 31816288, 31816288, 31816288, 31816288, 31816288, 31816288, 31816288, 31816288, 31816288, 31816288, 31816288, 77407016, 54084945, 3574401, 39043335, 60494331, 19484650, 43955703, 25033951, 100891903, 82766946, 78608399, 88004207, 77786187, 51225119, 52740869, 66444810, 46394126, 47467940, 12734243, 23399469, 62680778, 22543310, 64921996, 31816288, 44023842, 44162900, 80591840, 55259529, 64040712, 19461517, 88916359, 96821024, 53546303, 53303533, 68853298, 73836378, 10558033, 29464012, 2853846, 21860552, 33308831, 61042859, 57119229, 59171373, 16863698, 86723347, 62747794, 95581602, 92652181, 10355008, 21438541, 26989130, 70133200, 86462815, 84149177, 91020133, 10403219])
 BM mod 2 : ('ok', 232, [1, 1, 1, 1, 1, 1, 1, 1, 1, 1, 1, 1, 1, 1, 1, 1, 1, 1, 1, 1, 1, 1, 1, 1, 0, 0, 0, 0, 0, 0, 0, 0, 0, 0, 0, 0, 0, 0, 0, 0, 0, 0, 0, 0, 0, 0, 0, 0, 0, 0, 0, 0, 0, 0, 0, 0, 0, 0, 0, 0, 0, 0, 0, 0, 0, 0, 0, 0, 0, 0, 0, 0, 0, 0, 0, 0, 0, 0, 0, 0, 0, 0, 0, 0, 0, 0, 0, 0, 0, 0, 0, 1, 1, 1, 0, 0, 0, 1, 1, 1, 1, 1, 1, 1, 1, 1, 1, 1, 1, 1, 0, 0, 0, 0, 0, 0, 0, 0, 0, 0, 0, 0, 0, 0, 0, 0, 0, 0, 0, 0, 0, 0, 0, 0, 0, 0, 0, 0, 0, 0, 0, 0, 0, 0, 0, 0, 0, 0, 0, 0, 0, 0, 0, 0, 0, 0, 0, 0, 0, 0, 0, 0, 0, 0, 0, 0, 0, 0, 0, 0, 0, 0, 0, 0, 0, 0, 0, 0, 1, 1, 1, 1, 1, 1, 1, 1, 1, 1, 1, 1, 1, 1, 1, 1, 1, 1, 1, 1, 1, 1, 1, 1, 1, 1, 1, 1, 1, 1, 1, 1, 1, 1, 1, 1, 1, 1, 1, 1, 1, 1, 1, 1, 1, 1, 1, 1, 1, 1, 1, 1, 1, 1, 1])
 BM mod 5 : ('ok', 200, [1, 3, 0, 0, 0, 0, 0, 0, 0, 0, 0, 0, 0, 0, 0, 0, 0, 0, 0, 0, 0, 0, 0, 0, 0, 0, 0, 0, 0, 0, 0, 0, 0, 0, 0, 0, 0, 0, 0, 0, 0, 0, 0, 0, 0, 0, 0, 0, 0, 0, 0, 0, 0, 0, 0, 2, 1, 0, 0, 0, 0, 0, 0, 0, 0, 0, 0, 0, 0, 0, 0, 0, 0, 0, 0, 0, 0, 0, 0, 2, 3, 0, 1, 2, 3, 0, 2, 2, 2, 0, 1, 2, 2, 2, 2, 2, 2, 0, 1, 2, 2, 2, 2, 2, 2, 2, 2, 2, 2, 2, 1, 4, 2, 2, 2, 2, 2, 2, 2, 2, 2, 2, 2, 2, 2, 2, 2, 2, 2, 2, 2, 2, 2, 2, 2, 2, 2, 2, 2, 2, 2, 2, 2, 2, 0, 1, 2, 2, 2, 2, 2, 2, 2, 2, 2, 2, 2, 2, 2, 2, 2, 2, 2, 2, 2, 2, 2, 2, 0, 4, 2, 1, 0, 4, 2, 0, 0, 0, 2, 1, 0, 0, 0, 0, 0, 0, 2, 1, 0, 0, 0, 0, 0, 0, 0, 0, 0, 0, 0, 1, 3])
 BM mod 10 : ('nonunit', 0, 2, 2)
 BM mod 100 : ('nonunit', 0, 2, 2)
 BM mod 1000 : ('nonunit', 0, 2, 2)
counts.txt: n=0 first=[]
 exact homogeneous recurrences <=12: []
 BM mod M: ('ok', 0, [1])
 BM mod 2 : ('ok', 0, [1])
 BM mod 5 : ('ok', 0, [1])
 BM mod 10 : ('ok', 0, [1])
 BM mod 100 : ('ok', 0, [1])
 BM mod 1000 : ('ok', 0, [1])
