n=1: 2 UC families, 1 distinct profiles:
   [1]  (x2)
   claim C: families with a degree-1 element but NO abundant element = 0

n=2: 12 UC families, 4 distinct profiles:
   [1]  (x4)
   [1, 1]  (x2)
   [2, 1]  (x4)
   [2, 2]  (x2)
   claim C: families with a degree-1 element but NO abundant element = 0

n=3: 120 UC families, 18 distinct profiles:
   [1]  (x6)
   [1, 1]  (x6)
   [1, 1, 1]  (x2)
   [2, 1]  (x12)
   [2, 1, 1]  (x6)
   [2, 2]  (x6)
   [2, 2, 1]  (x6)
   [2, 2, 2]  (x6)
   [3, 2, 1]  (x12)
   [3, 2, 2]  (x6)
   [3, 3, 1]  (x6)
   [3, 3, 2]  (x12)
   [4, 2, 2]  (x6)
   [3, 3, 3]  (x2)
   [4, 3, 2]  (x12)
   [4, 3, 3]  (x6)
   [4, 4, 3]  (x6)
   [4, 4, 4]  (x2)
   claim C: families with a degree-1 element but NO abundant element = 0

n=4: 4958 UC families, 138 distinct profiles:
   [1]  (x8)
   [1, 1]  (x12)
   [1, 1, 1]  (x8)
   [2, 1]  (x24)
   [1, 1, 1, 1]  (x2)
   [2, 1, 1]  (x24)
   [2, 2]  (x12)
   [2, 1, 1, 1]  (x8)
   [2, 2, 1]  (x24)
   [2, 2, 1, 1]  (x12)
   [2, 2, 2]  (x24)
   [3, 2, 1]  (x48)
   [2, 2, 2, 1]  (x8)
   [3, 2, 1, 1]  (x24)
   [3, 2, 2]  (x24)
   [3, 3, 1]  (x24)
   [2, 2, 2, 2]  (x14)
   [3, 2, 2, 1]  (x24)
   [3, 3, 1, 1]  (x12)
   [3, 3, 2]  (x48)
   [4, 2, 2]  (x24)
   [3, 2, 2, 2]  (x24)
   [3, 3, 2, 1]  (x24)
   [3, 3, 3]  (x8)
   [4, 3, 2]  (x48)
   [3, 3, 2, 2]  (x36)
   [3, 3, 3, 1]  (x24)
   [4, 2, 2, 2]  (x24)
   [4, 3, 2, 1]  (x48)
   [4, 3, 3]  (x24)
   [3, 3, 3, 2]  (x48)
   [4, 3, 2, 2]  (x48)
   [4, 3, 3, 1]  (x24)
   [4, 4, 2, 1]  (x24)
   [4, 4, 3]  (x24)
   [3, 3, 3, 3]  (x12)
   [4, 3, 3, 2]  (x72)
   [4, 4, 2, 2]  (x12)
   [4, 4, 3, 1]  (x48)
   [4, 4, 4]  (x8)
   [5, 3, 3, 1]  (x24)
   [4, 3, 3, 3]  (x32)
   [4, 4, 3, 2]  (x120)
   [4, 4, 4, 1]  (x8)
   [5, 3, 3, 2]  (x48)
   [5, 4, 2, 2]  (x24)
   [5, 4, 3, 1]  (x48)
   [4, 4, 3, 3]  (x72)
   [4, 4, 4, 2]  (x24)
   [5, 3, 3, 3]  (x8)
   [5, 4, 3, 2]  (x96)
   [5, 4, 4, 1]  (x24)
   [5, 5, 2, 2]  (x12)
   [4, 4, 4, 3]  (x48)
   [5, 4, 3, 3]  (x72)
   [5, 4, 4, 2]  (x120)
   [5, 5, 3, 2]  (x48)
   [5, 5, 4, 1]  (x24)
   [6, 4, 3, 2]  (x48)
   [4, 4, 4, 4]  (x14)
   [5, 4, 4, 3]  (x120)
   [5, 5, 3, 3]  (x48)
   [5, 5, 4, 2]  (x72)
   [5, 5, 5, 1]  (x8)
   [6, 4, 3, 3]  (x24)
   [6, 4, 4, 2]  (x48)
   [6, 5, 3, 2]  (x48)
   [5, 4, 4, 4]  (x32)
   [5, 5, 4, 3]  (x72)
   [5, 5, 5, 2]  (x24)
   [6, 4, 4, 3]  (x24)
   [6, 5, 3, 3]  (x72)
   [6, 5, 4, 2]  (x48)
   [5, 5, 4, 4]  (x60)
   [5, 5, 5, 3]  (x48)
   [6, 4, 4, 4]  (x48)
   [6, 5, 4, 3]  (x144)
   [6, 5, 5, 2]  (x48)
   [6, 6, 3, 3]  (x24)
   [6, 6, 4, 2]  (x24)
   [7, 4, 4, 3]  (x24)
   [5, 5, 5, 4]  (x48)
   [6, 5, 4, 4]  (x72)
   [6, 5, 5, 3]  (x72)
   [6, 6, 4, 3]  (x48)
   [6, 6, 5, 2]  (x24)
   [7, 4, 4, 4]  (x8)
   [7, 5, 4, 3]  (x48)
   [5, 5, 5, 5]  (x6)
   [6, 5, 5, 4]  (x72)
   [6, 6, 4, 4]  (x60)
   [6, 6, 5, 3]  (x48)
   [7, 5, 4, 4]  (x72)
   [7, 5, 5, 3]  (x24)
   [8, 4, 4, 4]  (x8)
   [6, 5, 5, 5]  (x48)
   [6, 6, 5, 4]  (x96)
   [6, 6, 6, 3]  (x24)
   [7, 5, 5, 4]  (x48)
   [7, 6, 4, 4]  (x48)
   [7, 6, 5, 3]  (x48)
   [8, 5, 4, 4]  (x24)
   [6, 6, 5, 5]  (x36)
   [6, 6, 6, 4]  (x8)
   [7, 5, 5, 5]  (x8)
   [7, 6, 5, 4]  (x96)
   [7, 6, 6, 3]  (x24)
   [8, 5, 5, 4]  (x24)
   [6, 6, 6, 5]  (x56)
   [7, 6, 5, 5]  (x72)
   [7, 6, 6, 4]  (x48)
   [8, 5, 5, 5]  (x8)
   [8, 6, 5, 4]  (x48)
   [6, 6, 6, 6]  (x6)
   [7, 6, 6, 5]  (x72)
   [7, 7, 5, 5]  (x24)
   [7, 7, 6, 4]  (x24)
   [8, 6, 5, 5]  (x24)
   [8, 6, 6, 4]  (x24)
   [7, 6, 6, 6]  (x48)
   [7, 7, 6, 5]  (x48)
   [7, 7, 7, 4]  (x8)
   [8, 6, 6, 5]  (x24)
   [7, 7, 6, 6]  (x36)
   [7, 7, 7, 5]  (x24)
   [8, 6, 6, 6]  (x24)
   [8, 7, 6, 5]  (x48)
   [7, 7, 7, 6]  (x24)
   [8, 7, 6, 6]  (x24)
   [8, 7, 7, 5]  (x24)
   [7, 7, 7, 7]  (x2)
   [8, 7, 7, 6]  (x48)
   [8, 8, 6, 6]  (x12)
   [8, 7, 7, 7]  (x8)
   [8, 8, 7, 6]  (x24)
   [8, 8, 7, 7]  (x12)
   [8, 8, 8, 7]  (x8)
   [8, 8, 8, 8]  (x2)
   claim C: families with a degree-1 element but NO abundant element = 0

