REGULAR abundance profiles over nonempty UC families, n=1..5
oracle: profile_count_cascade (validated vs A121921 all levels)
range : n=1..5 ALL nonempty UC families; exact integer counts
n=1: UC families=2  REG=1 (2^1-1=1, match=True)  FULLREG=1
n=2: UC families=12  REG=3 (2^2-1=3, match=True)  FULLREG=2
n=3: UC families=120  REG=7 (2^3-1=7, match=True)  FULLREG=4
n=4: UC families=4958  REG=15 (2^4-1=15, match=True)  FULLREG=8
n=5: UC families=2771102  REG=31 (2^5-1=31, match=True)  FULLREG=16
  regular profiles at n=5 (sorted): [(1,), (1, 1), (2, 2), (1, 1, 1), (2, 2, 2), (3, 3, 3), (4, 4, 4), (1, 1, 1, 1), (2, 2, 2, 2), (3, 3, 3, 3), (4, 4, 4, 4), (5, 5, 5, 5), (6, 6, 6, 6), (7, 7, 7, 7), (8, 8, 8, 8), (1, 1, 1, 1, 1), (2, 2, 2, 2, 2), (3, 3, 3, 3, 3), (4, 4, 4, 4, 4), (5, 5, 5, 5, 5), (6, 6, 6, 6, 6), (7, 7, 7, 7, 7), (8, 8, 8, 8, 8), (9, 9, 9, 9, 9), (10, 10, 10, 10, 10), (11, 11, 11, 11, 11), (12, 12, 12, 12, 12), (13, 13, 13, 13, 13), (14, 14, 14, 14, 14), (15, 15, 15, 15, 15), (16, 16, 16, 16, 16)]

n=5: regular profile -> # families realizing it:
   (1,) x10
   (1, 1) x20
   (2, 2) x20
   (1, 1, 1) x20
   (2, 2, 2) x60
   (3, 3, 3) x20
   (4, 4, 4) x20
   (1, 1, 1, 1) x10
   (2, 2, 2, 2) x70
   (3, 3, 3, 3) x60
   (4, 4, 4, 4) x70
   (5, 5, 5, 5) x30
   (6, 6, 6, 6) x30
   (7, 7, 7, 7) x10
   (8, 8, 8, 8) x10
   (1, 1, 1, 1, 1) x2
   (2, 2, 2, 2, 2) x30
   (3, 3, 3, 3, 3) x50
   (4, 4, 4, 4, 4) x70
   (5, 5, 5, 5, 5) x62
   (6, 6, 6, 6, 6) x80
   (7, 7, 7, 7, 7) x170
   (8, 8, 8, 8, 8) x284
   (9, 9, 9, 9, 9) x400
   (10, 10, 10, 10, 10) x554
   (11, 11, 11, 11, 11) x182
   (12, 12, 12, 12, 12) x210
   (13, 13, 13, 13, 13) x44
   (14, 14, 14, 14, 14) x60
   (15, 15, 15, 15, 15) x2
   (16, 16, 16, 16, 16) x2
