per-n kernel member counts loaded: {8: 1, 9: 4, 10: 16, 11: 228}

=== chromatic-number distribution of kernel members ===
n=8: total=1  chi=3:0  chi=4:1  other:0
n=9: total=4  chi=3:3  chi=4:1  other:0
n=10: total=16  chi=3:0  chi=4:16  other:0
n=11: total=228  chi=3:30  chi=4:198  other:0

4-chromatic kernel members per n: {8: 1, 9: 1, 10: 16, 11: 198}

=== is the Moser spindle a kernel member? (soundness check) ===
min degree: 3
Moser neighbourhood-maxdeg<=2: True
Moser contains K4: True
Moser is K2,3 (has pair sharing >=3 neighbours): False
Moser chromatic number: 4 (known chi=4)

=== edge counts of 4-chromatic n=11 kernel members ===
  edges= 24 [(0, 4), (0, 5), (0, 6), (0, 9), (1, 5), (1, 6), (1, 8), (1, 10), (2, 5), (2, 7), (2, 8), (2, 9), (3, 6), (3, 7), (3, 9), (3, 10), (4, 7), (4, 8), (4, 10), (5, 8), (6, 9), (6, 10), (7, 9), (8, 10)]
  edges= 24 [(0, 4), (0, 5), (0, 6), (0, 10), (1, 5), (1, 6), (1, 8), (1, 9), (2, 5), (2, 7), (2, 9), (2, 10), (3, 6), (3, 7), (3, 8), (3, 10), (4, 7), (4, 8), (4, 9), (5, 8), (5, 10), (6, 9), (7, 9), (7, 10)]
  edges= 24 [(0, 3), (0, 6), (0, 8), (0, 10), (1, 4), (1, 6), (1, 9), (1, 10), (2, 5), (2, 6), (2, 8), (2, 9), (3, 7), (3, 8), (3, 9), (4, 7), (4, 8), (4, 10), (5, 7), (5, 9), (5, 10), (6, 10), (7, 10), (8, 9)]
  edges= 24 [(0, 3), (0, 6), (0, 8), (0, 10), (1, 4), (1, 6), (1, 9), (1, 10), (2, 5), (2, 6), (2, 8), (2, 9), (3, 7), (3, 8), (3, 10), (4, 7), (4, 8), (4, 9), (5, 7), (5, 9), (5, 10), (6, 10), (7, 10), (8, 9)]
  edges= 23 [(0, 3), (0, 5), (0, 6), (0, 8), (1, 4), (1, 6), (1, 8), (1, 9), (2, 5), (2, 6), (2, 9), (2, 10), (3, 7), (3, 9), (3, 10), (4, 7), (4, 8), (4, 10), (5, 7), (5, 8), (6, 9), (7, 10), (9, 10)]
  edges= 24 [(0, 3), (0, 5), (0, 8), (0, 10), (1, 4), (1, 6), (1, 7), (1, 8), (1, 10), (2, 5), (2, 6), (2, 7), (2, 9), (3, 7), (3, 9), (3, 10), (4, 6), (4, 8), (4, 9), (5, 8), (5, 9), (6, 9), (7, 10), (8, 10)]
  edges= 23 [(0, 3), (0, 5), (0, 8), (0, 9), (1, 4), (1, 6), (1, 7), (1, 8), (2, 5), (2, 6), (2, 7), (2, 10), (3, 7), (3, 8), (3, 9), (4, 6), (4, 9), (4, 10), (5, 9), (5, 10), (6, 8), (7, 10), (9, 10)]
  edges= 23 [(0, 3), (0, 5), (0, 8), (0, 9), (1, 4), (1, 6), (1, 7), (1, 10), (2, 5), (2, 6), (2, 7), (2, 8), (3, 7), (3, 8), (3, 9), (4, 6), (4, 9), (4, 10), (5, 9), (5, 10), (6, 8), (7, 10), (9, 10)]
  edges= 22 [(0, 3), (0, 5), (0, 9), (0, 10), (1, 4), (1, 6), (1, 7), (1, 10), (2, 5), (2, 6), (2, 7), (2, 8), (3, 7), (3, 8), (3, 9), (4, 6), (4, 8), (4, 9), (5, 9), (5, 10), (6, 8), (7, 10)]
  edges= 23 [(0, 3), (0, 5), (0, 9), (0, 10), (1, 4), (1, 6), (1, 7), (1, 8), (2, 5), (2, 6), (2, 7), (2, 9), (3, 7), (3, 8), (3, 10), (4, 6), (4, 9), (4, 10), (5, 8), (5, 9), (6, 8), (7, 10), (9, 10)]
  edges= 23 [(0, 3), (0, 5), (0, 9), (0, 10), (1, 4), (1, 6), (1, 7), (1, 9), (2, 5), (2, 6), (2, 7), (2, 8), (2, 10), (3, 7), (3, 8), (3, 9), (4, 6), (4, 9), (4, 10), (5, 8), (5, 10), (6, 8), (7, 10)]
  edges= 23 [(0, 4), (0, 5), (0, 8), (0, 9), (1, 4), (1, 6), (1, 7), (1, 10), (2, 5), (2, 7), (2, 9), (2, 10), (3, 6), (3, 7), (3, 8), (3, 9), (4, 8), (4, 10), (5, 7), (5, 8), (6, 9), (6, 10), (8, 10)]
  edges= 24 [(0, 4), (0, 5), (0, 8), (0, 9), (1, 4), (1, 6), (1, 7), (1, 10), (2, 5), (2, 7), (2, 8), (2, 10), (3, 6), (3, 7), (3, 8), (3, 9), (4, 9), (4, 10), (5, 7), (5, 9), (6, 8), (6, 10), (7, 9), (8, 10)]
  edges= 23 [(0, 4), (0, 5), (0, 8), (0, 9), (1, 4), (1, 6), (1, 7), (1, 10), (2, 5), (2, 7), (2, 9), (2, 10), (3, 6), (3, 7), (3, 8), (3, 9), (4, 9), (4, 10), (5, 7), (5, 8), (6, 8), (6, 10), (8, 10)]
  edges= 23 [(0, 3), (0, 6), (0, 8), (0, 10), (1, 4), (1, 6), (1, 8), (1, 9), (2, 5), (2, 6), (2, 9), (2, 10), (3, 7), (3, 8), (3, 9), (4, 7), (4, 8), (4, 10), (5, 7), (5, 9), (5, 10), (6, 7), (8, 10)]
  edges= 23 [(0, 3), (0, 6), (0, 8), (0, 10), (1, 4), (1, 6), (1, 9), (1, 10), (2, 5), (2, 6), (2, 8), (2, 9), (3, 7), (3, 8), (3, 9), (4, 7), (4, 8), (4, 10), (5, 7), (5, 9), (5, 10), (6, 7), (8, 10)]
  edges= 23 [(0, 3), (0, 5), (0, 7), (0, 10), (1, 4), (1, 7), (1, 8), (1, 9), (2, 5), (2, 6), (2, 7), (2, 9), (3, 6), (3, 8), (3, 10), (4, 8), (4, 9), (4, 10), (5, 7), (5, 8), (6, 9), (6, 10), (7, 10)]
  edges= 23 [(0, 3), (0, 5), (0, 7), (0, 10), (1, 4), (1, 7), (1, 8), (1, 9), (2, 5), (2, 6), (2, 7), (2, 9), (3, 6), (3, 8), (3, 10), (4, 8), (4, 9), (4, 10), (5, 7), (5, 8), (6, 9), (6, 10), (9, 10)]
  edges= 24 [(0, 3), (0, 5), (0, 7), (0, 8), (1, 4), (1, 7), (1, 9), (1, 10), (2, 5), (2, 6), (2, 7), (2, 10), (3, 6), (3, 8), (3, 9), (4, 8), (4, 9), (4, 10), (5, 7), (5, 9), (6, 8), (6, 10), (7, 10), (8, 10)]
  edges= 22 [(0, 3), (0, 5), (0, 7), (0, 10), (1, 4), (1, 7), (1, 9), (1, 10), (2, 5), (2, 6), (2, 7), (2, 9), (3, 6), (3, 8), (3, 9), (4, 8), (4, 9), (4, 10), (5, 7), (5, 8), (6, 8), (6, 10)]
  edges= 24 [(0, 3), (0, 5), (0, 6), (0, 10), (1, 4), (1, 6), (1, 7), (1, 8), (1, 10), (2, 5), (2, 7), (2, 9), (2, 10), (3, 6), (3, 8), (3, 9), (4, 7), (4, 8), (4, 9), (5, 8), (5, 10), (6, 9), (6, 10), (7, 10)]
  edges= 24 [(0, 3), (0, 5), (0, 6), (0, 9), (1, 4), (1, 6), (1, 7), (1, 9), (1, 10), (2, 5), (2, 7), (2, 8), (2, 9), (3, 6), (3, 8), (3, 10), (4, 7), (4, 8), (4, 10), (5, 8), (5, 9), (6, 10), (7, 9), (8, 10)]
  edges= 25 [(0, 3), (0, 5), (0, 6), (0, 10), (1, 4), (1, 6), (1, 7), (1, 9), (1, 10), (2, 5), (2, 7), (2, 8), (2, 10), (3, 6), (3, 8), (3, 9), (4, 7), (4, 8), (4, 9), (5, 8), (5, 10), (6, 9), (6, 10), (7, 10), (8, 9)]
  edges= 23 [(0, 3), (0, 5), (0, 6), (0, 9), (1, 4), (1, 6), (1, 7), (1, 8), (2, 5), (2, 7), (2, 8), (2, 10), (3, 6), (3, 9), (3, 10), (4, 7), (4, 9), (4, 10), (5, 8), (5, 9), (6, 8), (7, 10), (9, 10)]
  edges= 22 [(0, 3), (0, 5), (0, 6), (0, 10), (1, 4), (1, 6), (1, 7), (1, 8), (2, 5), (2, 7), (2, 8), (2, 9), (3, 6), (3, 9), (3, 10), (4, 7), (4, 9), (4, 10), (5, 8), (5, 9), (6, 8), (7, 10)]
  edges= 24 [(0, 3), (0, 5), (0, 8), (0, 9), (0, 10), (1, 4), (1, 6), (1, 8), (1, 9), (2, 5), (2, 6), (2, 7), (2, 10), (3, 6), (3, 7), (3, 9), (4, 7), (4, 8), (4, 10), (5, 9), (5, 10), (6, 9), (7, 10), (8, 10)]
  edges= 24 [(0, 3), (0, 5), (0, 8), (0, 10), (1, 4), (1, 6), (1, 8), (1, 9), (2, 5), (2, 6), (2, 7), (2, 10), (3, 6), (3, 7), (3, 9), (4, 7), (4, 8), (4, 9), (4, 10), (5, 9), (5, 10), (6, 9), (7, 10), (8, 10)]
  edges= 23 [(0, 3), (0, 5), (0, 8), (0, 9), (1, 4), (1, 6), (1, 8), (1, 10), (2, 5), (2, 6), (2, 7), (2, 9), (3, 6), (3, 7), (3, 10), (4, 7), (4, 8), (4, 10), (5, 9), (5, 10), (6, 9), (7, 10), (8, 9)]
  edges= 23 [(0, 3), (0, 5), (0, 8), (0, 10), (1, 4), (1, 6), (1, 8), (1, 9), (2, 5), (2, 6), (2, 7), (2, 9), (3, 6), (3, 7), (3, 10), (4, 7), (4, 8), (4, 10), (5, 9), (5, 10), (6, 9), (7, 10), (8, 9)]
  edges= 23 [(0, 3), (0, 5), (0, 8), (0, 9), (1, 4), (1, 6), (1, 9), (1, 10), (2, 5), (2, 6), (2, 7), (2, 8), (3, 6), (3, 7), (3, 9), (4, 7), (4, 8), (4, 10), (5, 9), (5, 10), (6, 8), (7, 10), (9, 10)]
  edges= 24 [(0, 3), (0, 5), (0, 6), (0, 9), (0, 10), (1, 4), (1, 6), (1, 8), (1, 10), (2, 5), (2, 7), (2, 8), (2, 10), (3, 6), (3, 7), (3, 9), (4, 7), (4, 8), (4, 9), (5, 9), (5, 10), (6, 10), (7, 9), (8, 10)]
  edges= 24 [(0, 3), (0, 5), (0, 6), (0, 10), (1, 4), (1, 6), (1, 8), (1, 9), (1, 10), (2, 5), (2, 7), (2, 8), (2, 10), (3, 6), (3, 7), (3, 9), (4, 7), (4, 8), (4, 9), (5, 9), (5, 10), (6, 10), (7, 9), (8, 10)]
  edges= 23 [(0, 3), (0, 5), (0, 6), (0, 9), (1, 4), (1, 6), (1, 8), (1, 10), (2, 5), (2, 7), (2, 8), (2, 9), (3, 6), (3, 7), (3, 9), (4, 7), (4, 8), (4, 10), (5, 9), (5, 10), (6, 10), (7, 10), (8, 9)]
  edges= 23 [(0, 3), (0, 5), (0, 6), (0, 9), (1, 4), (1, 6), (1, 8), (1, 10), (2, 5), (2, 7), (2, 8), (2, 10), (3, 6), (3, 7), (3, 9), (4, 7), (4, 8), (4, 9), (5, 9), (5, 10), (6, 10), (7, 10), (8, 9)]
  edges= 23 [(0, 3), (0, 5), (0, 6), (0, 9), (1, 4), (1, 6), (1, 8), (1, 10), (2, 5), (2, 7), (2, 8), (2, 9), (3, 6), (3, 7), (3, 10), (4, 7), (4, 8), (4, 10), (5, 9), (5, 10), (6, 9), (7, 10), (8, 9)]
  edges= 23 [(0, 3), (0, 5), (0, 6), (0, 10), (1, 4), (1, 6), (1, 8), (1, 9), (2, 5), (2, 7), (2, 8), (2, 9), (3, 6), (3, 7), (3, 10), (4, 7), (4, 8), (4, 10), (5, 9), (5, 10), (6, 9), (7, 10), (8, 9)]
  edges= 23 [(0, 3), (0, 5), (0, 6), (0, 10), (1, 4), (1, 6), (1, 8), (1, 9), (2, 5), (2, 7), (2, 8), (2, 9), (3, 6), (3, 7), (3, 10), (4, 7), (4, 9), (4, 10), (5, 8), (5, 10), (6, 9), (7, 9), (8, 10)]
  edges= 24 [(0, 3), (0, 5), (0, 6), (0, 8), (1, 4), (1, 6), (1, 8), (1, 9), (2, 5), (2, 7), (2, 9), (2, 10), (3, 6), (3, 7), (3, 9), (4, 7), (4, 8), (4, 10), (5, 8), (5, 10), (6, 9), (7, 9), (7, 10), (8, 10)]
  edges= 24 [(0, 3), (0, 5), (0, 6), (0, 9), (1, 4), (1, 6), (1, 8), (1, 10), (2, 5), (2, 7), (2, 8), (2, 10), (3, 6), (3, 7), (3, 9), (3, 10), (4, 7), (4, 8), (4, 9), (5, 8), (5, 9), (6, 10), (7, 9), (8, 10)]
  edges= 22 [(0, 3), (0, 5), (0, 6), (0, 8), (1, 4), (1, 6), (1, 9), (1, 10), (2, 5), (2, 7), (2, 9), (2, 10), (3, 6), (3, 7), (3, 8), (4, 7), (4, 8), (4, 10), (5, 8), (5, 9), (6, 9), (7, 10)]
  edges= 23 [(0, 3), (0, 5), (0, 6), (0, 8), (0, 10), (1, 4), (1, 6), (1, 9), (1, 10), (2, 5), (2, 7), (2, 9), (2, 10), (3, 6), (3, 7), (3, 8), (4, 7), (4, 8), (4, 10), (5, 8), (5, 9), (6, 9), (7, 10)]
  edges= 23 [(0, 3), (0, 5), (0, 6), (0, 8), (1, 4), (1, 6), (1, 9), (1, 10), (2, 5), (2, 7), (2, 9), (2, 10), (3, 6), (3, 7), (3, 8), (4, 7), (4, 8), (4, 10), (5, 8), (5, 9), (6, 9), (7, 10), (9, 10)]
  edges= 24 [(0, 3), (0, 5), (0, 6), (0, 8), (0, 10), (1, 4), (1, 6), (1, 9), (1, 10), (2, 5), (2, 7), (2, 9), (2, 10), (3, 6), (3, 7), (3, 8), (4, 7), (4, 8), (4, 9), (5, 8), (5, 10), (6, 10), (7, 9), (9, 10)]
  edges= 23 [(0, 3), (0, 5), (0, 6), (0, 8), (0, 10), (1, 4), (1, 6), (1, 8), (1, 9), (2, 5), (2, 7), (2, 8), (2, 9), (3, 6), (3, 7), (3, 10), (4, 7), (4, 9), (4, 10), (5, 9), (5, 10), (6, 8), (7, 10)]
  edges= 23 [(0, 3), (0, 5), (0, 6), (0, 8), (1, 4), (1, 6), (1, 8), (1, 9), (2, 5), (2, 7), (2, 8), (2, 10), (3, 6), (3, 7), (3, 9), (4, 7), (4, 9), (4, 10), (5, 9), (5, 10), (6, 8), (6, 10), (7, 10)]
  edges= 22 [(0, 3), (0, 5), (0, 6), (0, 8), (1, 4), (1, 6), (1, 8), (1, 9), (2, 5), (2, 7), (2, 9), (2, 10), (3, 6), (3, 7), (3, 9), (4, 7), (4, 8), (4, 10), (5, 9), (5, 10), (6, 8), (7, 10)]
  edges= 23 [(0, 3), (0, 5), (0, 6), (0, 8), (1, 4), (1, 6), (1, 8), (1, 9), (2, 5), (2, 7), (2, 9), (2, 10), (3, 6), (3, 7), (3, 9), (4, 7), (4, 8), (4, 10), (5, 9), (5, 10), (6, 8), (7, 10), (8, 10)]
  edges= 24 [(0, 3), (0, 5), (0, 6), (0, 8), (0, 10), (1, 4), (1, 6), (1, 8), (1, 9), (2, 5), (2, 7), (2, 9), (2, 10), (3, 6), (3, 7), (3, 9), (4, 7), (4, 8), (4, 10), (5, 9), (5, 10), (6, 8), (7, 10), (8, 10)]
  edges= 23 [(0, 3), (0, 5), (0, 6), (0, 8), (0, 10), (1, 4), (1, 6), (1, 8), (1, 9), (2, 5), (2, 7), (2, 9), (2, 10), (3, 6), (3, 7), (3, 10), (4, 7), (4, 8), (4, 9), (5, 9), (5, 10), (6, 8), (7, 10)]
  edges= 23 [(0, 3), (0, 5), (0, 6), (0, 8), (0, 10), (1, 4), (1, 6), (1, 9), (1, 10), (2, 5), (2, 7), (2, 8), (2, 9), (3, 6), (3, 7), (3, 9), (4, 7), (4, 8), (4, 10), (5, 9), (5, 10), (6, 8), (7, 10)]
  edges= 24 [(0, 3), (0, 5), (0, 6), (0, 9), (0, 10), (1, 4), (1, 6), (1, 8), (1, 9), (2, 5), (2, 7), (2, 8), (2, 10), (3, 6), (3, 7), (3, 10), (4, 7), (4, 8), (4, 9), (5, 9), (5, 10), (6, 9), (7, 8), (7, 10)]
  edges= 25 [(0, 3), (0, 5), (0, 6), (0, 9), (0, 10), (1, 4), (1, 6), (1, 8), (1, 10), (2, 5), (2, 7), (2, 8), (2, 10), (3, 6), (3, 7), (3, 9), (4, 7), (4, 8), (4, 9), (5, 9), (5, 10), (6, 10), (7, 8), (7, 9), (8, 10)]
  edges= 23 [(0, 3), (0, 5), (0, 6), (0, 9), (1, 4), (1, 7), (1, 8), (1, 10), (2, 6), (2, 7), (2, 8), (2, 9), (3, 5), (3, 6), (3, 10), (4, 7), (4, 9), (4, 10), (5, 8), (5, 9), (6, 10), (7, 9), (8, 10)]
  edges= 23 [(0, 3), (0, 5), (0, 6), (0, 9), (1, 4), (1, 7), (1, 8), (1, 10), (2, 6), (2, 7), (2, 8), (2, 9), (3, 5), (3, 6), (3, 10), (4, 7), (4, 9), (4, 10), (5, 8), (5, 10), (6, 9), (7, 9), (8, 10)]
  edges= 24 [(0, 3), (0, 5), (0, 6), (0, 8), (0, 10), (1, 4), (1, 7), (1, 8), (1, 9), (2, 6), (2, 7), (2, 9), (2, 10), (3, 5), (3, 6), (3, 9), (4, 7), (4, 8), (4, 10), (5, 8), (5, 9), (6, 10), (7, 9), (8, 10)]
  edges= 23 [(0, 3), (0, 5), (0, 6), (0, 8), (0, 10), (1, 4), (1, 7), (1, 8), (1, 9), (2, 6), (2, 7), (2, 9), (2, 10), (3, 5), (3, 6), (3, 9), (4, 7), (4, 8), (4, 10), (5, 9), (5, 10), (6, 8), (7, 10)]
  edges= 23 [(0, 4), (0, 6), (0, 8), (0, 9), (1, 5), (1, 6), (1, 8), (1, 10), (2, 5), (2, 7), (2, 8), (2, 9), (3, 6), (3, 7), (3, 9), (3, 10), (4, 7), (4, 8), (4, 10), (5, 9), (5, 10), (6, 10), (7, 10)]
  edges= 23 [(0, 4), (0, 6), (0, 8), (0, 9), (1, 5), (1, 6), (1, 8), (1, 10), (2, 5), (2, 7), (2, 8), (2, 9), (3, 6), (3, 7), (3, 9), (3, 10), (4, 7), (4, 8), (4, 10), (5, 9), (5, 10), (6, 9), (7, 10)]
  edges= 23 [(0, 4), (0, 6), (0, 8), (0, 10), (1, 5), (1, 6), (1, 8), (1, 9), (2, 5), (2, 7), (2, 8), (2, 10), (3, 6), (3, 7), (3, 9), (3, 10), (4, 7), (4, 8), (4, 9), (5, 9), (5, 10), (6, 9), (7, 10)]
  edges= 23 [(0, 4), (0, 6), (0, 8), (0, 9), (1, 5), (1, 6), (1, 9), (1, 10), (2, 5), (2, 7), (2, 8), (2, 9), (3, 6), (3, 7), (3, 8), (3, 10), (4, 7), (4, 9), (4, 10), (5, 8), (5, 10), (6, 9), (7, 10)]
  edges= 23 [(0, 4), (0, 6), (0, 8), (0, 10), (1, 5), (1, 6), (1, 9), (1, 10), (2, 5), (2, 7), (2, 8), (2, 10), (3, 6), (3, 7), (3, 8), (3, 9), (4, 7), (4, 9), (4, 10), (5, 8), (5, 9), (6, 9), (7, 10)]
  edges= 24 [(0, 4), (0, 6), (0, 8), (0, 10), (1, 5), (1, 6), (1, 9), (1, 10), (2, 5), (2, 7), (2, 8), (2, 10), (3, 6), (3, 7), (3, 8), (3, 9), (4, 7), (4, 9), (4, 10), (5, 8), (5, 9), (6, 10), (7, 10), (8, 9)]
  edges= 23 [(0, 4), (0, 5), (0, 7), (0, 8), (1, 4), (1, 6), (1, 8), (1, 10), (2, 5), (2, 8), (2, 9), (2, 10), (3, 6), (3, 7), (3, 8), (3, 9), (4, 7), (4, 10), (5, 7), (5, 9), (6, 9), (6, 10), (7, 10)]
  edges= 23 [(0, 4), (0, 5), (0, 7), (0, 8), (1, 4), (1, 6), (1, 8), (1, 10), (2, 5), (2, 8), (2, 9), (2, 10), (3, 6), (3, 7), (3, 8), (3, 9), (4, 7), (4, 10), (5, 7), (5, 9), (6, 9), (6, 10), (9, 10)]
  edges= 24 [(0, 4), (0, 5), (0, 7), (0, 9), (1, 4), (1, 6), (1, 8), (1, 9), (2, 5), (2, 8), (2, 9), (2, 10), (3, 6), (3, 7), (3, 9), (3, 10), (4, 7), (4, 8), (5, 7), (5, 10), (6, 8), (6, 10), (7, 10), (8, 10)]
  edges= 23 [(0, 4), (0, 5), (0, 7), (0, 10), (1, 4), (1, 6), (1, 8), (1, 9), (2, 5), (2, 8), (2, 9), (2, 10), (3, 6), (3, 7), (3, 9), (3, 10), (4, 7), (4, 8), (5, 7), (5, 9), (6, 8), (6, 10), (8, 10)]
  edges= 23 [(0, 4), (0, 5), (0, 7), (0, 9), (1, 4), (1, 6), (1, 9), (1, 10), (2, 5), (2, 8), (2, 9), (2, 10), (3, 6), (3, 7), (3, 8), (3, 10), (4, 7), (4, 8), (5, 7), (5, 10), (6, 8), (6, 9), (7, 10)]
  edges= 23 [(0, 4), (0, 5), (0, 8), (0, 9), (1, 4), (1, 6), (1, 8), (1, 10), (2, 5), (2, 7), (2, 9), (2, 10), (3, 6), (3, 7), (3, 8), (3, 9), (4, 7), (4, 10), (5, 7), (5, 8), (6, 9), (6, 10), (7, 10)]
  edges= 24 [(0, 4), (0, 5), (0, 7), (0, 8), (1, 4), (1, 8), (1, 9), (1, 10), (2, 5), (2, 6), (2, 8), (2, 9), (3, 6), (3, 7), (3, 9), (3, 10), (4, 6), (4, 7), (5, 7), (5, 8), (5, 10), (6, 9), (7, 10), (9, 10)]
  edges= 24 [(0, 3), (0, 5), (0, 6), (0, 7), (1, 4), (1, 6), (1, 7), (1, 8), (1, 10), (2, 5), (2, 7), (2, 8), (2, 9), (3, 6), (3, 8), (3, 9), (4, 7), (4, 9), (4, 10), (5, 9), (5, 10), (6, 8), (6, 10), (9, 10)]
  edges= 24 [(0, 3), (0, 5), (0, 6), (0, 7), (1, 4), (1, 6), (1, 7), (1, 8), (1, 10), (2, 5), (2, 7), (2, 8), (2, 9), (3, 6), (3, 9), (3, 10), (4, 7), (4, 9), (4, 10), (5, 8), (5, 9), (6, 8), (6, 10), (9, 10)]
  edges= 23 [(0, 4), (0, 5), (0, 8), (0, 10), (1, 4), (1, 6), (1, 8), (1, 9), (2, 5), (2, 7), (2, 8), (2, 9), (3, 6), (3, 7), (3, 8), (3, 10), (4, 7), (4, 9), (5, 9), (5, 10), (6, 9), (6, 10), (7, 10)]
  edges= 23 [(0, 4), (0, 5), (0, 8), (0, 9), (1, 4), (1, 6), (1, 8), (1, 10), (2, 5), (2, 7), (2, 8), (2, 10), (3, 6), (3, 7), (3, 9), (3, 10), (4, 7), (4, 9), (5, 8), (5, 9), (6, 9), (6, 10), (7, 10)]
  edges= 24 [(0, 4), (0, 5), (0, 8), (0, 9), (1, 4), (1, 6), (1, 8), (1, 10), (2, 5), (2, 7), (2, 8), (2, 10), (3, 6), (3, 7), (3, 9), (3, 10), (4, 7), (4, 9), (5, 8), (5, 9), (6, 9), (6, 10), (7, 10), (8, 10)]
  edges= 24 [(0, 4), (0, 5), (0, 8), (0, 10), (1, 4), (1, 6), (1, 8), (1, 9), (2, 5), (2, 7), (2, 8), (2, 9), (3, 6), (3, 7), (3, 9), (3, 10), (4, 7), (4, 10), (5, 8), (5, 10), (6, 9), (6, 10), (7, 10), (8, 9)]
  edges= 23 [(0, 4), (0, 5), (0, 8), (0, 10), (1, 4), (1, 6), (1, 8), (1, 9), (2, 5), (2, 7), (2, 9), (2, 10), (3, 6), (3, 7), (3, 8), (3, 10), (4, 7), (4, 9), (5, 8), (5, 9), (6, 9), (6, 10), (7, 10)]
  edges= 23 [(0, 4), (0, 5), (0, 9), (0, 10), (1, 4), (1, 6), (1, 8), (1, 9), (2, 5), (2, 7), (2, 8), (2, 9), (3, 6), (3, 7), (3, 9), (3, 10), (4, 7), (4, 10), (5, 8), (5, 10), (6, 8), (6, 10), (7, 10)]
  edges= 23 [(0, 4), (0, 5), (0, 9), (0, 10), (1, 4), (1, 6), (1, 8), (1, 9), (2, 5), (2, 7), (2, 8), (2, 10), (3, 6), (3, 7), (3, 9), (3, 10), (4, 7), (4, 9), (5, 8), (5, 9), (6, 8), (6, 10), (7, 10)]
  edges= 23 [(0, 4), (0, 5), (0, 9), (0, 10), (1, 4), (1, 6), (1, 8), (1, 9), (2, 5), (2, 7), (2, 8), (2, 10), (3, 6), (3, 7), (3, 9), (3, 10), (4, 7), (4, 9), (5, 8), (5, 10), (6, 8), (6, 9), (7, 10)]
  edges= 23 [(0, 3), (0, 5), (0, 7), (0, 10), (1, 4), (1, 6), (1, 8), (1, 10), (2, 6), (2, 7), (2, 9), (2, 10), (3, 5), (3, 8), (3, 9), (4, 7), (4, 8), (4, 9), (5, 8), (5, 10), (6, 9), (6, 10), (7, 10)]
  edges= 23 [(0, 3), (0, 5), (0, 7), (0, 9), (1, 4), (1, 6), (1, 8), (1, 9), (2, 6), (2, 7), (2, 9), (2, 10), (3, 5), (3, 8), (3, 9), (4, 7), (4, 8), (4, 10), (5, 8), (5, 10), (6, 9), (6, 10), (7, 10)]
  edges= 23 [(0, 3), (0, 5), (0, 7), (0, 10), (1, 4), (1, 6), (1, 9), (1, 10), (2, 6), (2, 7), (2, 8), (2, 9), (3, 5), (3, 8), (3, 9), (4, 7), (4, 8), (4, 10), (5, 8), (5, 10), (6, 9), (6, 10), (7, 9)]
  edges= 23 [(0, 3), (0, 5), (0, 7), (0, 10), (1, 4), (1, 6), (1, 8), (1, 10), (2, 6), (2, 7), (2, 8), (2, 9), (3, 5), (3, 8), (3, 9), (4, 7), (4, 9), (4, 10), (5, 9), (5, 10), (6, 8), (6, 10), (7, 10)]
  edges= 24 [(0, 3), (0, 5), (0, 7), (0, 10), (1, 4), (1, 6), (1, 8), (1, 10), (2, 6), (2, 7), (2, 8), (2, 9), (3, 5), (3, 8), (3, 9), (4, 7), (4, 9), (4, 10), (5, 9), (5, 10), (6, 8), (6, 10), (7, 10), (8, 9)]
  edges= 23 [(0, 4), (0, 5), (0, 8), (0, 9), (1, 4), (1, 6), (1, 8), (1, 10), (2, 5), (2, 7), (2, 9), (2, 10), (3, 6), (3, 7), (3, 8), (3, 9), (4, 9), (4, 10), (5, 7), (5, 8), (6, 7), (6, 10), (7, 10)]
  edges= 23 [(0, 4), (0, 5), (0, 8), (0, 9), (1, 4), (1, 6), (1, 9), (1, 10), (2, 5), (2, 7), (2, 9), (2, 10), (3, 6), (3, 7), (3, 8), (3, 10), (4, 8), (4, 10), (5, 7), (5, 8), (6, 7), (6, 9), (8, 10)]
  edges= 23 [(0, 3), (0, 6), (0, 8), (0, 9), (1, 4), (1, 6), (1, 9), (1, 10), (2, 5), (2, 7), (2, 8), (2, 9), (3, 6), (3, 8), (3, 10), (4, 7), (4, 8), (4, 10), (5, 7), (5, 9), (5, 10), (6, 7), (8, 10)]
  edges= 23 [(0, 3), (0, 6), (0, 8), (0, 9), (1, 4), (1, 6), (1, 9), (1, 10), (2, 5), (2, 7), (2, 8), (2, 9), (3, 6), (3, 8), (3, 10), (4, 7), (4, 9), (4, 10), (5, 7), (5, 8), (5, 10), (6, 7), (8, 10)]
  edges= 25 [(0, 3), (0, 4), (0, 6), (0, 7), (0, 10), (1, 4), (1, 5), (1, 7), (1, 8), (2, 5), (2, 6), (2, 8), (2, 9), (2, 10), (3, 6), (3, 7), (3, 9), (4, 7), (4, 8), (4, 10), (5, 8), (5, 9), (6, 9), (6, 10), (8, 10)]
  edges= 23 [(0, 4), (0, 6), (0, 8), (0, 9), (1, 5), (1, 6), (1, 9), (1, 10), (2, 5), (2, 7), (2, 8), (2, 9), (3, 6), (3, 7), (3, 8), (3, 10), (4, 7), (4, 9), (4, 10), (5, 8), (5, 10), (6, 7), (8, 10)]
  edges= 25 [(0, 3), (0, 4), (0, 6), (0, 7), (0, 10), (1, 4), (1, 5), (1, 7), (1, 9), (2, 5), (2, 6), (2, 8), (2, 9), (2, 10), (3, 7), (3, 8), (3, 9), (4, 6), (4, 8), (5, 7), (5, 8), (5, 10), (6, 9), (6, 10), (7, 10)]
  edges= 23 [(0, 3), (0, 5), (0, 6), (0, 9), (1, 4), (1, 6), (1, 8), (1, 9), (2, 5), (2, 6), (2, 7), (2, 10), (3, 7), (3, 8), (3, 9), (4, 7), (4, 9), (4, 10), (5, 8), (5, 10), (6, 9), (7, 10), (8, 10)]
  edges= 24 [(0, 3), (0, 5), (0, 6), (0, 9), (1, 4), (1, 6), (1, 8), (1, 9), (1, 10), (2, 5), (2, 6), (2, 7), (2, 10), (3, 7), (3, 8), (3, 9), (4, 7), (4, 9), (4, 10), (5, 8), (5, 10), (6, 9), (7, 10), (8, 10)]
  edges= 23 [(0, 3), (0, 5), (0, 6), (0, 9), (1, 4), (1, 6), (1, 9), (1, 10), (2, 5), (2, 6), (2, 7), (2, 10), (3, 7), (3, 8), (3, 10), (4, 7), (4, 8), (4, 9), (5, 8), (5, 9), (6, 10), (7, 9), (8, 10)]
  edges= 23 [(0, 3), (0, 5), (0, 6), (0, 9), (1, 4), (1, 6), (1, 9), (1, 10), (2, 5), (2, 6), (2, 7), (2, 10), (3, 7), (3, 8), (3, 9), (4, 7), (4, 8), (4, 10), (5, 8), (5, 10), (6, 9), (7, 9), (8, 10)]
  edges= 24 [(0, 3), (0, 5), (0, 6), (0, 8), (0, 10), (1, 4), (1, 6), (1, 8), (1, 9), (2, 5), (2, 6), (2, 7), (2, 9), (3, 7), (3, 9), (3, 10), (4, 7), (4, 8), (4, 10), (5, 8), (5, 9), (6, 10), (7, 9), (7, 10)]
  edges= 24 [(0, 3), (0, 5), (0, 6), (0, 9), (0, 10), (1, 4), (1, 6), (1, 8), (1, 9), (2, 5), (2, 6), (2, 7), (2, 8), (3, 7), (3, 9), (3, 10), (4, 7), (4, 8), (4, 10), (5, 8), (5, 10), (6, 9), (7, 9), (8, 10)]
  edges= 23 [(0, 3), (0, 5), (0, 6), (0, 9), (1, 4), (1, 6), (1, 8), (1, 10), (2, 5), (2, 6), (2, 7), (2, 8), (3, 7), (3, 8), (3, 10), (4, 7), (4, 9), (4, 10), (5, 9), (5, 10), (6, 8), (7, 9), (8, 10)]
  edges= 24 [(0, 4), (0, 5), (0, 8), (0, 9), (1, 4), (1, 6), (1, 8), (1, 10), (2, 5), (2, 7), (2, 8), (2, 10), (3, 6), (3, 7), (3, 9), (3, 10), (4, 8), (4, 9), (5, 7), (5, 9), (6, 9), (6, 10), (7, 10), (8, 10)]
  edges= 23 [(0, 4), (0, 5), (0, 8), (0, 10), (1, 4), (1, 6), (1, 8), (1, 9), (2, 5), (2, 7), (2, 8), (2, 9), (3, 6), (3, 7), (3, 9), (3, 10), (4, 8), (4, 10), (5, 7), (5, 10), (6, 9), (6, 10), (7, 9)]
  edges= 24 [(0, 4), (0, 5), (0, 8), (0, 10), (1, 4), (1, 6), (1, 8), (1, 9), (2, 5), (2, 7), (2, 8), (2, 9), (3, 6), (3, 7), (3, 9), (3, 10), (4, 8), (4, 10), (5, 7), (5, 10), (6, 9), (6, 10), (7, 10), (8, 9)]
  edges= 23 [(0, 4), (0, 5), (0, 8), (0, 10), (1, 4), (1, 6), (1, 9), (1, 10), (2, 5), (2, 7), (2, 8), (2, 9), (3, 6), (3, 7), (3, 8), (3, 10), (4, 8), (4, 9), (5, 7), (5, 9), (6, 9), (6, 10), (7, 10)]
  edges= 23 [(0, 4), (0, 5), (0, 8), (0, 10), (1, 4), (1, 6), (1, 9), (1, 10), (2, 5), (2, 7), (2, 8), (2, 9), (3, 6), (3, 7), (3, 8), (3, 10), (4, 8), (4, 9), (5, 7), (5, 10), (6, 9), (6, 10), (7, 9)]
  edges= 23 [(0, 4), (0, 5), (0, 9), (0, 10), (1, 4), (1, 6), (1, 8), (1, 10), (2, 5), (2, 7), (2, 8), (2, 10), (3, 6), (3, 7), (3, 8), (3, 9), (4, 8), (4, 9), (5, 7), (5, 10), (6, 9), (6, 10), (7, 9)]
  edges= 24 [(0, 4), (0, 5), (0, 9), (0, 10), (1, 4), (1, 6), (1, 8), (1, 10), (2, 5), (2, 7), (2, 8), (2, 9), (3, 6), (3, 7), (3, 9), (3, 10), (4, 8), (4, 9), (5, 7), (5, 10), (6, 8), (6, 10), (7, 10), (8, 9)]
  edges= 23 [(0, 4), (0, 5), (0, 8), (0, 9), (1, 4), (1, 6), (1, 9), (1, 10), (2, 5), (2, 7), (2, 9), (2, 10), (3, 6), (3, 7), (3, 8), (3, 10), (4, 8), (4, 9), (5, 7), (5, 9), (6, 8), (6, 10), (7, 10)]
  edges= 23 [(0, 4), (0, 5), (0, 8), (0, 9), (1, 4), (1, 6), (1, 9), (1, 10), (2, 5), (2, 7), (2, 9), (2, 10), (3, 6), (3, 7), (3, 8), (3, 10), (4, 8), (4, 10), (5, 7), (5, 9), (6, 8), (6, 9), (7, 10)]
  edges= 23 [(0, 4), (0, 6), (0, 7), (0, 9), (1, 4), (1, 7), (1, 8), (1, 10), (2, 5), (2, 6), (2, 9), (2, 10), (3, 5), (3, 7), (3, 8), (3, 9), (4, 6), (4, 10), (5, 8), (5, 9), (6, 10), (7, 9), (8, 10)]
  edges= 24 [(0, 4), (0, 6), (0, 7), (0, 9), (1, 4), (1, 7), (1, 8), (1, 10), (2, 5), (2, 6), (2, 9), (2, 10), (3, 5), (3, 7), (3, 8), (3, 9), (4, 6), (4, 10), (5, 8), (5, 9), (5, 10), (6, 10), (7, 9), (8, 10)]
  edges= 24 [(0, 4), (0, 6), (0, 7), (0, 9), (1, 4), (1, 7), (1, 8), (1, 10), (2, 5), (2, 6), (2, 8), (2, 10), (3, 5), (3, 7), (3, 8), (3, 9), (4, 6), (4, 10), (5, 8), (5, 9), (6, 9), (6, 10), (7, 9), (8, 10)]
  edges= 24 [(0, 4), (0, 6), (0, 7), (0, 10), (1, 4), (1, 7), (1, 8), (1, 9), (2, 5), (2, 6), (2, 8), (2, 9), (3, 5), (3, 7), (3, 9), (3, 10), (4, 6), (4, 8), (4, 10), (5, 8), (5, 10), (6, 9), (7, 9), (8, 10)]
  edges= 24 [(0, 4), (0, 6), (0, 7), (0, 10), (1, 4), (1, 7), (1, 8), (1, 9), (2, 5), (2, 6), (2, 8), (2, 9), (3, 5), (3, 7), (3, 9), (3, 10), (4, 6), (4, 8), (5, 8), (5, 10), (6, 9), (7, 9), (7, 10), (8, 10)]
  edges= 23 [(0, 4), (0, 6), (0, 7), (0, 8), (1, 4), (1, 7), (1, 9), (1, 10), (2, 5), (2, 6), (2, 9), (2, 10), (3, 5), (3, 7), (3, 8), (3, 10), (4, 6), (4, 8), (4, 10), (5, 8), (5, 9), (6, 10), (7, 9)]
  edges= 23 [(0, 4), (0, 6), (0, 7), (0, 8), (1, 4), (1, 7), (1, 9), (1, 10), (2, 5), (2, 6), (2, 8), (2, 9), (3, 5), (3, 7), (3, 8), (3, 10), (4, 6), (4, 9), (5, 9), (5, 10), (6, 8), (6, 10), (7, 10)]
  edges= 23 [(0, 4), (0, 6), (0, 7), (0, 8), (1, 4), (1, 7), (1, 9), (1, 10), (2, 5), (2, 6), (2, 8), (2, 9), (3, 5), (3, 7), (3, 8), (3, 10), (4, 6), (4, 9), (5, 9), (5, 10), (6, 8), (7, 10), (9, 10)]
  edges= 24 [(0, 4), (0, 6), (0, 7), (0, 8), (1, 4), (1, 7), (1, 9), (1, 10), (2, 5), (2, 6), (2, 8), (2, 10), (3, 5), (3, 7), (3, 8), (3, 9), (4, 6), (4, 10), (5, 9), (5, 10), (6, 8), (6, 10), (7, 9), (9, 10)]
  edges= 23 [(0, 4), (0, 6), (0, 7), (0, 10), (1, 4), (1, 7), (1, 8), (1, 9), (2, 5), (2, 6), (2, 8), (2, 9), (3, 5), (3, 7), (3, 9), (3, 10), (4, 6), (4, 9), (5, 8), (5, 10), (6, 8), (7, 10), (8, 10)]
  edges= 23 [(0, 4), (0, 6), (0, 7), (0, 8), (1, 4), (1, 7), (1, 9), (1, 10), (2, 5), (2, 6), (2, 9), (2, 10), (3, 5), (3, 7), (3, 8), (3, 10), (4, 6), (4, 9), (5, 8), (5, 9), (6, 8), (6, 10), (7, 10)]
  edges= 23 [(0, 3), (0, 5), (0, 6), (0, 9), (1, 4), (1, 7), (1, 8), (1, 10), (2, 5), (2, 6), (2, 8), (2, 10), (3, 6), (3, 7), (3, 9), (4, 7), (4, 9), (4, 10), (5, 8), (5, 9), (6, 10), (7, 9), (8, 10)]
  edges= 23 [(0, 3), (0, 5), (0, 6), (0, 10), (1, 4), (1, 7), (1, 8), (1, 10), (2, 5), (2, 6), (2, 8), (2, 9), (3, 6), (3, 7), (3, 9), (4, 7), (4, 9), (4, 10), (5, 8), (5, 9), (6, 10), (7, 9), (8, 10)]
  edges= 24 [(0, 3), (0, 5), (0, 6), (0, 9), (1, 4), (1, 7), (1, 8), (1, 9), (2, 5), (2, 6), (2, 8), (2, 10), (3, 6), (3, 7), (3, 9), (3, 10), (4, 7), (4, 8), (4, 10), (5, 8), (5, 9), (6, 10), (7, 9), (8, 10)]
  edges= 22 [(0, 3), (0, 5), (0, 6), (0, 8), (1, 4), (1, 7), (1, 8), (1, 9), (2, 5), (2, 6), (2, 9), (2, 10), (3, 6), (3, 7), (3, 9), (4, 7), (4, 8), (4, 10), (5, 9), (5, 10), (6, 8), (7, 10)]
  edges= 22 [(0, 3), (0, 5), (0, 6), (0, 9), (1, 4), (1, 7), (1, 9), (1, 10), (2, 5), (2, 6), (2, 7), (2, 8), (3, 6), (3, 8), (3, 10), (4, 8), (4, 9), (4, 10), (5, 7), (5, 8), (6, 10), (7, 9)]
  edges= 22 [(0, 3), (0, 5), (0, 6), (0, 9), (1, 4), (1, 7), (1, 9), (1, 10), (2, 5), (2, 6), (2, 7), (2, 8), (3, 6), (3, 8), (3, 10), (4, 8), (4, 9), (4, 10), (5, 7), (5, 10), (6, 9), (7, 8)]
  edges= 24 [(0, 3), (0, 5), (0, 6), (0, 9), (0, 10), (1, 4), (1, 6), (1, 7), (1, 8), (1, 10), (2, 5), (2, 7), (2, 8), (2, 9), (3, 7), (3, 9), (3, 10), (4, 6), (4, 8), (4, 9), (5, 8), (5, 10), (6, 9), (7, 10)]
  edges= 24 [(0, 3), (0, 5), (0, 6), (0, 8), (0, 10), (1, 4), (1, 6), (1, 7), (1, 10), (2, 5), (2, 7), (2, 9), (2, 10), (3, 7), (3, 8), (3, 9), (4, 6), (4, 8), (4, 9), (5, 8), (5, 10), (6, 9), (6, 10), (7, 10)]
  edges= 24 [(0, 3), (0, 5), (0, 6), (0, 8), (0, 10), (1, 4), (1, 6), (1, 7), (1, 9), (2, 5), (2, 7), (2, 9), (2, 10), (3, 7), (3, 8), (3, 10), (4, 6), (4, 8), (4, 9), (5, 8), (5, 9), (6, 10), (7, 9), (7, 10)]
  edges= 25 [(0, 3), (0, 5), (0, 6), (0, 8), (0, 9), (1, 4), (1, 6), (1, 7), (1, 10), (2, 5), (2, 7), (2, 9), (2, 10), (3, 7), (3, 8), (3, 9), (4, 6), (4, 8), (4, 10), (5, 8), (5, 10), (6, 9), (7, 9), (7, 10), (8, 10)]
  edges= 23 [(0, 3), (0, 5), (0, 6), (0, 8), (1, 4), (1, 6), (1, 7), (1, 9), (2, 5), (2, 7), (2, 8), (2, 10), (3, 7), (3, 9), (3, 10), (4, 6), (4, 9), (4, 10), (5, 8), (5, 9), (6, 8), (7, 10), (8, 10)]
  edges= 23 [(0, 3), (0, 5), (0, 6), (0, 9), (1, 4), (1, 6), (1, 7), (1, 8), (2, 5), (2, 7), (2, 8), (2, 10), (3, 7), (3, 9), (3, 10), (4, 6), (4, 9), (4, 10), (5, 8), (5, 9), (6, 8), (7, 10), (9, 10)]
  edges= 22 [(0, 3), (0, 5), (0, 6), (0, 9), (1, 4), (1, 6), (1, 8), (1, 10), (2, 5), (2, 6), (2, 7), (2, 8), (3, 8), (3, 9), (3, 10), (4, 7), (4, 9), (4, 10), (5, 7), (5, 9), (6, 10), (7, 8)]
  edges= 23 [(0, 3), (0, 5), (0, 6), (0, 10), (1, 4), (1, 6), (1, 8), (1, 9), (2, 5), (2, 6), (2, 7), (2, 9), (3, 8), (3, 9), (3, 10), (4, 7), (4, 9), (4, 10), (5, 7), (5, 8), (6, 10), (7, 8), (7, 10)]
  edges= 25 [(0, 3), (0, 5), (0, 6), (0, 8), (0, 10), (1, 4), (1, 6), (1, 7), (1, 9), (1, 10), (2, 5), (2, 7), (2, 8), (2, 9), (3, 5), (3, 6), (3, 9), (4, 7), (4, 8), (4, 10), (5, 8), (6, 9), (6, 10), (7, 9), (8, 10)]
  edges= 23 [(0, 3), (0, 6), (0, 8), (0, 10), (1, 4), (1, 6), (1, 8), (1, 9), (2, 5), (2, 7), (2, 8), (2, 9), (3, 6), (3, 9), (3, 10), (4, 7), (4, 8), (4, 10), (5, 7), (5, 9), (5, 10), (6, 9), (7, 10)]
  edges= 24 [(0, 3), (0, 6), (0, 8), (0, 9), (1, 4), (1, 6), (1, 8), (1, 10), (2, 5), (2, 7), (2, 8), (2, 9), (3, 6), (3, 9), (3, 10), (4, 7), (4, 8), (4, 10), (5, 7), (5, 9), (5, 10), (6, 10), (7, 10), (8, 9)]
  edges= 23 [(0, 3), (0, 6), (0, 8), (0, 9), (1, 4), (1, 6), (1, 9), (1, 10), (2, 5), (2, 7), (2, 8), (2, 9), (3, 6), (3, 8), (3, 10), (4, 7), (4, 8), (4, 10), (5, 7), (5, 9), (5, 10), (6, 10), (7, 10)]
  edges= 23 [(0, 3), (0, 6), (0, 8), (0, 9), (1, 4), (1, 6), (1, 9), (1, 10), (2, 5), (2, 7), (2, 8), (2, 10), (3, 6), (3, 8), (3, 10), (4, 7), (4, 8), (4, 9), (5, 7), (5, 9), (5, 10), (6, 10), (7, 9)]
  edges= 24 [(0, 3), (0, 6), (0, 8), (0, 9), (1, 4), (1, 6), (1, 9), (1, 10), (2, 5), (2, 7), (2, 8), (2, 9), (3, 6), (3, 8), (3, 10), (4, 7), (4, 8), (4, 10), (5, 7), (5, 9), (5, 10), (6, 10), (7, 10), (8, 9)]
  edges= 23 [(0, 3), (0, 6), (0, 8), (0, 9), (1, 4), (1, 6), (1, 9), (1, 10), (2, 5), (2, 7), (2, 8), (2, 9), (3, 6), (3, 8), (3, 10), (4, 7), (4, 9), (4, 10), (5, 7), (5, 8), (5, 10), (6, 10), (7, 10)]
  edges= 23 [(0, 3), (0, 6), (0, 8), (0, 9), (1, 4), (1, 6), (1, 9), (1, 10), (2, 5), (2, 7), (2, 8), (2, 9), (3, 6), (3, 8), (3, 10), (4, 7), (4, 9), (4, 10), (5, 7), (5, 8), (5, 10), (6, 9), (7, 10)]
  edges= 23 [(0, 3), (0, 5), (0, 8), (0, 9), (1, 4), (1, 6), (1, 7), (1, 9), (2, 6), (2, 7), (2, 8), (2, 10), (3, 5), (3, 8), (3, 10), (4, 7), (4, 9), (4, 10), (5, 9), (5, 10), (6, 8), (6, 9), (7, 10)]
  edges= 23 [(0, 3), (0, 5), (0, 8), (0, 9), (1, 4), (1, 6), (1, 7), (1, 9), (2, 5), (2, 6), (2, 8), (2, 10), (3, 7), (3, 9), (3, 10), (4, 6), (4, 7), (4, 10), (5, 8), (5, 9), (6, 9), (7, 10), (8, 10)]
  edges= 23 [(0, 3), (0, 5), (0, 8), (0, 9), (1, 4), (1, 6), (1, 7), (1, 9), (2, 5), (2, 6), (2, 8), (2, 10), (3, 7), (3, 9), (3, 10), (4, 6), (4, 7), (4, 10), (5, 8), (5, 9), (6, 10), (7, 9), (8, 10)]
  edges= 24 [(0, 3), (0, 5), (0, 8), (0, 10), (1, 4), (1, 6), (1, 7), (1, 8), (1, 10), (2, 5), (2, 6), (2, 8), (2, 9), (3, 7), (3, 9), (3, 10), (4, 6), (4, 7), (4, 9), (5, 8), (5, 9), (6, 9), (7, 10), (8, 10)]
  edges= 22 [(0, 3), (0, 5), (0, 8), (0, 9), (1, 4), (1, 6), (1, 7), (1, 8), (2, 5), (2, 6), (2, 9), (2, 10), (3, 7), (3, 8), (3, 9), (4, 6), (4, 7), (4, 10), (5, 9), (5, 10), (6, 8), (7, 10)]
  edges= 23 [(0, 3), (0, 5), (0, 8), (0, 9), (1, 4), (1, 6), (1, 7), (1, 8), (1, 10), (2, 5), (2, 6), (2, 9), (2, 10), (3, 7), (3, 9), (3, 10), (4, 6), (4, 7), (4, 9), (5, 8), (5, 10), (6, 8), (7, 10)]
  edges= 23 [(0, 3), (0, 5), (0, 8), (0, 9), (1, 4), (1, 6), (1, 7), (1, 8), (2, 5), (2, 6), (2, 9), (2, 10), (3, 7), (3, 9), (3, 10), (4, 6), (4, 7), (4, 10), (5, 8), (5, 9), (6, 8), (7, 10), (9, 10)]
  edges= 22 [(0, 3), (0, 5), (0, 9), (0, 10), (1, 4), (1, 6), (1, 7), (1, 8), (2, 5), (2, 6), (2, 8), (2, 9), (3, 7), (3, 9), (3, 10), (4, 6), (4, 7), (4, 9), (5, 8), (5, 10), (6, 8), (7, 10)]
  edges= 23 [(0, 3), (0, 5), (0, 9), (0, 10), (1, 4), (1, 6), (1, 7), (1, 8), (1, 10), (2, 5), (2, 6), (2, 8), (2, 9), (3, 7), (3, 9), (3, 10), (4, 6), (4, 7), (4, 9), (5, 8), (5, 10), (6, 8), (7, 10)]
  edges= 24 [(0, 3), (0, 5), (0, 9), (0, 10), (1, 4), (1, 6), (1, 7), (1, 8), (1, 10), (2, 5), (2, 6), (2, 8), (2, 9), (3, 7), (3, 9), (3, 10), (4, 6), (4, 7), (4, 9), (5, 8), (5, 10), (6, 8), (7, 10), (8, 10)]
  edges= 22 [(0, 3), (0, 5), (0, 9), (0, 10), (1, 4), (1, 6), (1, 7), (1, 8), (2, 5), (2, 6), (2, 8), (2, 9), (3, 7), (3, 9), (3, 10), (4, 6), (4, 7), (4, 10), (5, 8), (5, 9), (6, 8), (7, 10)]
  edges= 23 [(0, 3), (0, 5), (0, 9), (0, 10), (1, 4), (1, 6), (1, 7), (1, 8), (2, 5), (2, 6), (2, 8), (2, 10), (3, 7), (3, 9), (3, 10), (4, 6), (4, 7), (4, 10), (5, 8), (5, 9), (6, 8), (6, 10), (7, 9)]
  edges= 24 [(0, 3), (0, 5), (0, 6), (0, 9), (0, 10), (1, 4), (1, 6), (1, 7), (1, 9), (2, 5), (2, 7), (2, 8), (2, 10), (3, 7), (3, 8), (3, 9), (4, 8), (4, 9), (4, 10), (5, 6), (5, 10), (6, 9), (7, 8), (8, 10)]
  edges= 23 [(0, 4), (0, 5), (0, 7), (0, 8), (1, 4), (1, 6), (1, 7), (1, 9), (2, 5), (2, 6), (2, 7), (2, 10), (3, 7), (3, 8), (3, 9), (3, 10), (4, 8), (4, 9), (5, 8), (5, 10), (6, 9), (6, 10), (8, 10)]
  edges= 23 [(0, 4), (0, 5), (0, 7), (0, 9), (1, 4), (1, 6), (1, 7), (1, 8), (2, 5), (2, 6), (2, 7), (2, 10), (3, 7), (3, 8), (3, 9), (3, 10), (4, 8), (4, 9), (5, 8), (5, 10), (6, 9), (6, 10), (8, 10)]
  edges= 23 [(0, 4), (0, 5), (0, 7), (0, 10), (1, 4), (1, 6), (1, 7), (1, 8), (2, 5), (2, 7), (2, 8), (2, 9), (3, 6), (3, 7), (3, 9), (3, 10), (4, 9), (4, 10), (5, 8), (5, 10), (6, 8), (6, 9), (8, 10)]
  edges= 23 [(0, 4), (0, 5), (0, 7), (0, 10), (1, 4), (1, 6), (1, 7), (1, 8), (2, 5), (2, 7), (2, 8), (2, 9), (3, 6), (3, 7), (3, 9), (3, 10), (4, 9), (4, 10), (5, 8), (5, 10), (6, 8), (6, 9), (9, 10)]
  edges= 24 [(0, 4), (0, 6), (0, 8), (0, 10), (1, 4), (1, 7), (1, 8), (1, 9), (2, 5), (2, 6), (2, 9), (2, 10), (3, 5), (3, 7), (3, 8), (3, 10), (4, 6), (4, 8), (5, 7), (5, 9), (5, 10), (6, 9), (7, 9), (8, 10)]
  edges= 25 [(0, 4), (0, 6), (0, 8), (0, 9), (1, 4), (1, 7), (1, 8), (1, 10), (2, 5), (2, 6), (2, 9), (2, 10), (3, 5), (3, 7), (3, 8), (3, 9), (4, 6), (4, 8), (4, 10), (5, 7), (5, 9), (5, 10), (6, 10), (7, 10), (8, 9)]
  edges= 23 [(0, 3), (0, 5), (0, 6), (0, 8), (0, 10), (1, 4), (1, 6), (1, 7), (1, 10), (2, 5), (2, 7), (2, 9), (2, 10), (3, 8), (3, 9), (3, 10), (4, 7), (4, 8), (4, 9), (5, 6), (5, 9), (6, 8), (7, 10)]
  edges= 23 [(0, 3), (0, 5), (0, 6), (0, 10), (1, 4), (1, 6), (1, 7), (1, 8), (2, 5), (2, 7), (2, 8), (2, 9), (3, 8), (3, 9), (3, 10), (4, 7), (4, 9), (4, 10), (5, 6), (5, 10), (6, 9), (7, 8), (7, 10)]
  edges= 24 [(0, 3), (0, 5), (0, 6), (0, 9), (0, 10), (1, 4), (1, 6), (1, 7), (1, 9), (2, 5), (2, 7), (2, 8), (2, 10), (3, 8), (3, 9), (3, 10), (4, 7), (4, 8), (4, 9), (5, 6), (5, 10), (6, 9), (7, 8), (8, 10)]
  edges= 24 [(0, 3), (0, 4), (0, 7), (0, 8), (0, 10), (1, 4), (1, 5), (1, 7), (1, 9), (2, 5), (2, 6), (2, 7), (2, 8), (3, 6), (3, 8), (3, 10), (4, 7), (4, 9), (4, 10), (5, 8), (5, 9), (6, 9), (6, 10), (9, 10)]
  edges= 23 [(0, 4), (0, 5), (0, 7), (0, 8), (1, 4), (1, 6), (1, 7), (1, 10), (2, 5), (2, 7), (2, 9), (2, 10), (3, 6), (3, 8), (3, 9), (3, 10), (4, 7), (4, 9), (5, 8), (5, 9), (6, 8), (6, 10), (9, 10)]
  edges= 24 [(0, 4), (0, 5), (0, 8), (0, 10), (1, 4), (1, 7), (1, 8), (1, 9), (2, 5), (2, 6), (2, 8), (2, 9), (3, 6), (3, 7), (3, 9), (3, 10), (4, 6), (4, 8), (4, 10), (5, 7), (5, 10), (6, 9), (7, 9), (7, 10)]
  edges= 24 [(0, 4), (0, 5), (0, 8), (0, 9), (1, 4), (1, 7), (1, 8), (1, 10), (2, 5), (2, 6), (2, 8), (2, 10), (3, 6), (3, 7), (3, 9), (3, 10), (4, 6), (4, 8), (5, 7), (5, 9), (6, 9), (7, 9), (7, 10), (8, 10)]
  edges= 25 [(0, 4), (0, 5), (0, 8), (0, 10), (1, 4), (1, 7), (1, 8), (1, 9), (2, 5), (2, 6), (2, 8), (2, 9), (3, 6), (3, 7), (3, 9), (3, 10), (4, 6), (4, 8), (4, 10), (5, 7), (5, 10), (6, 10), (7, 9), (7, 10), (8, 9)]
  edges= 22 [(0, 4), (0, 5), (0, 9), (0, 10), (1, 4), (1, 7), (1, 8), (1, 9), (2, 5), (2, 6), (2, 8), (2, 9), (3, 6), (3, 7), (3, 9), (3, 10), (4, 6), (4, 8), (5, 7), (5, 10), (6, 8), (7, 10)]
  edges= 23 [(0, 4), (0, 5), (0, 9), (0, 10), (1, 4), (1, 7), (1, 8), (1, 9), (2, 5), (2, 6), (2, 8), (2, 9), (3, 6), (3, 7), (3, 9), (3, 10), (4, 6), (4, 8), (5, 7), (5, 10), (6, 8), (7, 10), (8, 10)]
  edges= 24 [(0, 4), (0, 5), (0, 9), (0, 10), (1, 4), (1, 7), (1, 8), (1, 9), (2, 5), (2, 6), (2, 8), (2, 9), (3, 6), (3, 7), (3, 9), (3, 10), (4, 6), (4, 8), (4, 10), (5, 7), (5, 10), (6, 8), (6, 10), (7, 10)]
  edges= 24 [(0, 4), (0, 6), (0, 8), (0, 9), (1, 4), (1, 7), (1, 9), (1, 10), (2, 5), (2, 6), (2, 7), (2, 8), (3, 5), (3, 8), (3, 9), (3, 10), (4, 6), (4, 9), (5, 7), (5, 8), (5, 10), (6, 7), (7, 10), (9, 10)]
  edges= 24 [(0, 3), (0, 5), (0, 6), (0, 8), (0, 10), (1, 4), (1, 6), (1, 8), (1, 9), (2, 5), (2, 7), (2, 8), (2, 9), (3, 7), (3, 9), (3, 10), (4, 7), (4, 8), (4, 10), (5, 6), (5, 9), (6, 10), (7, 9), (7, 10)]
  edges= 23 [(0, 3), (0, 5), (0, 6), (0, 8), (1, 4), (1, 6), (1, 9), (1, 10), (2, 5), (2, 7), (2, 8), (2, 10), (3, 7), (3, 9), (3, 10), (4, 7), (4, 8), (4, 9), (5, 6), (5, 8), (5, 10), (6, 9), (7, 10)]
  edges= 23 [(0, 3), (0, 5), (0, 6), (0, 8), (0, 10), (1, 4), (1, 6), (1, 9), (1, 10), (2, 5), (2, 7), (2, 9), (2, 10), (3, 7), (3, 8), (3, 9), (4, 7), (4, 8), (4, 10), (5, 6), (5, 9), (6, 8), (7, 10)]
  edges= 24 [(0, 3), (0, 4), (0, 7), (0, 8), (0, 10), (1, 4), (1, 5), (1, 7), (1, 9), (2, 5), (2, 6), (2, 8), (2, 9), (2, 10), (3, 6), (3, 7), (3, 10), (4, 7), (4, 8), (5, 8), (5, 9), (6, 9), (6, 10), (8, 10)]
  edges= 25 [(0, 3), (0, 4), (0, 7), (0, 8), (0, 10), (1, 4), (1, 5), (1, 7), (1, 9), (2, 5), (2, 6), (2, 8), (2, 9), (2, 10), (3, 6), (3, 7), (3, 10), (4, 7), (4, 8), (5, 8), (5, 9), (6, 9), (6, 10), (7, 9), (8, 10)]
  edges= 24 [(0, 4), (0, 5), (0, 7), (0, 8), (1, 4), (1, 6), (1, 8), (1, 9), (2, 5), (2, 6), (2, 7), (2, 10), (3, 7), (3, 8), (3, 9), (3, 10), (4, 7), (4, 9), (5, 8), (5, 10), (6, 9), (6, 10), (7, 9), (8, 10)]
  edges= 23 [(0, 4), (0, 5), (0, 7), (0, 9), (1, 4), (1, 6), (1, 8), (1, 9), (2, 5), (2, 6), (2, 7), (2, 10), (3, 7), (3, 8), (3, 9), (3, 10), (4, 7), (4, 8), (5, 8), (5, 10), (6, 9), (6, 10), (8, 10)]
  edges= 23 [(0, 4), (0, 5), (0, 7), (0, 9), (1, 4), (1, 6), (1, 8), (1, 9), (2, 5), (2, 6), (2, 7), (2, 10), (3, 7), (3, 8), (3, 9), (3, 10), (4, 7), (4, 8), (5, 9), (5, 10), (6, 8), (6, 10), (8, 10)]
  edges= 23 [(0, 4), (0, 5), (0, 7), (0, 8), (1, 4), (1, 6), (1, 9), (1, 10), (2, 5), (2, 7), (2, 9), (2, 10), (3, 6), (3, 7), (3, 8), (3, 10), (4, 7), (4, 9), (5, 8), (5, 9), (6, 8), (6, 10), (7, 10)]
  edges= 23 [(0, 4), (0, 5), (0, 7), (0, 8), (1, 4), (1, 6), (1, 9), (1, 10), (2, 5), (2, 7), (2, 9), (2, 10), (3, 6), (3, 7), (3, 8), (3, 10), (4, 7), (4, 9), (5, 8), (5, 9), (6, 8), (6, 10), (9, 10)]
  edges= 22 [(0, 3), (0, 6), (0, 7), (0, 8), (1, 4), (1, 6), (1, 8), (1, 10), (2, 5), (2, 7), (2, 9), (2, 10), (3, 6), (3, 7), (3, 10), (4, 7), (4, 8), (4, 9), (5, 8), (5, 9), (5, 10), (6, 9)]
  edges= 23 [(0, 3), (0, 6), (0, 7), (0, 8), (1, 4), (1, 6), (1, 8), (1, 10), (2, 5), (2, 7), (2, 9), (2, 10), (3, 6), (3, 7), (3, 10), (4, 7), (4, 8), (4, 9), (5, 8), (5, 9), (5, 10), (6, 9), (7, 10)]
  edges= 24 [(0, 3), (0, 4), (0, 7), (0, 8), (1, 4), (1, 5), (1, 7), (1, 9), (2, 5), (2, 6), (2, 8), (2, 9), (2, 10), (3, 6), (3, 7), (3, 10), (4, 8), (4, 9), (5, 7), (5, 8), (5, 10), (6, 9), (6, 10), (7, 10)]
  edges= 24 [(0, 3), (0, 4), (0, 7), (0, 9), (1, 4), (1, 5), (1, 7), (1, 10), (2, 5), (2, 6), (2, 8), (2, 9), (2, 10), (3, 6), (3, 7), (3, 8), (4, 9), (4, 10), (5, 7), (5, 8), (5, 10), (6, 8), (6, 9), (9, 10)]
  edges= 23 [(0, 4), (0, 5), (0, 7), (0, 8), (1, 4), (1, 6), (1, 7), (1, 10), (2, 5), (2, 7), (2, 9), (2, 10), (3, 6), (3, 8), (3, 9), (3, 10), (4, 8), (4, 9), (5, 7), (5, 9), (6, 8), (6, 10), (7, 10)]
  edges= 23 [(0, 4), (0, 5), (0, 7), (0, 8), (1, 4), (1, 6), (1, 7), (1, 10), (2, 5), (2, 7), (2, 9), (2, 10), (3, 6), (3, 8), (3, 9), (3, 10), (4, 8), (4, 9), (5, 7), (5, 9), (6, 8), (6, 10), (9, 10)]
  edges= 24 [(0, 4), (0, 6), (0, 8), (0, 9), (1, 4), (1, 7), (1, 9), (1, 10), (2, 5), (2, 6), (2, 9), (2, 10), (3, 5), (3, 7), (3, 8), (3, 9), (4, 6), (4, 8), (4, 10), (5, 7), (5, 8), (5, 10), (6, 7), (8, 10)]
  edges= 23 [(0, 3), (0, 5), (0, 7), (0, 10), (1, 4), (1, 7), (1, 8), (1, 9), (2, 5), (2, 6), (2, 7), (2, 8), (3, 6), (3, 8), (3, 10), (4, 7), (4, 9), (4, 10), (5, 8), (5, 9), (6, 9), (6, 10), (7, 10)]
  edges= 24 [(0, 3), (0, 5), (0, 7), (0, 9), (1, 4), (1, 7), (1, 8), (1, 9), (2, 5), (2, 6), (2, 7), (2, 10), (3, 6), (3, 8), (3, 9), (4, 7), (4, 8), (4, 10), (5, 8), (5, 10), (6, 9), (6, 10), (7, 9), (8, 10)]
  edges= 23 [(0, 3), (0, 5), (0, 7), (0, 8), (1, 4), (1, 7), (1, 8), (1, 9), (2, 5), (2, 6), (2, 7), (2, 10), (3, 6), (3, 8), (3, 9), (4, 7), (4, 9), (4, 10), (5, 9), (5, 10), (6, 8), (6, 10), (8, 10)]
  edges= 23 [(0, 3), (0, 5), (0, 7), (0, 8), (1, 4), (1, 7), (1, 8), (1, 9), (2, 5), (2, 6), (2, 7), (2, 10), (3, 6), (3, 8), (3, 9), (4, 7), (4, 9), (4, 10), (5, 9), (5, 10), (6, 8), (6, 10), (9, 10)]
  edges= 23 [(0, 3), (0, 5), (0, 7), (0, 8), (1, 4), (1, 6), (1, 7), (1, 10), (2, 6), (2, 8), (2, 9), (2, 10), (3, 5), (3, 7), (3, 9), (4, 7), (4, 8), (4, 9), (5, 9), (5, 10), (6, 8), (6, 10), (9, 10)]
  edges= 24 [(0, 4), (0, 5), (0, 7), (0, 9), (1, 4), (1, 6), (1, 8), (1, 10), (2, 5), (2, 7), (2, 8), (2, 10), (3, 6), (3, 7), (3, 8), (3, 9), (4, 9), (4, 10), (5, 7), (5, 10), (6, 8), (6, 9), (7, 9), (8, 10)]
  edges= 23 [(0, 4), (0, 5), (0, 7), (0, 8), (1, 4), (1, 6), (1, 9), (1, 10), (2, 5), (2, 7), (2, 9), (2, 10), (3, 6), (3, 7), (3, 8), (3, 10), (4, 8), (4, 9), (5, 7), (5, 9), (6, 8), (6, 10), (7, 10)]
  edges= 23 [(0, 4), (0, 5), (0, 7), (0, 8), (1, 4), (1, 6), (1, 9), (1, 10), (2, 5), (2, 7), (2, 9), (2, 10), (3, 6), (3, 7), (3, 8), (3, 10), (4, 8), (4, 9), (5, 7), (5, 9), (6, 8), (6, 10), (9, 10)]
  edges= 22 [(0, 3), (0, 5), (0, 7), (0, 8), (1, 4), (1, 7), (1, 8), (1, 10), (2, 5), (2, 6), (2, 8), (2, 10), (3, 6), (3, 7), (3, 9), (4, 7), (4, 9), (4, 10), (5, 8), (5, 9), (6, 9), (6, 10)]
  edges= 23 [(0, 3), (0, 5), (0, 7), (0, 8), (1, 4), (1, 7), (1, 8), (1, 9), (2, 5), (2, 6), (2, 9), (2, 10), (3, 6), (3, 7), (3, 10), (4, 7), (4, 9), (4, 10), (5, 8), (5, 9), (6, 8), (6, 10), (7, 10)]
