independent sets: 16284
primal optimum (chi_f) = 3.5
fractional-colouring support (independent set, weight):
   [0, 6, 8, 10, 12, 14, 20] 1/4
   [0, 6, 7, 10, 13, 14, 20] 1/4
   [2, 5, 7, 9, 16, 17, 19, 22] 1/4
   [3, 4, 11, 15, 17, 22, 23] 1/2
   [0, 3, 10, 14, 20, 22, 23] 1/4
   [1, 4, 11, 13, 15, 18, 24] 1/4
   [1, 5, 8, 12, 16, 18, 21, 24] 1/2
   [0, 3, 10, 14, 20, 21, 24] 1/4
   [2, 6, 7, 9, 13, 19, 25] 1/2
   [2, 5, 8, 9, 16, 19, 21, 25] 1/4
   [1, 4, 11, 12, 15, 17, 18, 23, 25] 1/4
total weight: 7/2
coverage min: 1.0 max: 1.0
