cross-check: enhanced test agrees with calibrated oracle: 7-vertex spindle chi = 4, 4-colourable, not 3.
cross-check: enhanced test agrees with oracle on lattice patches r = 1, 2, 3 (square and triangular).

=== SQUARE LATTICE PATCH S_r  (plane Z^2, unit edges) ===
  r      n        e chi     t(sec)
  0      1        0   1     0.0000
  1      9       12   2     0.0000
  2     25       40   2     0.0001
  3     49       84   2     0.0002
  4     81      144   2     0.0005
  5    121      220   2     0.0010
  6    169      312   2     0.0019
  7    225      420   2     0.0035
  8    289      544   2     0.0054
  9    361      684   2     0.0084
 10    441      840   2     0.0126
 11    529     1012   2     0.0188
 12    625     1200   2     0.0252
 13    729     1404   2     0.0339
 14    841     1624   2     0.0457
 15    961     1860   2     0.0581
 16   1089     2112   2     0.0745
 17   1225     2380   2     0.0939
 18   1369     2664   2     0.1167
 19   1521     2964   2     0.1439
 20   1681     3280   2     0.1749
 21   1849     3612   2     0.2202
 22   2025     3960   2     0.3110
 23   2209     4324   2     0.3640
 24   2401     4704   2     0.3764
 25   2601     5100   2     0.4324

=== TRIANGULAR LATTICE HEXAGON PATCH H_r  (A2) ===
  r      n        e chi     t(sec)
  0      1        0   1     0.0000
  1      7       12   3     0.0000
  2     19       42   3     0.0000
  3     37       90   3     0.0001
  4     61      156   3     0.0003
  5     91      240   3     0.0007
  6    127      342   3     0.0013
  7    169      462   3     0.0023
  8    217      600   3     0.0037
  9    271      756   3     0.0057
 10    331      930   3     0.0084
 11    397     1122   3     0.0122
 12    469     1332   3     0.0168
 13    547     1560   3     0.0229
 14    631     1806   3     0.0309
 15    721     2070   3     0.0402
 16    817     2352   3     0.0509
 17    919     2652   3     0.0639
 18   1027     2970   3     0.0817
 19   1141     3306   3     0.0978
 20   1261     3660   3     0.1208
 21   1387     4032   3     0.1460

=== degree classification of H_r (interior / side / corner) ===
r=2: n=19  degree histogram {3: 6, 4: 6, 6: 7}
r=3: n=37  degree histogram {3: 6, 4: 12, 6: 19}
r=7: n=169  degree histogram {3: 6, 4: 36, 6: 127}

=== sequences (exact counts from the runs above) ===
S_r n: [1, 9, 25, 49, 81, 121, 169, 225, 289, 361, 441, 529, 625, 729]
S_r e: [0, 12, 40, 84, 144, 220, 312, 420, 544, 684, 840, 1012, 1200, 1404]
H_r n: [1, 7, 19, 37, 61, 91, 127, 169, 217, 271, 331, 397, 469, 547]
H_r e: [0, 12, 42, 90, 156, 240, 342, 462, 600, 756, 930, 1122, 1332, 1560]
H_r chi: [1, 3, 3, 3, 3, 3, 3, 3, 3, 3, 3, 3, 3, 3, 3, 3, 3, 3, 3, 3, 3, 3]
