internal check: A^1 = calibration graph, n=7, e=11, 3-ok=False, 4-ok=True  (reproduces calibration)
=== level k = 6 ===  (A^k, A = 7-vertex calibrated spindle)
distinct points: 532   (construction 0.030 s)
unit edges (brute exact oracle): 2659   (6.835 s)
unit edges (sympy independent re-certification): 2659   (37.023 s)  agree? True
DSATUR complete test: k <= 4 ?  k = 4  (0.036 s)
  witness: [0, 2, 1, 0, 1, 2, 3, 1, 2, 0, 3, 1, 2, 1, 3, 0, 2, 0, 1, 2, 3, 0, 2, 0, 1, 0, 0, 1, 3, 0, 2, 2, 0, 3, 1, 2, 3, 2, 0, 2, 0, 2, 0, 3, 1, 1, 3, 0, 2, 1, 0, 1, 3, 1, 0, 1, 2, 3, 0, 2, 0, 1, 0, 1, 3, 1, 2, 3, 2, 3, 2, 0, 1, 2, 3, 1, 3, 0, 2, 1, 0, 1, 3, 1, 2, 0, 3, 1, 2, 3, 2, 0, 2, 0, 1, 0, 3, 1, 3, 1, 1, 0, 2, 1, 3, 2, 0, 3, 1, 2, 3, 2, 0, 2, 1, 3, 0, 2, 1, 0, 1, 3, 1, 3, 2, 3, 0, 2, 0, 2, 0, 2, 1, 3, 0, 1, 0, 2, 0, 1, 3, 2, 2, 3, 1, 3, 0, 2, 0, 1, 0, 1, 0, 2, 0, 1, 2, 0, 3, 1, 0, 1, 2, 3, 0, 2, 0, 1, 0, 1, 3, 0, 2, 1, 0, 1, 3, 1, 3, 2, 3, 0, 2, 0, 2, 2, 0, 3, 1, 2, 3, 2, 0, 2, 0, 1, 0, 3, 1, 3, 1, 2, 3, 2, 3, 2, 0, 2, 0, 2, 2, 1, 3, 0, 2, 0, 2, 1, 3, 0, 1, 0, 2, 0, 2, 0, 3, 1, 2, 3, 2, 0, 2, 0, 1, 0, 3, 1, 3, 1, 1, 3, 0, 2, 1, 0, 1, 3, 1, 3, 2, 3, 0, 2, 0, 2, 1, 0, 1, 0, 1, 3, 1, 3, 1, 0, 2, 1, 3, 0, 1, 0, 2, 0, 2, 3, 2, 1, 3, 1, 3, 0, 1, 0, 1, 0, 2, 0, 2, 0, 1, 3, 2, 3, 2, 2, 3, 1, 3, 1, 3, 0, 1, 3, 0, 2, 2, 0, 3, 1, 2, 3, 2, 0, 2, 0, 1, 2, 3, 0, 2, 0, 1, 0, 1, 3, 1, 2, 3, 2, 3, 1, 3, 0, 2, 1, 0, 1, 3, 1, 3, 2, 3, 0, 2, 0, 2, 1, 0, 1, 0, 1, 3, 1, 3, 1, 2, 0, 3, 1, 2, 3, 2, 0, 2, 0, 1, 0, 3, 1, 3, 1, 2, 3, 2, 3, 2, 0, 2, 0, 2, 0, 1, 0, 1, 0, 3, 1, 3, 1, 3, 1, 0, 2, 0, 3, 1, 1, 3, 0, 2, 1, 0, 1, 3, 1, 0, 2, 1, 3, 0, 1, 0, 2, 0, 2, 3, 2, 1, 3, 1, 3, 2, 1, 3, 0, 2, 3, 2, 0, 2, 0, 1, 0, 3, 1, 3, 1, 2, 3, 2, 3, 2, 0, 2, 0, 2, 1, 3, 0, 2, 1, 0, 1, 3, 1, 3, 2, 3, 0, 2, 0, 2, 1, 0, 1, 0, 1, 3, 1, 3, 1, 3, 2, 3, 2, 3, 0, 2, 0, 2, 0, 2, 0, 2, 1, 3, 0, 1, 0, 2, 0, 2, 3, 2, 1, 3, 1, 3, 0, 1, 0, 1, 0, 2, 0, 2, 0, 2, 3, 2, 3, 2, 1, 3, 1, 3, 1, 3, 0, 1, 0, 1, 0, 1, 0, 2, 0, 2, 0, 2, 0]
plain backtracking cross-check: 3-colourable? False   4-colourable? True  witness [0, 1, 2, 0, 1, 2, 3, 2, 1, 0, 3, 2, 1, 2, 3, 0, 1, 0, 1, 2, 3, 0, 2, 0, 1, 0, 0, 2, 3, 0, 1, 1, 0, 3, 2, 1, 3, 1, 0, 1, 0, 1, 0, 3, 2, 2, 3, 0, 1, 2, 0, 2, 3, 2, 0, 1, 2, 3, 0, 2, 0, 1, 0, 1, 3, 1, 2, 3, 2, 3, 1, 0, 1, 2, 3, 2, 3, 0, 1, 2, 0, 2, 3, 2, 1, 0, 3, 2, 1, 3, 1, 0, 1, 0, 2, 0, 3, 2, 3, 2, 2, 0, 1, 2, 3, 1, 0, 3, 2, 1, 3, 1, 0, 1, 2, 3, 0, 1, 2, 0, 2, 3, 2, 3, 1, 3, 0, 1, 0, 1, 0, 1, 2, 3, 0, 2, 0, 1, 0, 1, 3, 1, 2, 3, 2, 3, 0, 2, 0, 2, 0, 1, 0, 1, 0, 2, 1, 0, 3, 2, 0, 1, 2, 3, 0, 2, 0, 1, 0, 2, 3, 0, 1, 2, 0, 2, 3, 2, 3, 1, 3, 0, 1, 0, 1, 1, 0, 3, 2, 1, 3, 1, 0, 1, 0, 2, 0, 3, 2, 3, 2, 1, 3, 1, 3, 1, 0, 1, 0, 1, 1, 2, 3, 0, 1, 0, 1, 2, 3, 0, 2, 0, 1, 0, 1, 0, 3, 2, 1, 3, 1, 0, 1, 0, 2, 0, 3, 2, 3, 2, 2, 3, 0, 1, 2, 0, 2, 3, 2, 3, 1, 3, 0, 1, 0, 1, 2, 0, 2, 0, 2, 3, 2, 3, 2, 0, 1, 2, 3, 0, 2, 0, 1, 0, 1, 3, 1, 2, 3, 2, 3, 0, 2, 0, 2, 0, 1, 0, 1, 0, 1, 3, 1, 3, 1, 2, 3, 2, 3, 2, 3, 0, 2, 3, 0, 1, 1, 0, 3, 2, 1, 3, 1, 0, 1, 0, 1, 2, 3, 0, 2, 0, 1, 0, 1, 3, 1, 2, 3, 2, 3, 2, 3, 0, 1, 2, 0, 2, 3, 2, 3, 1, 3, 0, 1, 0, 1, 2, 0, 2, 0, 2, 3, 2, 3, 2, 1, 0, 3, 2, 1, 3, 1, 0, 1, 0, 2, 0, 3, 2, 3, 2, 1, 3, 1, 3, 1, 0, 1, 0, 1, 0, 2, 0, 2, 0, 3, 2, 3, 2, 3, 2, 0, 1, 0, 3, 2, 2, 3, 0, 1, 2, 0, 2, 3, 2, 0, 1, 2, 3, 0, 2, 0, 1, 0, 1, 3, 1, 2, 3, 2, 3, 1, 0, 3, 2, 1, 3, 1, 0, 1, 0, 2, 0, 3, 2, 3, 2, 1, 3, 1, 3, 1, 0, 1, 0, 1, 2, 3, 0, 1, 2, 0, 2, 3, 2, 3, 1, 3, 0, 1, 0, 1, 2, 0, 2, 0, 2, 3, 2, 3, 2, 3, 1, 3, 1, 3, 0, 1, 0, 1, 0, 1, 0, 1, 2, 3, 0, 2, 0, 1, 0, 1, 3, 1, 2, 3, 2, 3, 0, 2, 0, 2, 0, 1, 0, 1, 0, 1, 3, 1, 3, 1, 2, 3, 2, 3, 2, 3, 0, 2, 0, 2, 0, 2, 0, 1, 0, 1, 0, 1, 0]   (0.053 s)
colour tests agree: chi(A^6) = 4, not 3.

CENSUS LEVEL k=6 FINISHED: chi = 4
