internal check: A^1 = calibration graph, n=7, e=11, 3-ok=False, 4-ok=True  (reproduces calibration)
=== level k = 5 ===  (A^k, A = 7-vertex calibrated spindle)
distinct points: 301   (construction 0.015 s)
unit edges (brute exact oracle): 1375   (1.925 s)
unit edges (sympy independent re-certification): 1375   (10.626 s)  agree? True
DSATUR complete test: k <= 4 ?  k = 4  (8.010 s)
  witness: [0, 1, 3, 2, 1, 3, 0, 0, 1, 2, 0, 3, 0, 3, 0, 2, 1, 2, 1, 3, 0, 2, 3, 2, 1, 2, 2, 0, 3, 1, 2, 1, 2, 0, 3, 1, 0, 1, 2, 1, 1, 0, 2, 1, 3, 3, 0, 2, 1, 3, 2, 3, 0, 3, 2, 1, 3, 0, 2, 3, 2, 1, 2, 1, 0, 1, 3, 0, 3, 0, 1, 2, 1, 3, 0, 0, 3, 1, 2, 0, 1, 3, 0, 3, 1, 2, 0, 3, 1, 0, 1, 2, 1, 2, 3, 2, 0, 3, 0, 3, 2, 1, 3, 0, 2, 0, 2, 1, 3, 1, 0, 0, 2, 1, 3, 0, 2, 1, 3, 2, 3, 0, 3, 0, 1, 0, 2, 1, 2, 1, 2, 1, 3, 0, 2, 3, 2, 1, 2, 1, 0, 1, 3, 0, 3, 0, 2, 3, 2, 3, 2, 1, 2, 1, 2, 0, 1, 0, 2, 3, 2, 1, 3, 0, 2, 3, 2, 1, 2, 0, 3, 2, 1, 0, 1, 3, 0, 3, 3, 2, 0, 2, 1, 2, 1, 1, 2, 0, 3, 1, 0, 1, 2, 1, 2, 3, 2, 0, 3, 0, 3, 1, 0, 1, 0, 1, 2, 1, 2, 1, 0, 2, 0, 3, 1, 1, 3, 0, 2, 0, 1, 1, 3, 0, 0, 2, 1, 3, 1, 0, 0, 2, 1, 2, 3, 2, 1, 3, 0, 3, 3, 0, 2, 1, 3, 2, 3, 0, 3, 0, 1, 0, 2, 1, 2, 1, 3, 2, 3, 2, 3, 0, 3, 0, 3, 0, 3, 1, 2, 2, 1, 2, 3, 0, 1, 0, 3, 3, 0, 1, 2, 2, 3, 2, 1, 2, 1, 2, 3, 0, 0, 1, 0, 1, 0, 0, 3, 0, 3, 1, 2]
plain backtracking cross-check: 3-colourable? False   4-colourable? True  witness [0, 1, 2, 0, 1, 2, 3, 2, 1, 0, 3, 2, 1, 2, 3, 0, 1, 0, 1, 2, 3, 0, 2, 0, 1, 0, 0, 2, 3, 0, 1, 1, 0, 3, 2, 1, 3, 1, 0, 1, 0, 1, 0, 3, 2, 2, 3, 0, 1, 2, 0, 2, 3, 2, 0, 1, 2, 3, 0, 2, 0, 1, 0, 1, 3, 1, 2, 3, 2, 3, 1, 0, 1, 2, 3, 2, 3, 0, 1, 2, 0, 2, 3, 2, 1, 0, 3, 2, 1, 3, 1, 0, 1, 0, 2, 0, 3, 2, 3, 2, 2, 0, 1, 2, 3, 1, 0, 3, 2, 1, 3, 1, 0, 1, 2, 3, 0, 1, 2, 0, 2, 3, 2, 3, 1, 3, 0, 1, 0, 1, 0, 1, 2, 3, 0, 2, 0, 1, 0, 1, 3, 1, 2, 3, 2, 3, 0, 2, 0, 2, 0, 1, 0, 1, 0, 2, 1, 0, 3, 2, 0, 1, 2, 3, 0, 2, 0, 1, 0, 2, 3, 0, 1, 2, 0, 2, 3, 2, 3, 1, 3, 0, 1, 0, 1, 1, 0, 3, 2, 1, 3, 1, 0, 1, 0, 2, 0, 3, 2, 3, 2, 1, 3, 1, 3, 1, 0, 1, 0, 1, 1, 2, 3, 0, 1, 0, 1, 2, 3, 0, 2, 0, 1, 0, 1, 0, 3, 2, 1, 3, 1, 0, 1, 0, 2, 0, 3, 2, 3, 2, 2, 3, 0, 1, 2, 0, 2, 3, 2, 3, 1, 3, 0, 1, 0, 1, 2, 0, 2, 0, 2, 3, 2, 3, 2, 0, 1, 2, 3, 0, 2, 0, 1, 0, 1, 3, 1, 2, 3, 2, 3, 0, 2, 0, 2, 0, 1, 0, 1, 0, 1, 3, 1, 3, 1, 2, 3, 2, 3, 2, 3]   (8.017 s)
colour tests agree: chi(A^5) = 4, not 3.

CENSUS LEVEL k=5 FINISHED: chi = 4
