======================================================================
Step 1: reproduce the statement's worked examples (brute force)
======================================================================
s(52) = 8  (brute force)
s(86) = 8  (brute force)
even n with s(n)=8 (brute force): [18, 52, 86, 256]
sum of even n with s(n)=8 = 412
Worked example sum == 412  -> reproduced.

======================================================================
Step 2: structural enumeration over divisors of 2^60 - 1
======================================================================
N = 2^60 - 1 = 1152921504606846975
factorisation: {3: 2, 5: 2, 7: 1, 11: 1, 13: 1, 31: 1, 41: 1, 61: 1, 151: 1, 331: 1, 1321: 1}
prime divisors of 60: [2, 3, 5]
number of divisors of N: 4608
m with ord_m(2)=60 (count C = 4456 ):
[61, 143, 175, 183, 225, 287, 305, 325, 369, 385, 403, 427, 429, 495, 525, 533, 549, 671, 715, 755, 793, 861, 915, 975, 1001, 1085, 1155, 1209, 1281, 1287, 1321, 1395, 1435, 1525, 1575, 1599, 1655, 1845, 1891, 1925, 1963, 2013, 2015, 2135, 2145, 2265, 2275, 2379, 2475, 2501, 2583, 2665, 2745, 2821, 2925, 3003, 3157, 3255, 3355, 3465, 3575, 3627, 3731, 3775, 3843, 3963, 3965, 4059, 4303, 4305, 4433, 4575, 4697, 4797, 4965, 5005, 5285, 5425, 5551, 5673, 5775, 5863, 5889, 6039, 6045, 6191, 6405, 6435, 6605, 6795, 6825, 6975, 7137, 7175, 7503, 7995, 8275, 8305, 8463, 8723, 8897, 9009, 9211, 9225, 9247, 9455, 9471, 9765, 9815, 10065, 10075, 10675, 10725, 11193, 11325, 11439, 11585, 11889, 11895, 11935, 12505, 12909, 12915, 13237, 13299, 13325, 13571, 13725, 13741, 14091, 14105, 14531, 14895, 15015, 15345, 15785, 15855, 16275, 16523, 16653, 16775, 17019, 17173, 17325, 17507, 17589, 17667, 18135, 18205, 18573, 18655, 19215, 19815, 19825, 20191, 20295, 20475, 20801, 21515, 21525, 21593, 22165, 22509, 23405, 23485, 23985, 24583, 24825, 24915, 25025, 25389, 26169, 26425, 26691, 27511, 27633, 27741, 27755, 28365, 28413, 29315, 29445, 30121, 30195, 30225, 30955, 31031, 32025, 32175, 32513, 33025, 33579, 33975, 34755, 35685, 35805, 37515, 38727, 39711, 39897, 39975, 40713, 40951, 41041, 41223, 41525, 42273, 42315, 43337, 43593, 43615, 44485, 45045, 46055, 46235, 47275, 47333, 47355, 47565, 48825, 49075, 49569, 49959, 50325, 51305, 51519, 52521, 52767, 54161, 54615, 55719, 55965, 57195, 57925, 58135, 59445, 59475, 59675, 60573, 60853, 61061, 62403, 62525, 64477, 64545, 64575, 64779, 66185, 66495, 67855, 68101, 68705, 70215, 70455, 70525, 72655, 73749, 74475, 74745, 75075, 76725, 77531, 78507, 78925, 79275, 80073, 80483, 80581, 82533, 82615, 82899, 83223, 83265, 85095, 85865, 87535, 87945, 88335, 90363, 90675, 91025, 92865, 93093, 93275, 94997, 96075, 97539, 97867, 99075, 100955, 101321, 101475, 101717, 104005, 104265, 107415, 107575, 107965, 110825, 112545, 115661, 117025, 117425, 119133, 119743, 119925, 120211, 122139, 122853, 122915, 123123, 123669, 124575, 125829, 126945, 127435, 130011, 130779, 130845, 133393, 133455, 137555, 138165, 138705, 138775, 141337, 141825, 141999, 142065, 145607, 146575, 147225, 148707, 149281, 150605, 150975, 151151, 153915, 154557, 154775, 155155, 157563, 162483, 162565, 163835, 163845, 167895, 172081, 173775, 174405, 176423, 178425, 179025, 181719, 181753, 182559, 183183, 187209, 187575, 188903, 191921, 192577, 193431, 193635, 194337, 198555, 199471, 199485, 203565, 204303, 204755, 205205, 206115, 210645, 211365, 211575, 216685, 217965, 218075, 221247, 222101, 222425, 225225, 227591, 230275, 231175, 232593, 236665, 236775, 237825, 241449, 241743, 247599, 247845, 249795, 249905, 256525, 257455, 257595, 262483, 262605, 263835, 270413, 270805, 271089, 273075, 278595, 279279, 279825, 284991, 285541, 285975, 286657, 290675, 292617, 293601, 297225, 302865, 303963, 304265, 305151, 305305, 312015, 322385, 322725, 323895, 330925, 331331, 332475, 339275, 340505, 343525, 346983, 351075, 352275, 357643, 359135, 359229, 360633, 363275, 368559, 368745, 369369, 373725, 377651, 379127, 382305, 387655, 390033, 392535, 400179, 400365, 402415, 402905, 412665, 413075, 414495, 416115, 416325, 420701, 424011, 425475, 425971, 425997, 429325, 436821, 437251, 437675, 439725, 441675, 447843, 450461, 451815, 453453, 461745, 464325, 465465, 474985, 476707, 487449, 487695, 489335, 491505, 504775, 506605, 508585, 516243, 520025, 521325, 523215, 529269, 532363, 537075, 539825, 542717, 545259, 547677, 549549, 562725, 563381, 564067, 564355, 566709, 575763, 577731, 578305, 580293, 595665, 595771, 598413, 598715, 601055, 610695, 612909, 614265, 614575, 615615, 618345, 625921, 629145, 634725, 637175, 649753, 650055, 653895, 654225, 666303, 666965, 667275, 669383, 682773, 687775, 690825, 693525, 697779, 704093, 706685, 709247, 709995, 710325, 724347, 725229, 728035, 743535, 746405, 749715, 753025, 755755, 769575, 772365, 772785, 775775, 787449, 787815, 811239, 812415, 812825, 819175, 819225, 827831, 838201, 839475, 852841, 854973, 856623, 859971, 860405, 872025, 880803, 882115, 885313, 886391, 908595, 908765, 911889, 912795, 915453, 915915, 933751, 936045, 944515, 959605, 962885, 967155, 968175, 971685, 992775, 993993, 997355, 997425, 1007903, 1017825, 1021515, 1023775, 1026025, 1030575, 1040949, 1044967, 1047553, 1053225, 1056825, 1072929, 1077405, 1077687, 1081899, 1083425, 1089825, 1106235, 1110505, 1132953, 1137381, 1137955, 1146915, 1162965, 1183325, 1200537, 1207245, 1208715, 1234961, 1237995, 1239225, 1248975, 1249525, 1262103, 1272033, 1272271, 1277913, 1287275, 1287975, 1310463, 1311753, 1312415, 1313025, 1317173, 1319175, 1322321, 1343447, 1343529, 1351383, 1352065, 1354025, 1355445, 1360359, 1392975, 1396297, 1396395, 1424955, 1427705, 1430121, 1433285, 1463085, 1467323, 1468005, 1474515, 1514325, 1519815, 1521325, 1525755, 1526525, 1548729, 1554707, 1560075, 1587807, 1597089, 1611925, 1619475, 1628151, 1635777, 1656655, 1678991, 1690143, 1692201, 1693065, 1700127, 1702525, 1727289, 1733193, 1734915, 1749335, 1787313, 1788215, 1795239, 1795675, 1796145, 1802185, 1803165, 1837381, 1842795, 1843725, 1846845, 1877763, 1888255, 1892891, 1895635, 1911525, 1938275, 1940653, 1949259, 1950165, 1962675, 1998787, 1998909, 2000895, 2001825, 2008149, 2012075, 2014525, 2048319, 2049221, 2063325, 2072475, 2080575, 2103505, 2111131, 2112279, 2120055, 2127741, 2129855, 2129985, 2184105, 2186255, 2194181, 2239215, 2249145, 2252305, 2259075, 2267265, 2308725, 2317095, 2327325, 2362347, 2374925, 2383535, 2433717, 2437245, 2438475, 2446675, 2457525, 2483493, 2494973, 2498011, 2503501, 2514603, 2533025, 2542925, 2558523, 2569869, 2579913, 2581215, 2593123, 2616075, 2643557, 2646345, 2655939, 2659173, 2661815, 2713585, 2726295, 2738385, 2747745, 2748955, 2801253, 2816905, 2820335, 2821775, 2833545, 2878815, 2887313, 2888655, 2891525, 2901465, 2944907, 2978325, 2978855, 2981979, 2992065, 2993575, 3005275, 3023709, 3048841, 3053475, 3060757, 3064545, 3071325, 3078075, 3091725, 3129605, 3134901, 3140951, 3142659, 3145725, 3153227, 3218787, 3232215, 3248765, 3250275, 3269475, 3303821, 3331515, 3334825, 3346915, 3398859, 3412143, 3413865, 3488895, 3520465, 3533425, 3546235, 3549975, 3621735, 3626145, 3640175, 3704883, 3712033, 3717675, 3726541, 3732025, 3748575, 3778775, 3786309, 3816813, 3833739, 3861825, 3863925, 3935259, 3937245, 3939075, 3950485, 3951519, 3966963, 4030341, 4054149, 4056195, 4062075, 4139155, 4154161, 4170397, 4188891, 4191005, 4264205, 4274865, 4283115, 4290363, 4299855, 4302025, 4381447, 4401969, 4404015, 4410575, 4426565, 4431955, 4542975, 4543825, 4548271, 4559445, 4563975, 4577265, 4579575, 4627711, 4664121, 4668755, 4680225, 4685681, 4722575, 4791267, 4798025, 4809761, 4814425, 4835775, 4858425, 4884453, 4909463, 4928651, 4969965, 4986775, 5036973, 5039515, 5070429, 5076603, 5079195, 5107575, 5204745, 5224835, 5237765, 5248005, 5361939, 5364645, 5387025, 5388435, 5406555, 5409495, 5469113, 5512143, 5531175, 5552525, 5633289, 5664765, 5678673, 5684263, 5686905, 5689775, 5734575, 5794817, 5814825, 5821959, 5847777, 5855993, 5969887, 5996361, 6002685, 6024447, 6036225, 6043575, 6147663, 6174805, 6183601, 6189975, 6197191, 6204737, 6310515, 6333393, 6336837, 6360165, 6361355, 6383223, 6389565, 6552315, 6558765, 6562075, 6582543, 6585865, 6611605, 6717235, 6717645, 6756915, 6760325, 6777225, 6801795, 6885131, 6981485, 6981975, 7055321, 7124775, 7138525, 7147283, 7150605, 7166425, 7315425, 7332871, 7336615, 7340025, 7372575, 7450479, 7484919, 7494033, 7510503, 7543809, 7599075, 7628775, 7675569, 7743645, 7745023, 7747055, 7773535, 7779369, 7930671, 7939035, 7967817, 7977519, 7985445, 8136973, 8140755, 8178311, 8178885, 8246865, 8283275, 8394955, 8403759, 8450715, 8461005, 8465325, 8500635, 8636445, 8661939, 8665965, 8674575, 8746675, 8834721, 8936565, 8941075, 8976195, 8980725, 9010925, 9015825, 9071127, 9106141, 9146523, 9182271, 9186905, 9213975, 9220211, 9234225, 9388815, 9404703, 9422853, 9427977, 9441275, 9459681, 9464455, 9478175, 9703265, 9746295, 9750825, 9911463, 9993935, 9994545, 10004475, 10040745, 10241595, 10246105, 10271261, 10517525, 10555655, 10561395, 10600275, 10638705, 10649275, 10649925, 10761803, 10920525, 10931275, 10970905, 11086933, 11114649, 11136099, 11179623, 11196075, 11245725, 11261525, 11336325, 11450439, 11523083, 11585475, 11707181, 11752937, 11811735, 11851455, 11854557, 11900889, 11917675, 12091023, 12167731, 12168585, 12186225, 12417465, 12462483, 12474865, 12490055, 12511191, 12517505, 12566673, 12573015, 12792615, 12849345, 12899565, 12906075, 12965615, 13144341, 13205907, 13217785, 13231725, 13279695, 13295865, 13309075, 13554781, 13567925, 13584571, 13631475, 13644813, 13691925, 13738725, 13744775, 13883133, 13992363, 14006265, 14057043, 14084525, 14101675, 14167725, 14344547, 14394075, 14429283, 14436565, 14443275, 14507325, 14724535, 14728389, 14777917, 14785953, 14894275, 14909895, 14960325, 15110919, 15118545, 15244205, 15303785, 15322725, 15359267, 15648025, 15674505, 15704755, 15713295, 15744015, 15766135, 16093935, 16161075, 16219665, 16243825, 16407339, 16519105, 16536429, 16657575, 16734575, 16994295, 17036019, 17052789, 17060715, 17069325, 17384451, 17444475, 17464811, 17465877, 17486077, 17567979, 17602325, 17731175, 17909661, 17927291, 17989083, 18108675, 18130725, 18151861, 18442989, 18468901, 18524415, 18550803, 18560165, 18591573, 18614211, 18632705, 18931545, 19000179, 19084065, 19168695, 19242685, 19676295, 19686225, 19747629, 19752425, 19757595, 19834815, 20142343, 20151705, 20211191, 20270745, 20280975, 20655393, 20695775, 20770805, 20851985, 20944455, 20955025, 21165963, 21321025, 21341887, 21374325, 21415575, 21441849, 21451815, 21499275, 21826883, 21907235, 21986657, 21998613, 22009845, 22020075, 22132825, 22159775, 22454757, 22482099, 22531509, 22541431, 22741355, 22797225, 22886325, 23126747, 23138555, 23235069, 23241165, 23320605, 23338107, 23343775, 23428405, 23792013, 23956335, 24048805, 24410919, 24422265, 24534933, 24547315, 24643255, 24740595, 24849825, 25184865, 25197575, 25352145, 25383015, 25395975, 25662761, 25984231, 25985817, 26023725, 26124175, 26188825, 26240025, 26504163, 26639873, 26672311, 26809695, 26823225, 26942175, 27032775, 27047475, 27318423, 27345565, 27439569, 27444703, 27478121, 27546813, 27560715, 27660633, 28166445, 28268559, 28323825, 28379043, 28393365, 28421315, 28434525, 28524353, 28974085, 29079127, 29109795, 29238885, 29279965, 29734389, 29849435, 29981805, 30013425, 30122235, 30738315, 30813783, 30874025, 30918005, 30985955, 31023685, 31552575, 31666965, 31684185, 31800825, 31806775, 31916115, 31947825, 32285409, 32393977, 32474143, 32761575, 32793825, 32912715, 32929325, 33058025, 33260799, 33408297, 33537251, 33538869, 33586175, 33588225, 33668327, 33784575, 34008975, 34366241, 34425655, 34569249, 34907425, 35121543, 35258811, 35276605, 35554365, 35736415, 35753025, 36342031, 36503193, 36664355, 36683075, 37252395, 37387449, 37424595, 37470165, 37533573, 37552515, 37719045, 38283791, 38377845, 38718225, 38725115, 38735275, 38867675, 38896845, 39433023, 39634933, 39653355, 39695175, 39789841, 39839085, 39887595, 39927225, 40664343, 40684865, 40703775, 40753713, 40832363, 40891555, 40894425, 40934439, 40991951, 41234325, 41649399, 41974775, 42018795, 42171129, 42253575, 42305025, 42503175, 42949673, 43033641, 43182225, 43285207, 43287849, 43309695, 43329825, 44173605, 44185167, 44333751, 44357859, 44682825, 44880975, 45355635, 45530705, 45732615, 45911355, 45934525, 46077801, 46101055, 46944075, 47023515, 47114265, 47139885, 47298405, 47322275, 48195917, 48516325, 48731475, 49222017, 49557315, 49969675, 49972725, 50030981, 50203725, 51158367, 51207975, 51230525, 51356305, 52153353, 52394433, 52458231, 52703937, 52778275, 52806975, 53193525, 53728983, 53781873, 53809015, 54004093, 54215161, 54229385, 54455583, 54854525, 55406703, 55434665, 55573245, 55652409, 55680495, 55774719, 55842633, 55898115, 56958811, 57248177, 57252195, 57615415, 57728055, 58535905, 58764685, 59058675, 59257275, 59272785, 59504445, 60160243, 60427029, 60455115, 60633573, 60838655, 60842925, 61966179, 62087325, 62312415, 62374325, 62450275, 62526893, 62555955, 62587525, 62833365, 62865075, 63497889, 63525851, 63742987, 63963075, 64025661, 64246725, 64325547, 64497825, 64828075, 65480649, 65721705, 65959971, 65995839, 66024901, 66029535, 66088925, 66398475, 66479325, 67624293, 67773905, 67922855, 68019611, 68224065, 69380241, 69415665, 69705207, 69723495, 69961815, 70031325, 70285215, 71722735, 72146415, 72182825, 73232757, 73604799, 73622675, 73641945, 73889585, 73929765, 74549475, 75332621, 75554595, 75592725, 76221025, 76518925, 76796335, 76988283, 77608531, 77952693, 78372525, 78523775, 78566475, 78720075, 78830675, 79919619, 80016933, 80386813, 80469675, 80661581, 81098325, 81950267, 81955269, 82036695, 82334109, 82434363, 82595525, 82682145, 82981899, 84971475, 85174117, 85180095, 85217605, 85263945, 85303575, 85573059, 86922255, 87237381, 87324055, 87329385, 87430385, 87839895, 89506703, 89548305, 89636455, 89945415, 89961421, 90759305, 92214945, 92344505, 92441349, 92622075, 92754015, 92800825, 92957865, 93071055, 93163525, 94514071, 94657725, 94883467, 95000895, 95420325, 95843475, 96213425, 96856227, 97181931, 97422429, 98381475, 98738145, 98787975, 99174075, 99782397, 100611753, 100711715, 100758525, 101004981, 101055955, 101353725, 102418451, 103098723, 103276965, 103707747, 103854025, 104259925, 104722275, 105364629, 105776433, 105829815, 106318043, 106709435, 107209245, 107259075, 109026093, 109134415, 109509579, 109536175, 109933285, 109993065, 110049225, 112273785, 112410495, 112657545, 112707155, 113706775, 114851373, 115633735, 115692775, 116175345, 116205825, 116603025, 116690535, 117142025, 118379833, 118904799, 118960065, 119369523, 119781675, 120244025, 121993029, 122054595, 122111325, 122261139, 122497089, 122674665, 122736575, 122975853, 123216275, 123702975, 125002481, 125491037, 125924325, 126760725, 126915075, 128313805, 128778991, 128849019, 129100923, 129282307, 129855621, 129921155, 129929085, 132520815, 133001253, 133199365, 133361555, 133845041, 134048475, 136592115, 136727825, 137197845, 137223515, 137390605, 137734065, 137803575, 138233403, 138303165, 140832225, 140996401, 141342795, 141895215, 141966825, 142106575, 142621765, 144587751, 144870425, 145395635, 145548975, 146194425, 146399825, 148671945, 149102591, 149247175, 149909025, 150092943, 150611175, 152193353, 152788181, 153691575, 154068915, 154590025, 154929775, 155118425, 157183299, 157374693, 157790017, 158180503, 158334825, 158420925, 159580575, 161345619, 161427045, 161969885, 162012279, 162370715, 162645483, 162688155, 163366749, 164563575, 166220109, 166303995, 167041485, 167686255, 167694345, 168341635, 170876433, 171744531, 171831205, 172128275, 172846245, 173184165, 175607715, 176212153, 176294055, 176383025, 177771825, 178682075, 179639327, 180480729, 181281087, 181710155, 181900719, 182515965, 183321775, 186261975, 186479111, 186706177, 186937245, 187122975, 187350825, 187580679, 187667865, 187762575, 188595225, 190577553, 191228961, 191418955, 191889225, 192076983, 192112921, 192346847, 193625575, 194484225, 196441947, 197165115, 197200201, 197879913, 198074703, 198174665, 198266775, 198949205, 199195425, 199437975, 199670471, 202872879, 203321715, 203424325, 203768565, 204058833, 204161815, 204457775, 204672195, 204959755, 208140723, 208246995, 210093975, 210855645, 214748365, 215168205, 216426035, 216439245, 216548475, 220868025, 220925835, 221565773, 221668755, 221789295, 225997863, 226778175, 227319001, 227653525, 228663075, 229556775, 230389005, 230505275, 230964849, 232825593, 233054783, 233858079, 234760757, 235117575, 235571325, 235699425, 236492025, 239758857, 240050799, 240095713, 240979585, 241160439, 241984743, 245850801, 246110085, 247002327, 247303089, 247786575, 250154905, 253527641, 254394217, 255522351, 255652815, 255791835, 256719177, 256781525, 260766765, 261712143, 261972165, 262291155, 263519685, 268520109, 268644915, 268909365, 269045075, 269884263, 270020465, 271075805, 271146925, 272277915, 277033515, 277173325, 277444531, 277866225, 278262045, 278402475, 278873595, 279213165, 279490575, 282290371, 283542213, 284650401, 284794055, 285826541, 286240885, 286260975, 288077075, 288640275, 291545793, 292267287, 292679525, 293038603, 293395421, 293823425, 296363925, 297522225, 300647711, 300801215, 301835259, 302135145, 302275575, 303014943, 303167865, 304193275, 307255353, 309296169, 309830895, 311562075, 312634465, 312779775, 314166825, 317489445, 317629255, 318714935, 318954129, 320128305, 321627735, 327078279, 327403245, 328608525, 329799855, 329979195, 330124505, 330147675, 333615893, 338121465, 338869525, 339614275, 340098055, 341120325, 344554119, 346740043, 346901205, 347078325, 348526035, 348617475, 349809075, 351426075, 355139499, 356714397, 357215573, 358108569, 358613675, 360732075, 366163785, 367491267, 368023995, 368209725, 368927559, 369447925, 369648825, 375007443, 376473111, 376663105, 377199661, 377772975, 378028651, 383981675, 384941415, 386336973, 386547057, 387846921, 388042655, 389566863, 389763465, 399598095, 400084665, 401535123, 401934065, 403307905, 409751335, 409776345, 410183475, 411670545, 412171815, 413410725, 414909495, 421121701, 422989203, 425870585, 425900475, 426088025, 426319725, 427865295, 433763253, 434611275, 435984263, 436186905, 436620275, 436646925, 437151925, 437688251, 439199475, 444680957, 447307773, 447533515, 447741525, 448182275, 449727075, 449807105, 450278829, 453796525, 456580059, 458364543, 461074725, 461722525, 462174307, 462206745, 463770075, 464789325, 465355275, 472446403, 472570355, 473370051, 474417335, 474541509, 475004475, 476137277, 484281135, 485909655, 486036837, 487112145, 487936449, 488064465, 493690725, 498876971, 498911985, 503058765, 503558575, 505024905, 505279775, 512092255, 512629299, 515233593, 515493615, 516384825, 518538735, 526823145, 528636459, 528882165, 529149075, 531590215, 533547175, 536046225, 538917981, 541442187, 545130465, 545672075, 547547895, 549666425, 549965325, 555746021, 559437333, 560118531, 561368925, 562052475, 562707691, 562742037, 563287725, 563535775, 571732659, 573686883, 574256865, 576338763, 577040541, 578168675, 580876725, 583452675, 591600603, 591899165, 594224109, 594523995, 594800325, 596523235, 596847615, 599011413, 609965145, 610272975, 611305695, 612176499, 612485445, 613373325, 614879265, 625012405, 626546921, 627455185, 629729947, 641569025, 643894955, 644245095, 645504615, 646411535, 649278105, 649605775, 649645425, 661598497, 662604075, 664697319, 665006265, 665996825, 666807775, 669225205, 677993589, 681957003, 682960575, 685989225, 686117575, 686953025, 688670325, 691167015, 691515825, 698476779, 698784361, 699164349, 704282271, 704982005, 706713975, 709476075, 713108825, 716929157, 720287139, 722938755, 723481317, 725954229, 726273911, 726978175, 737552403, 743359725, 744226301, 745512955, 750464715, 760582923, 760966765, 763182651, 763940905, 766567053, 766958445, 770344575, 785916495, 786873465, 788950085, 790902515, 805560327, 806728095, 807135225, 809652789, 809849425, 810061395, 811853575, 813227415, 813440775, 816833745, 825836063, 826841641, 828658831, 831100545, 831519975, 832333593, 835207425, 838431275, 838471725, 841708175, 846871113, 850626639, 853951203, 854382165, 857479623, 858323713, 858722655, 859156025, 864231225, 865920825, 875017367, 878038575, 879115809, 880186263, 881060765, 881470275, 884254943, 898196635, 901452937, 901943133, 902403645, 906405435, 908550775, 909503595, 912579825, 921766059, 932395555, 933530885, 934686225, 936915287, 937903395, 938339325, 952887765, 956144805, 956862387, 957094775, 960384915, 960564605, 961734235, 982209735, 985825575, 986001005, 989399565, 990373515, 990873325, 994746025, 998352355, 1000847679, 1014364395, 1016608575, 1018842825, 1020294165, 1020809075, 1023360975, 1024798775, 1039654781, 1040220129, 1040703615, 1041234975, 1043718137, 1054278225, 1065353471, 1065418497, 1071646719, 1073741825, 1075841025, 1082130175, 1082196225, 1093564751, 1104629175, 1107263521, 1107828865, 1108343775, 1108946475, 1125022329, 1126602961, 1129419333, 1129989315, 1131598983, 1134085953, 1136595005, 1151945025, 1154824245, 1159010919, 1163540763, 1164127965, 1165273915, 1169290395, 1169498473, 1173803785, 1198794285, 1200253995, 1200478565, 1204605369, 1204897925, 1205802195, 1209923715, 1228682923, 1229254005, 1230550425, 1233485071, 1235011635, 1236515445, 1250774525, 1263365103, 1267638205, 1268967609, 1271971085, 1277611755, 1278264075, 1278959175, 1283595885, 1303833825, 1307952789, 1308560715, 1309860825, 1311455775, 1313064753, 1317598425, 1331439863, 1334042871, 1341923319, 1342600545, 1343224575, 1344546825, 1349421315, 1350102325, 1355379025, 1361389575, 1369740177, 1375027291, 1375093629, 1380401407, 1385167575, 1386522921, 1387222655, 1391310225, 1394367975, 1396065825, 1411451855, 1417339209, 1417711065, 1420110153, 1423252005, 1423624527, 1423970275, 1428411831, 1429132705, 1431204425, 1457728965, 1461336435, 1465193015, 1466977105, 1496630913, 1503238555, 1504006075, 1509176295, 1510675725, 1515074715, 1515839325, 1536276765, 1546480845, 1549154475, 1550960411, 1563172325, 1585909377, 1587447225, 1588146275, 1593574675, 1594770645, 1600641525, 1608138675, 1616753943, 1625032253, 1631383481, 1635391395, 1637016225, 1648999275, 1649895975, 1650622525, 1667238063, 1668079465, 1674126883, 1678311999, 1680355593, 1680669991, 1688123073, 1690607325, 1700490275, 1722770595, 1729016289, 1731121623, 1733700215, 1734506025, 1739985533, 1742630175, 1774693487, 1774801809, 1775697495, 1783571985, 1786077865, 1789569705, 1790542845, 1797034239, 1830818925, 1837456335, 1840119975, 1844637795, 1875037215, 1879640763, 1882365555, 1883315525, 1885998305, 1889189841, 1890143255, 1924707075, 1931684865, 1932735285, 1938333683, 1939234605, 1940213275, 1947834315, 1948817325, 1976032597, 1984795491, 1994091957, 1997990475, 2000423325, 2007675615, 2009670325, 2016539525, 2045871009, 2046771931, 2048756675, 2048881725, 2051270221, 2053767947, 2058352725, 2060859075, 2074547475, 2096353083, 2097493047, 2105608505, 2112846813, 2114946015, 2129352925, 2139326475, 2150787471, 2160861417, 2168816265, 2178821733, 2179921315, 2180934525, 2188441255, 2223404785, 2232678903, 2236538865, 2237667575, 2249035525, 2251394145, 2281748769, 2282900295, 2289547953, 2291822715, 2310871535, 2311033725, 2335311251, 2362232015, 2362851775, 2366850255, 2372086675, 2372707545, 2380686385, 2421405675, 2427180301, 2429548275, 2430184185, 2435560725, 2439682245, 2440322325, 2477508189, 2480524923, 2485976493, 2494384855, 2494559925, 2497000779, 2500509011, 2515293825, 2525124525, 2540613339, 2560461275, 2563146495, 2563602613, 2572438869, 2574971139, 2576167965, 2577468075, 2592693675, 2625052101, 2634115725, 2637347427, 2640397627, 2640558789, 2643182295, 2644410825, 2652764829, 2657951075, 2694589905, 2704358811, 2705829399, 2707020941, 2707210935, 2725652325, 2737739475, 2778730105, 2788804051, 2797186665, 2800592655, 2810745861, 2813538455, 2813710185, 2858663295, 2868434415, 2871284325, 2881693815, 2885202705, 2958003015, 2959495825, 2971120545, 2972619975, 2982616175, 2984238075, 2995057065, 3002543037, 3049825725, 3051889841, 3056528475, 3060882495, 3062427225, 3074396325, 3118964343, 3120660387, 3125062025, 3131154411, 3132734605, 3137275925, 3148649735, 3196060413, 3214940157, 3219474775, 3221225475, 3227523075, 3232057675, 3246390525, 3280694253, 3295859333, 3307124821, 3307992485, 3321790563, 3323486595, 3325031325, 3346126025, 3379808883, 3389967945, 3394796949, 3402257859, 3409785015, 3455835075, 3492138797, 3492383895, 3493921805, 3495821745, 3508495419, 3521411355, 3524910025, 3584645785, 3601435695, 3614693775, 3617406585, 3629771145, 3631369555, 3669774823, 3686048769, 3687762015, 3700455213, 3721131505, 3727564775, 3752323575, 3790095309, 3802914615, 3804833825, 3814140473, 3815913255, 3819704525, 3832835265, 3834792225, 3875076911, 3890222147, 3923858367, 3929582475, 3934367325, 3939194259, 3944750425, 3954512575, 3994319589, 4002128613, 4027518961, 4027801635, 4033640475, 4048263945, 4050306975, 4066137075, 4084168725, 4125081873, 4129180315, 4134208205, 4141204221, 4143294155, 4149196271, 4155502725, 4159568763, 4161667965, 4234355565, 4252017627, 4253133195, 4269756015, 4271910825, 4285235493, 4287398115, 4291618565, 4293613275, 4375086835, 4395579045, 4400931315, 4405303825, 4421274715, 4489892739, 4490983175, 4507264685, 4509715665, 4512018225, 4532027175, 4547517975, 4608830295, 4652881233, 4661977775, 4667654425, 4684576435, 4689516975, 4764438825, 4780724025, 4784311935, 4801924575, 4802823025, 4808671175, 4875096759, 4891490527, 4894150443, 4903595593, 4911048675, 4930005025, 4946997825, 4951867575, 4991761775, 5001714189, 5004238395, 5022380649, 5042009973, 5064369219, 5071821975, 5083917377, 5101470825, 5198273905, 5201100645, 5203518075, 5218590685, 5219956599, 5324080461, 5326767355, 5327092485, 5358233595, 5368709115, 5467823755, 5487646681, 5536317605, 5539144325, 5625111645, 5633014805, 5638922289, 5647096665, 5649946575, 5657994915, 5667569523, 5670429765, 5682975025, 5774121225, 5780852441, 5787891487, 5795054595, 5815001049, 5817703815, 5820639825, 5826369575, 5846451975, 5847492365, 5869018925, 5928097791, 5954386473, 5993971425, 6001269975, 6002392825, 6008265991, 6023026845, 6029010975, 6049618575, 6113206231, 6140315793, 6143414615, 6146270025, 6153810663, 6161303841, 6167425355, 6175058175, 6182577225, 6189784601, 6289059249, 6316825515, 6338191025, 6344838045, 6359855425, 6388058775, 6417979425, 6452362413, 6485400623, 6536465199, 6539763945, 6542803575, 6565323765, 6657199315, 6670214355, 6698036709, 6709616595, 6713002725, 6747106575, 6848700885, 6875136455, 6875468145, 6902007035, 6932614605, 6936113275, 7005933753, 7057259275, 7086696045, 7088555325, 7100550765, 7116260025, 7118122635, 7142059155, 7145663525, 7224698273, 7277583467, 7281540903, 7288644825, 7306682175, 7325965075, 7334885525, 7432524567, 7441574769, 7457929479, 7483154565, 7501527033, 7516192775, 7545881475, 7575373575, 7654953257, 7681383825, 7690807839, 7724913417, 7732404225, 7754802055, 7875156303, 7886220727, 7921192881, 7929546885, 7958294487, 7973853225, 8083769715, 8113076433, 8121062823, 8125161265, 8156917405, 8176956975, 8186489311, 8336190315, 8340397325, 8366412153, 8370634415, 8391559995, 8401777965, 8403349955, 8432237583, 8440615365, 8600780461, 8613852975, 8645081445, 8655608115, 8668501075, 8699927665, 8873467435, 8874009045, 8878487475, 8917859925, 8930389325, 8947848525, 8952714225, 8985171195, 9084196693, 9095258051, 9155669523, 9187281675, 9223188975, 9320079041, 9356893029, 9375186075, 9393463233, 9398203815, 9411827775, 9429991525, 9441560843, 9445949205, 9450716275, 9588181239, 9625191037, 9658424325, 9663676425, 9691668415, 9696173025, 9739171575, 9842082759, 9880162985, 9887577999, 9921374463, 9923977455, 9965371689, 9970459785, 10038378075, 10139426649, 10229355045, 10233859655, 10256351105, 10268839735, 10476416391, 10481765415, 10487465235, 10525486257, 10528042525, 10564234065, 10574730075, 10748941333, 10753937355, 10804307085, 10844081325, 10894108665, 10899606575, 10942206275, 11009324469, 11058146307, 11101365639, 11117023925, 11163394515, 11182694325, 11256970725, 11375225771, 11408743845, 11414501475, 11442421419, 11447739765, 11459113575, 11554357675, 11625230733, 11670666441, 11676556255, 11718888181, 11811160075, 11834251275, 11863537725, 11903431925, 11982958767, 12029212261, 12082556883, 12135901505, 12150920925, 12179898731, 12198411225, 12375245619, 12387540945, 12402624615, 12423612663, 12429882465, 12447588813, 12471924275, 12485003895, 12502545055, 12703066695, 12815732475, 12818013065, 12862194345, 12874855695, 12880839825, 13125260505, 13186737135, 13201988135, 13202793945, 13215911475, 13263824145, 13472949525, 13515512153, 13521794055, 13529146995, 13535104705, 13536054675, 13568335781, 13893650525, 13944020255, 13958643699, 13985933325, 14002963275, 14053729305, 14067692275, 14068550925, 14216341763, 14293316475, 14327403517, 14342172075, 14408469075, 14426013525, 14625290277, 14645838493, 14674471581, 14682451329, 14710786779, 14790015075, 14855602725, 14975285325, 15012715185, 15067141947, 15126029919, 15251752131, 15259449205, 15304412475, 15465186101, 15594821715, 15603301935, 15655772055, 15659869797, 15663673025, 15743248675, 15972241383, 15980302065, 16074700785, 16403471265, 16462940043, 16479296665, 16535624105, 16539962425, 16608952815, 16617432975, 16899044415, 16949839725, 16973984745, 17011289295, 17048925075, 17342557323, 17363674461, 17445003147, 17460693985, 17461919475, 17469609025, 17479108725, 17542477095, 17607056775, 17784293373, 17875354783, 17923228925, 17945218291, 18007178475, 18024797973, 18087032925, 18148855725, 18156847775, 18339618693, 18348874115, 18420947379, 18430243845, 18438810075, 18461431989, 18483911523, 18502276065, 18569353803, 18605657525, 18949146587, 18950476545, 19014573075, 19070702365, 19079566275, 19164176325, 19375384555, 19451110735, 19456201869, 19521628357, 19619291835, 19695971295, 19971597945, 20010643065, 20137594805, 20139008175, 20241319725, 20625409365, 20645901575, 20671041025, 20706021105, 20716470775, 20745981355, 20797843815, 20808339825, 21017801259, 21171777825, 21260088135, 21265665975, 21348780075, 21426177465, 21436990575, 21458092825, 21674094819, 21832750401, 21844622709, 21875434175, 21977895225, 22004656575, 22106373575, 22449463695, 22504581099, 22514491241, 22536323425, 22548578325, 22964859771, 23044151475, 23071015331, 23072423517, 23264406165, 23422882175, 23658662181, 23763578643, 23921559675, 24363188469, 24375483795, 24457452635, 24470752215, 24517977965, 24559467933, 25008570945, 25021191975, 25099236459, 25111903245, 25210049865, 25321846095, 25419586885, 25688423761, 25802341383, 25991369525, 26005503225, 26092953425, 26099782995, 26608035103, 26620402305, 26633836775, 26635462425, 26698983311, 26791167975, 26843545575, 27125538377, 27252590079, 27285774153, 27339118775, 27438233405, 27467008569, 27681588025, 27960237123, 28125558225, 28165074025, 28192632727, 28194611445, 28235483325, 28289974575, 28324682529, 28337847615, 28352148825, 28875573111, 28904262205, 28939457435, 28975272975, 29044373897, 29075005245, 29088519075, 29237461825, 29640488955, 29662733997, 29764123389, 29771932365, 29777230351, 30041329955, 30115134225, 30566031155, 30701578965, 30717073075, 30769053315, 30806519205, 30837126775, 30948923005, 31429249173, 31445296245, 31584127575, 31724190225, 32246823999, 32261812065, 32427003115, 32682325995, 32698819725, 32826618825, 33027973407, 33285996575, 33351071775, 33490183545, 33548082975, 33900507281, 34125677313, 34243504425, 34325169151, 34327264257, 34375682275, 34377340725, 34510035175, 34663073025, 34875692199, 35011999323, 35029668765, 35156664543, 35191272233, 35433480225, 35502753825, 35590613175, 35710295775, 36087636783, 36123491365, 36247670649, 36254452663, 36387917335, 36407704515, 36539696193, 37162622835, 37207873845, 37289647395, 37342766439, 37415772825, 37507635165, 38274766285, 38413526767, 38454039195, 38624567085, 38774010275, 39375781515, 39431103635, 39605964405, 39647734425, 39791472435, 40418848575, 40546536459, 40565382165, 40605314115, 40625806325, 40705007343, 40784587025, 40932446555, 41680951575, 41832060765, 41853172075, 41957799975, 42008889825, 42016749775, 42161187915, 42203076825, 42625846021, 42649025289, 42792443617, 42982210551, 43003902305, 43225407225, 43278040575, 43499638325, 43937515479, 44023414743, 44132360337, 44302708571, 44367337175, 44370045225, 44925855975, 45397804361, 45420983465, 45476290255, 45755256393, 45778347615, 46395558303, 46600395205, 46784465145, 46967316165, 46991019075, 47207804215, 47229746025, 47940906195, 48125955185, 48458342075, 49210413795, 49388820129, 49400814925, 49437889995, 49606872315, 49619887275, 49826858445, 49852298925, 50375999843, 50572887911, 50697133245, 51146775225, 51169298275, 51281755525, 51344198675, 52027671969, 52091023383, 52357746493, 52382081955, 52408827075, 52437326175, 52627431285, 52821170325, 53626064349, 53744706665, 53769686775, 53835654873, 53939551523, 54021535425, 54074393919, 54470543325, 55018856079, 55046622345, 55290731535, 55506828195, 55708061409, 55816972575, 56847439761, 56876128855, 57043719225, 57212107095, 57238698825, 58126153665, 58353332205, 58368605607, 58382781275, 58564885071, 58594440905, 59914793835, 60146061305, 60412784415, 60679507525, 60899493655, 61876228095, 61937704725, 62013123075, 62118063315, 62149412325, 62237944065, 62425019475, 62512725275, 63515333475, 63589376851, 63666806357, 64090065325, 64310971725, 64374278475, 65022284457, 65498251203, 65626302525, 65933685675, 66009940675, 66013969725, 66090925901, 66319120725, 67543473723, 67577560765, 67608970275, 67645734975, 67675523525, 67841678905, 68894579313, 69213045993, 69720101275, 69793218495, 70268646525, 70975986543, 71081708815, 71339406853, 71637017585, 73126451385, 73229192465, 73372357905, 73412256645, 73553933895, 73678403799, 75063575925, 75242589331, 75335709735, 75630149595, 76258760655, 76297246025, 77065271283, 77325930505, 77407024149, 77974108575, 78016509675, 78278860275, 78299348985, 79471681003, 79824105309, 79861206915, 79901510325, 80096949933, 80373503925, 81376615131, 81757770237, 81857322459, 82017356325, 82314700215, 82396483325, 82678120525, 83044764075, 83880711369, 83917649171, 84204485827, 84495222075, 84577898181, 84869923725, 84974047587, 85056446475, 86626719333, 86712786615, 86818372305, 87133121691, 87225015735, 87303469925, 87712385475, 88921466865, 89331691053, 89376773915, 89726091455, 90123989865, 91698093465, 91744370575, 92104736895, 92151219225, 92307159945, 92419557615, 92511380325, 92846769015, 94608585071, 94745732935, 94752382725, 95353511825, 96740471997, 96876922775, 97255553675, 97281009345, 97608141785, 98096459175, 98479856475, 99514392341, 99857989725, 100053215325, 100687974025, 101701521843, 102377031939, 102520869451, 102975507453, 103127046825, 103530105525, 103729906775, 103989219075, 105089006295, 105469993629, 105573816699, 106300440675, 107130887325, 108256302707, 108262910349, 108370474095, 108763357989, 109163752005, 109223113545, 109619088579, 112247318475, 112522905495, 112572456205, 114824298855, 115240580301, 115355076655, 115362117585, 116322030825, 118238354663, 118293310905, 118817893215, 121639609377, 121815942345, 121877418975, 122115022029, 122287263175, 122353761075, 122589889825, 122797339665, 124853087791, 125042854725, 125127483481, 125496182295, 125559516225, 126050249325, 126609230475, 127097934425, 127877538063, 127947075867, 128377330851, 128442118805, 128946631653, 129011706915, 130498914975, 131812546437, 132908125713, 133040175515, 133102011525, 133494916555, 135627691885, 136193413083, 136262950395, 136428870765, 137191167025, 137335042845, 139186674909, 139801185615, 140963163635, 140973057225, 141623412645, 141689238075, 144377865555, 144521311025, 144697287175, 145221869485, 145375026225, 148202444775, 148313669985, 148820616945, 148859661825, 148886151755, 150206649775, 151127999529, 151718663733, 152830155775, 153507894825, 153845266575, 154032596025, 154744615025, 156379759393, 157073239479, 157146245865, 157226481225, 157601438687, 160878193047, 161234119995, 161309060325, 161506964619, 161818654569, 162135015575, 163411629975, 165128277401, 165139867035, 167450917725, 169502536405, 170117047111, 170542319283, 170628386565, 171625845755, 171636321285, 174378460995, 175059996615, 175148343825, 175694655213, 175783322715, 175956361165, 180438183915, 180617456825, 181238353245, 181272263315, 181939586675, 182038522575, 182698480965, 185813114175, 186039369225, 186256245721, 186448236975, 186713832195, 187538175825, 190768130553, 191000419071, 191373831425, 192067633835, 192270195975, 193122835425, 196878907575, 197155518175, 198029822025, 198272777703, 198957362175, 201047419313, 202630421169, 202732682295, 202826910825, 203026570575, 203525036715, 204662232775, 207639137979, 208440612457, 209160303825, 210805939575, 213129230105, 213245126445, 213962218085, 214018220559, 214911052755, 215019511525, 219687577395, 220117073715, 220661801685, 221513542855, 225727767993, 226989021805, 227104917325, 227381451275, 228776281965, 228891738075, 231195813849, 231977791515, 233001976025, 233922325725, 234836580825, 236039021075, 237303550967, 238415043009, 239472315927, 239704530975, 240290849799, 240629775925, 244129845393, 246052068975, 246338905631, 246944100645, 247189449975, 248034361575, 249134292225, 251752947513, 251879999215, 252613457481, 252864439555, 253485666225, 253733694543, 253781168641, 260138359845, 260455116915, 261399365073, 261788732465, 261910409775, 263137156425, 267995073159, 268130321745, 268723533325, 269178274365, 269697757615, 270371969595, 275094280395, 275233111725, 276453657675, 277534140975, 278540307045, 283825755213, 284237198805, 284380644275, 286060535475, 290630768325, 291766661025, 291843028035, 292688386133, 292824425355, 292972204525, 298380922147, 298543177023, 299573969175, 300730306525, 302063922075, 304497468275, 305104565529, 307562608353, 308926522359, 309381140475, 310118959997, 310590316575, 311189720325, 316721450097, 317946884255, 318334031785, 324768908121, 325111422285, 326290073967, 327491256015, 330454629505, 337717368615, 337887803825, 339208394525, 344472896565, 345721740903, 346065229965, 348966092475, 352631998901, 354715063989, 354879932715, 355408544075, 356697034265, 358185087925, 365632256925, 366145962325, 366504225451, 366861789525, 367061283225, 367769669475, 368392018995, 372905580091, 374559263373, 375382450443, 376212946655, 376678548675, 377576860661, 378150747975, 381293803275, 383632614189, 385131992553, 385326356415, 386629652525, 387035120745, 387103994563, 391496744925, 397358405015, 398724377139, 399120526545, 399306034575, 400484749665, 406883075655, 408580239249, 408788851185, 409286612295, 411573501075, 419403556845, 419588245855, 421022429135, 422889490905, 424870237935, 433133596665, 433563933075, 434091861525, 435665608455, 436125078675, 440706594653, 444607334325, 446658455265, 446883869575, 448630457275, 450619949325, 453383998587, 455155991199, 458490467325, 460523684475, 461535799725, 462097788075, 464233845075, 469139278179, 471219718437, 472804316061, 473042925355, 473728664675, 483702359985, 485455963707, 486405046725, 488040708925, 495384832203, 497571961705, 499375847971, 508507609215, 510351141333, 511885159695, 512604347255, 514877537265, 525445031475, 527349968145, 527869083495, 541281513535, 541314551745, 541852370475, 543816789945, 545818760025, 546115567725, 548095442895, 554135998273, 556301767021, 558768737163, 562614527475, 562862281025, 572304391659, 573001257213, 574121494275, 575935211423, 576202901505, 576775383275, 576810587925, 587423544197, 591191773315, 591466554525, 594089466075, 594818333109, 603142257939, 608198046885, 609079711725, 610575110145, 613986698325, 624265438955, 625321837371, 625637417405, 627480911475, 639387690315, 639735379335, 641886654255, 642054661677, 642210594025, 644733158265, 645058534575, 659062732185, 664540628565, 665200877575, 667474582775, 677183303979, 678138459425, 680967065415, 681314751975, 682144353825, 686675214225, 695933374545, 699005928075, 704815818175, 708117063225, 711910652901, 715245129027, 721889327775, 726109347425, 739016716893, 741568349925, 744103084725, 744430758775, 755258842539, 755639997645, 757840372443, 758593318665, 761343505923, 781898796965, 785366197395, 785731229325, 788007193435, 804390965235, 806170599975, 807534823095, 809093272845, 825641387005, 825699335175, 827668482641, 847512682025, 850585235555, 851477265639, 852711596415, 853141932825, 858129228775, 858181606425, 871892304975, 873971614537, 875299983075, 878065158399, 878473276065, 878916613575, 879781805825, 895142766441, 895629531069, 902190919575, 906191766225, 906361316575, 913492404825, 922687825059, 923094140881, 930356879991, 931281228605, 933569160975, 953840652765, 955002095355, 960338169175, 974306724363, 991363888515, 1005237096565, 1013152105845, 1013663411475, 1017625183575, 1038195689895, 1042203062285, 1057895996703, 1064145191967, 1065646150525, 1066225632225, 1069811090425, 1070091102795, 1074555263775, 1090929439223, 1094658315751, 1098437886975, 1099512676353, 1100585368575, 1103309008425, 1107567714275, 1118716740273, 1123677790119, 1126147351329, 1128638839965, 1132730581983, 1134945109025, 1143881409825, 1155897941807, 1155979069245, 1159888957575, 1161311983689, 1186517754835, 1190819329777, 1192075215045, 1197361579635, 1201454248995, 1220649226965, 1231694528155, 1234720503225, 1258764737565, 1259399996075, 1263067287405, 1264322197775, 1268668472715, 1268905843205, 1300691799225, 1302275584575, 1306996825365, 1308943662325, 1322119783959, 1339975365795, 1340651608725, 1345891371825, 1348488788075, 1351859847975, 1373383965701, 1375471401975, 1392701535225, 1407331935191, 1407417834537, 1418412948183, 1419128776065, 1421185994025, 1459215140175, 1463441930665, 1464122126775, 1486154496609, 1491904610735, 1492715885115, 1498127543913, 1525522827645, 1531053423999, 1537813041765, 1544632611795, 1550594799985, 1583607250485, 1589734421275, 1591670158925, 1623090141283, 1623844540605, 1625557111425, 1631450369835, 1637456280075, 1652273147525, 1662407994819, 1668905301063, 1676306211489, 1688586843075, 1722364482825, 1727805634269, 1728608704515, 1730326149825, 1762270632591, 1763159994505, 1773575319945, 1774399663575, 1783485171325, 1809426773817, 1816411051411, 1832521127255, 1841960094975, 1864527900455, 1872796316865, 1875965512113, 1876912252215, 1881064733275, 1887884303305, 1918163070945, 1925659962765, 1926631782075, 1935175603725, 1935519972815, 1986792025075, 1993621885695, 1995602632725, 2002423748325, 2034415378275, 2042901196245, 2043944255925, 2046433061475, 2048818702931, 2097017784225, 2097941229275, 2105112145675, 2114447454525, 2124351189675, 2135731958703, 2146667606213, 2165667983325, 2178328042275, 2203532973265, 2211521612443, 2217050150679, 2233292276325, 2266919992935, 2275779955995, 2284030517769, 2345696390895, 2356098592185, 2364021580305, 2365214626775, 2418511799925, 2427279818535, 2476924161015, 2483005447923, 2487859808525, 2496879239855, 2542538046075, 2551755706665, 2559425798475, 2563021736275, 2574387686325, 2610339060637, 2621914843611, 2634195475197, 2636749840725, 2639345417475, 2685428299323, 2706407567675, 2706572758725, 2709727961941, 2719083949725, 2740477214475, 2769282422643, 2770679991365, 2781508835105, 2791070639973, 2793843685815, 2861521958295, 2865006286065, 2879676057115, 2881014507525, 2937117720985, 2955958866575, 2974091665545, 3015711289695, 3040990234425, 3052875550725, 3084946162571, 3121327194775, 3126609186855, 3128187087025, 3173687990109, 3196938451575, 3198676896675, 3209433271275, 3210273308385, 3223665791325, 3272788317669, 3283974947253, 3295313660925, 3298538029059, 3322703142825, 3356150220819, 3385916519895, 3398191745949, 3404835327075, 3467693825421, 3479666872725, 3483935951067, 3559553264505, 3572457989331, 3576225645135, 3695083584465, 3776294212695, 3778199988225, 3789201862215, 3792966593325, 3806717529615, 3878951987911, 3909493984825, 3926830986975, 3940035967175, 3966359351877, 4021954826175, 4031546479961, 4037674115475, 4045466364225, 4120151897103, 4128206935025, 4138342413205, 4221995805573, 4252926177775, 4257386328195, 4263557982075, 4369858072685, 4390325791995, 4392366380325, 4475713832205, 4478147655345, 4494382631739, 4613439125295, 4615470704405, 4651784399955, 4656406143025, 4769203263825, 4775010476775, 4847772541183, 4869270423849, 4871533621815, 4956819442575, 4987223984457, 5006715903189, 5026185482825, 5065760529225, 5118976599431, 5183416902807, 5190978449475, 5211015311425, 5286811897773, 5289479983515, 5320725959835, 5350455513975, 5449233154233, 5454647196115, 5473291578755, 5497563381765, 5593583701365, 5618388950595, 5630736756645, 5643194199825, 5663652909915, 5779489709035, 5779895346225, 5806559918445, 5932588774175, 5954096648885, 5960376075225, 5986807898175, 6007271244975, 6103246134825, 6146456108793, 6158472640775, 6293823687825, 6315336437025, 6343342363575, 6344529216025, 6440002818639, 6461658986167, 6534984126825, 6610598919795, 6634564837329, 6699876828975, 6866919828505, 7036659675955, 7037089172685, 7092064740915, 7095643880325, 7317209653325, 7430772483045, 7449016343769, 7459523053675, 7463579425575, 7490637719565, 7627614138225, 7636506074561, 7655267119995, 7689065208825, 7723163058975, 7752973999925, 7831017181911, 7865744530833, 7918036252425, 8115450706415, 8119222703025, 8129183885823, 8157251849175, 8307847267929, 8312039974095, 8344526505315, 8381531057445, 8639028171345, 8643043522575, 8811353162955, 8815799972525, 8867876599725, 9047133869085, 9082055257055, 9162605636275, 9254838487713, 9322639502275, 9363981584325, 9379827560565, 9384561261075, 9439421516525, 9590815354725, 9613687759907, 9628299813825, 9677599864075, 9818364953007, 9851924841759, 9968109428475, 10214505981225, 10244093514655, 10403081476263, 10678659793515, 10717373967993, 10733338031065, 11017664866325, 11057608062215, 11085250753395, 11334599964675, 11361630988981, 11378899779975, 11420152588845, 11636855963733, 11728481954475, 11780492960925, 11820107901525, 12000223831453, 12094639439883, 12136399092675, 12360455691309, 12384620805075, 12415027239615, 12484396199275, 12665987416719, 12714877359877, 12758778533325, 13051695303185, 13109574218055, 13170977375985, 13427141496615, 13548639809705, 13846412113215, 13853399956825, 13907544175525, 13955353199865, 13969218429075, 14307609791475, 14325031430325, 14398380285575, 14543317623549, 14607811271547, 14685588604925, 14870458327725, 15026673243491, 15078556448475, 15356929798293, 15424730812855, 15480651287101, 15633045934275, 15868439950545, 16051366541925, 16347699462699, 16363941588345, 16419874736265, 16492690145295, 16780751104095, 16929582599475, 16990958729745, 17338469127105, 17419679755335, 17797766322525, 17853991554113, 17862289946655, 17881128225675, 18439368326379, 18475417922325, 18881471063475, 18946009311075, 19033587648075, 19320008455917, 19384976958501, 19394759939555, 19831796759385, 19903694511987, 20157732399805, 20600759485515, 20691712066025, 21109979027865, 21286931640975, 21849290363425, 21951628959975, 22378569161025, 22390738276725, 22471913158695, 22909518223683, 23067195626475, 23077353522025, 23258921999775, 23493051545733, 23613343668343, 24238862705915, 24346352119245, 24357668109075, 24387551657469, 24936119922285, 25033579515945, 25594882997155, 25917084514035, 26434059488865, 26447399917575, 26603629799175, 27246165771165, 27273235980575, 27366457893775, 27487816908825, 27764515463139, 27967918506825, 28091944752975, 28153683783225, 28318264549575, 28841063279721, 28897448545175, 29032799592225, 29770483244425, 30732280543965, 32200014093195, 32308294930835, 33052994598975, 33172824186645, 33934407788281, 34084892966943, 34334599142525, 34910567891199, 35183298379775, 35185445863425, 35460323704575, 35832836196017, 36000671494359, 36283918319649, 37153862415225, 37245081718845, 37453188597825, 38144632079631, 38182530372805, 38276335599975, 39155085909555, 39328722654165, 40577253532075, 40645919429115, 41539236339645, 41560199870475, 41722632526575, 41907655287225, 43195140856725, 43629952870647, 44056765814775, 45080019730473, 45235669345425, 45410276285275, 46070789394879, 46274192438565, 46441953861303, 46899137802825, 48068438799535, 49091824765035, 49259624208795, 51220467573275, 52015407381315, 53393298967575, 53561974662339, 53586869839965, 53666690155325, 55288040311075, 55426253766975, 56308742593741, 56808154944905, 57100762944225, 58154930875503, 58184279818665, 60001119157265, 60473197199415, 61802278456545, 62075136198075, 63329937083595, 63574386799385, 65258476515925, 65547871090275, 65854886879925, 66546695792603, 67135707483075, 67743199048525, 68728554671049, 69232060566075, 69776765999325, 70840031005029, 72716588117745, 73039056357735, 75133366217455, 76784648991465, 77123654064275, 77403256435505, 79342199752725, 81738497313495, 81819707941725, 82099373681325, 82463450726475, 83903755520475, 84001566820171, 84954793648725, 86523189839163, 86692345635525, 87098398776675, 89269957770565, 89311449733275, 92196841631895, 96600042279585, 96924884792505, 96973799697775, 99158983796925, 99518472559935, 100788661999025, 101803223364843, 102254678900829, 103003797427575, 105549895139325, 107498508588051, 108002014483077, 112359565793475, 114433896238893, 114547591118415, 117465257728665, 118066718341715, 121194313529575, 121731760596225, 121937758287345, 124680599611425, 124977940878791, 125167897579725, 127974414985775, 129585422570175, 132170297444325, 135240059191419, 136230828855825, 138822577315695, 139325861583909, 144205316398605, 153661402719825, 160685923987017, 161000070465975, 161541474654175, 165293405678401, 165864120933225, 168926227781223, 169672038941405, 170424464834715, 174552839455995, 179164180980085, 180003357471795, 181419591598245, 186225408594225, 190723160398155, 190912651864025, 195775429547775, 196643613270825, 199640087377809, 203229597145575, 207696181698225, 212520093015087, 218149764353235, 225400098652365, 230353946974395, 231370962192825, 232209769306515, 240342193997675, 245459123825175, 246298121043975, 252004700460513, 260077036906575, 267809873311695, 267934349199825, 281543712968705, 284040774724525, 290774654377515, 290921399093325, 300005595786325, 302365985997075, 305409670094529, 309011392282725, 316649685417975, 317871933996925, 322495525764153, 332733478963015, 343642773355245, 354200155025145, 363582940588725, 365195281788675, 374933822636373, 375666831087275, 383923244957325, 387016282177525, 394161198156187, 408692486567475, 420007834100855, 432615949195815, 446349788852825, 460984208159475, 465826870548221, 483000211397925, 484624423962525, 495880217035203, 497592362799675, 506778683343669, 509016116824215, 511273394504145, 537492542940255, 540010072415385, 572169481194465, 572737955592075, 587326288643325, 590333591708575, 598920262133427, 609688791436725, 624889704393955, 676200295957095, 694112886578475, 696629307919545, 721026581993025, 732013653718633, 756014101381539, 803429619935085, 826467028392005, 844631138906115, 848360194707025, 852122324173575, 872764197279975, 895820904900425, 900016787358975, 907097957991225, 953615801990775, 998200436889045, 1062600465075435, 1090748821766175, 1124801467909119, 1127000493261825, 1151769734871975, 1161048846532575, 1182483594468561, 1260023502302565, 1339049366558475, 1397480611644663, 1407718564843525, 1453873271887575, 1487640651105609, 1527048350472645, 1612477628820765, 1663667394815075, 1718213866776225, 1771000775125725, 1874669113181865, 1970805990780935, 2100039170504275, 2163079745979075, 2196040961155899, 2329134352741105, 2479401085176015, 2533893416718345, 2545080584121075, 2556366972520725, 2687462714701275, 2700050362076925, 2860847405972325, 2994601310667135, 3124448521969775, 3381001479785475, 3483146539597725, 3547450783405683, 3660068268593165, 3780070506907695, 4017148099675425, 4132335141960025, 4192441834933989, 4223155694530575, 4991002184445225, 5124095576030431, 5313002325377175, 5624007339545595, 5912417972342805, 6300117511512825, 6588122883467697, 6987403058223315, 7438203255528045, 7635241752363225, 8062388144103825, 9373345565909325, 9854029953904675, 10980204805779495, 11645671763705525, 12397005425880075, 12669467083591725, 14973006553335675, 15372286728091293, 17737253917028415, 18300341342965825, 18900352534538475, 20962209174669945, 25620477880152155, 28120036697727975, 29562089861714025, 32940614417338485, 34937015291116575, 37191016277640225, 46116860184273879, 54901024028897475, 76861433640456465, 88686269585142075, 104811045873349725, 128102389400760775, 164703072086692425, 230584300921369395, 384307168202282325, 1152921504606846975]
S = sum of m = 3010983666182119516
ANSWER = S + C = 3010983666182123972

======================================================================
Step 3: independent direct-ord cross-check over every divisor of N
======================================================================
largest divisor candidate m = 1152921504606846975
note: that is N itself, so a full integer sweep to it (~1e+18 steps) is the prohibited exhaustive scan and is unnecessary,
since ord_m(2)=60 forces m | 2^60-1.
direct-ord same set as structural: True
direct C = 4456  direct S = 3010983666182119516
direct ANSWER = 3010983666182123972
Cross-check passed: structural and direct-ord routes agree exactly.

FINAL RESULT
  C      = 4456
  S      = 3010983666182119516
  ANSWER = 3010983666182123972
