# L12 of the general quadratic focus, exact.
# D * L12 = sum(c_int * monomial), D the ilcm clearing
# denominator below. Index order (a1,a2,a3,b1,b2,b3).
DENOM_L12 = 22295347200
TERMS_L12 = [
    (3633409850112, (9, 1, 0, 0, 0, 0)),
    (-7266819700224, (9, 0, 0, 1, 0, 0)),
    (1526245848960, (9, 0, 0, 0, 0, 1)),
    (14362087634720, (8, 1, 1, 0, 0, 0)),
    (7686701717296, (8, 1, 0, 0, 1, 0)),
    (-22983601418176, (8, 0, 1, 1, 0, 0)),
    (13084913855104, (8, 0, 1, 0, 0, 1)),
    (-20533059133664, (8, 0, 0, 1, 1, 0)),
    (-2196054913472, (8, 0, 0, 0, 1, 1)),
    (4100494607772, (7, 3, 0, 0, 0, 0)),
    (-2597112484024, (7, 2, 0, 1, 0, 0)),
    (19537879707072, (7, 2, 0, 0, 0, 1)),
    (22825875595208, (7, 1, 2, 0, 0, 0)),
    (26668406064888, (7, 1, 1, 0, 1, 0)),
    (-12539466596720, (7, 1, 0, 2, 0, 0)),
    (-26969618872640, (7, 1, 0, 1, 0, 1)),
    (6872556243378, (7, 1, 0, 0, 2, 0)),
    (19696669071744, (7, 1, 0, 0, 0, 2)),
    (-30012489776080, (7, 0, 2, 1, 0, 0)),
    (29341000378816, (7, 0, 2, 0, 0, 1)),
    (-57473781420272, (7, 0, 1, 1, 1, 0)),
    (9791351578624, (7, 0, 1, 0, 1, 1)),
    (5715917965280, (7, 0, 0, 3, 0, 0)),
    (-13128895545728, (7, 0, 0, 2, 0, 1)),
    (-24395414989652, (7, 0, 0, 1, 2, 0)),
    (-27586450848768, (7, 0, 0, 1, 0, 2)),
    (-8572405931376, (7, 0, 0, 0, 2, 1)),
    (2355773064960, (7, 0, 0, 0, 0, 3)),
    (14006680503304, (6, 3, 1, 0, 0, 0)),
    (6383676093506, (6, 3, 0, 0, 1, 0)),
    (994644757968, (6, 2, 1, 1, 0, 0)),
    (77757248101424, (6, 2, 1, 0, 0, 1)),
    (-10786422793916, (6, 2, 0, 1, 1, 0)),
    (23765462330352, (6, 2, 0, 0, 1, 1)),
    (17732647945880, (6, 1, 3, 0, 0, 0)),
    (35623138449752, (6, 1, 2, 0, 1, 0)),
    (-34247945764128, (6, 1, 1, 2, 0, 0)),
    (-46304610563520, (6, 1, 1, 1, 0, 1)),
    (20831307714742, (6, 1, 1, 0, 2, 0)),
    (106202607093824, (6, 1, 1, 0, 0, 2)),
    (-23178257147144, (6, 1, 0, 2, 1, 0)),
    (-70118028034720, (6, 1, 0, 1, 1, 1)),
    (3457822269804, (6, 1, 0, 0, 3, 0)),
    (7730681609920, (6, 1, 0, 0, 1, 2)),
    (-19154545080160, (6, 0, 3, 1, 0, 0)),
    (28866329158800, (6, 0, 3, 0, 0, 1)),
    (-64228430908040, (6, 0, 2, 1, 1, 0)),
    (31319088776584, (6, 0, 2, 0, 1, 1)),
    (5572708763328, (6, 0, 1, 3, 0, 0)),
    (-54246769689024, (6, 0, 1, 2, 0, 1)),
    (-59941823945360, (6, 0, 1, 1, 2, 0)),
    (-57808119609344, (6, 0, 1, 1, 0, 2)),
    (-8155221764116, (6, 0, 1, 0, 2, 1)),
    (37358947367168, (6, 0, 1, 0, 0, 3)),
    (13103577391216, (6, 0, 0, 3, 1, 0)),
    (-23392762537664, (6, 0, 0, 2, 1, 1)),
    (-15866097354506, (6, 0, 0, 1, 3, 0)),
    (-71317645280832, (6, 0, 0, 1, 1, 2)),
    (-8431828084778, (6, 0, 0, 0, 3, 1)),
    (-14460490933504, (6, 0, 0, 0, 1, 3)),
    (1831762661750, (5, 5, 0, 0, 0, 0)),
    (2132307537174, (5, 4, 0, 1, 0, 0)),
    (16765653915546, (5, 4, 0, 0, 0, 1)),
    (18415003506928, (5, 3, 2, 0, 0, 0)),
    (18792749223580, (5, 3, 1, 0, 1, 0)),
    (-8530666273054, (5, 3, 0, 2, 0, 0)),
    (1963921509676, (5, 3, 0, 1, 0, 1)),
    (3962613433841, (5, 3, 0, 0, 2, 0)),
    (54028756227706, (5, 3, 0, 0, 0, 2)),
    (12864065537048, (5, 2, 2, 1, 0, 0)),
    (114249039403608, (5, 2, 2, 0, 0, 1)),
    (-13910394156728, (5, 2, 1, 1, 1, 0)),
    (90638909266848, (5, 2, 1, 0, 1, 1)),
    (-6849844213324, (5, 2, 0, 3, 0, 0)),
    (-56991822017352, (5, 2, 0, 2, 0, 1)),
    (-12951896245992, (5, 2, 0, 1, 2, 0)),
    (-35904284662476, (5, 2, 0, 1, 0, 2)),
    (8203742955554, (5, 2, 0, 0, 2, 1)),
    (72183416640976, (5, 2, 0, 0, 0, 3)),
    (5727029097720, (5, 1, 4, 0, 0, 0)),
    (21356863695720, (5, 1, 3, 0, 1, 0)),
    (-34055389323984, (5, 1, 2, 2, 0, 0)),
    (-2754582011424, (5, 1, 2, 1, 0, 1)),
    (23102680150634, (5, 1, 2, 0, 2, 0)),
    (184645160454768, (5, 1, 2, 0, 0, 2)),
    (-59370180833440, (5, 1, 1, 2, 1, 0)),
    (-136118801556736, (5, 1, 1, 1, 1, 1)),
    (9123299771964, (5, 1, 1, 0, 3, 0)),
    (90246466085616, (5, 1, 1, 0, 1, 2)),
    (6875485597944, (5, 1, 0, 4, 0, 0)),
    (-9577205306736, (5, 1, 0, 3, 0, 1)),
    (-15834591683768, (5, 1, 0, 2, 2, 0)),
    (-105836732047688, (5, 1, 0, 2, 0, 2)),
    (-66062831297160, (5, 1, 0, 1, 2, 1)),
    (-87441838403840, (5, 1, 0, 1, 0, 3)),
    (1098774381523, (5, 1, 0, 0, 4, 0)),
    (-16403841209636, (5, 1, 0, 0, 2, 2)),
    (34345222586816, (5, 1, 0, 0, 0, 4)),
    (-4855091462480, (5, 0, 4, 1, 0, 0)),
    (12161638264160, (5, 0, 4, 0, 0, 1)),
    (-33074765561600, (5, 0, 3, 1, 1, 0)),
    (29557448669840, (5, 0, 3, 0, 1, 1)),
    (-3968624643072, (5, 0, 2, 3, 0, 0)),
    (-67800742924832, (5, 0, 2, 2, 0, 1)),
    (-56311904342540, (5, 0, 2, 1, 2, 0)),
    (-17529530242208, (5, 0, 2, 1, 0, 2)),
    (6792895272968, (5, 0, 2, 0, 2, 1)),
    (84472712470912, (5, 0, 2, 0, 0, 3)),
    (10396965581248, (5, 0, 1, 3, 1, 0)),
    (-101658572607296, (5, 0, 1, 2, 1, 1)),
    (-33854421386044, (5, 0, 1, 1, 3, 0)),
    (-160558055760736, (5, 0, 1, 1, 1, 2)),
    (-12235254750516, (5, 0, 1, 0, 3, 1)),
    (9825031383488, (5, 0, 1, 0, 1, 3)),
    (2169706051856, (5, 0, 0, 5, 0, 0)),
    (16059896041216, (5, 0, 0, 4, 0, 1)),
    (12874290035704, (5, 0, 0, 3, 2, 0)),
    (2738570623472, (5, 0, 0, 3, 0, 2)),
    (-13719879217816, (5, 0, 0, 2, 2, 1)),
    (-60726557454144, (5, 0, 0, 2, 0, 3)),
    (-6173995762970, (5, 0, 0, 1, 4, 0)),
    (-67957847249608, (5, 0, 0, 1, 2, 2)),
    (-54664281212032, (5, 0, 0, 1, 0, 4)),
    (-4055887039904, (5, 0, 0, 0, 4, 1)),
    (-27354578369792, (5, 0, 0, 0, 2, 3)),
    (959670835200, (5, 0, 0, 0, 0, 5)),
    (5070933996082, (4, 5, 1, 0, 0, 0)),
    (1841996738724, (4, 5, 0, 0, 1, 0)),
    (11111069345114, (4, 4, 1, 1, 0, 0)),
    (52021524293806, (4, 4, 1, 0, 0, 1)),
    (-1065685065732, (4, 4, 0, 1, 1, 0)),
    (13793268733136, (4, 4, 0, 0, 1, 1)),
    (11115740357884, (4, 3, 3, 0, 0, 0)),
    (20193797381150, (4, 3, 2, 0, 1, 0)),
    (-10334906598982, (4, 3, 1, 2, 0, 0)),
    (61696911458932, (4, 3, 1, 1, 0, 1)),
    (9973573109609, (4, 3, 1, 0, 2, 0)),
    (193527316251850, (4, 3, 1, 0, 0, 2)),
    (-15403472378756, (4, 3, 0, 2, 1, 0)),
    (-29806643361316, (4, 3, 0, 1, 1, 1)),
    (1294312086324, (4, 3, 0, 0, 3, 0)),
    (31016047017952, (4, 3, 0, 0, 1, 2)),
    (15611472824360, (4, 2, 3, 1, 0, 0)),
    (75698414108336, (4, 2, 3, 0, 0, 1)),
    (1669700482888, (4, 2, 2, 1, 1, 0)),
    (116801677552892, (4, 2, 2, 0, 1, 1)),
    (-21775587480296, (4, 2, 1, 3, 0, 0)),
    (-96668599397436, (4, 2, 1, 2, 0, 1)),
    (-19498997706578, (4, 2, 1, 1, 2, 0)),
    (86568955533200, (4, 2, 1, 1, 0, 2)),
    (35940966619616, (4, 2, 1, 0, 2, 1)),
    (319567938785924, (4, 2, 1, 0, 0, 3)),
    (-4955693884578, (4, 2, 0, 3, 1, 0)),
    (-88567069849350, (4, 2, 0, 2, 1, 1)),
    (-6964302109891, (4, 2, 0, 1, 3, 0)),
    (-137043954675534, (4, 2, 0, 1, 1, 2)),
    (-321959706951, (4, 2, 0, 0, 3, 1)),
    (10667387824054, (4, 2, 0, 0, 1, 3)),
    (-685278013560, (4, 1, 5, 0, 0, 0)),
    (3555355182120, (4, 1, 4, 0, 1, 0)),
    (-13211455969456, (4, 1, 3, 2, 0, 0)),
    (38367306649280, (4, 1, 3, 1, 0, 1)),
    (10253535048190, (4, 1, 3, 0, 2, 0)),
    (136916113289792, (4, 1, 3, 0, 0, 2)),
    (-53756553294208, (4, 1, 2, 2, 1, 0)),
    (-71040907657552, (4, 1, 2, 1, 1, 1)),
    (8308343199800, (4, 1, 2, 0, 3, 0)),
    (166107402085848, (4, 1, 2, 0, 1, 2)),
    (2614790678600, (4, 1, 1, 4, 0, 0)),
    (-76432658425472, (4, 1, 1, 3, 0, 1)),
    (-39624415756348, (4, 1, 1, 2, 2, 0)),
    (-234158826172792, (4, 1, 1, 2, 0, 2)),
    (-127946163310848, (4, 1, 1, 1, 2, 1)),
    (-5275918831056, (4, 1, 1, 1, 0, 3)),
    (2515219781935, (4, 1, 1, 0, 4, 0)),
    (2270593122184, (4, 1, 1, 0, 2, 2)),
    (232330891509120, (4, 1, 1, 0, 0, 4)),
    (14380964063160, (4, 1, 0, 4, 1, 0)),
    (10830730668104, (4, 1, 0, 3, 1, 1)),
    (-4304844531826, (4, 1, 0, 2, 3, 0)),
    (-150157346987784, (4, 1, 0, 2, 1, 2)),
    (-28443233652676, (4, 1, 0, 1, 3, 1)),
    (-224908170068440, (4, 1, 0, 1, 1, 3)),
    (231284411904, (4, 1, 0, 0, 5, 0)),
    (-13692803723746, (4, 1, 0, 0, 3, 2)),
    (-37922602074752, (4, 1, 0, 0, 1, 4)),
    (662975958400, (4, 0, 5, 1, 0, 0)),
    (-32507303920, (4, 0, 5, 0, 0, 1)),
    (-5244132271560, (4, 0, 4, 1, 1, 0)),
    (9245787221160, (4, 0, 4, 0, 1, 1)),
    (-7762883200928, (4, 0, 3, 3, 0, 0)),
    (-32275761239104, (4, 0, 3, 2, 0, 1)),
    (-22369955603800, (4, 0, 3, 1, 2, 0)),
    (34779951074816, (4, 0, 3, 1, 0, 2)),
    (10526323270260, (4, 0, 3, 0, 2, 1)),
    (70482527214592, (4, 0, 3, 0, 0, 3)),
    (-8270648153808, (4, 0, 2, 3, 1, 0)),
    (-119571178019632, (4, 0, 2, 2, 1, 1)),
    (-26136951570030, (4, 0, 2, 1, 3, 0)),
    (-98858682573360, (4, 0, 2, 1, 1, 2)),
    (-3727987458790, (4, 0, 2, 0, 3, 1)),
    (67751073223072, (4, 0, 2, 0, 1, 3)),
    (4511189822048, (4, 0, 1, 5, 0, 0)),
    (9662691419632, (4, 0, 1, 4, 0, 1)),
    (9230676774360, (4, 0, 1, 3, 2, 0)),
    (-72772665756576, (4, 0, 1, 3, 0, 2)),
    (-72946289753344, (4, 0, 1, 2, 2, 1)),
    (-174638587558256, (4, 0, 1, 2, 0, 3)),
    (-11272870624484, (4, 0, 1, 1, 4, 0)),
    (-153504061129296, (4, 0, 1, 1, 2, 2)),
    (-51010852195840, (4, 0, 1, 1, 0, 4)),
    (-5845982022594, (4, 0, 1, 0, 4, 1)),
    (-35203285576928, (4, 0, 1, 0, 2, 3)),
    (58892645310592, (4, 0, 1, 0, 0, 5)),
    (4714948347256, (4, 0, 0, 5, 1, 0)),
    (36234947210216, (4, 0, 0, 4, 1, 1)),
    (7216319434176, (4, 0, 0, 3, 3, 0)),
    (35610586077768, (4, 0, 0, 3, 1, 2)),
    (-122567467524, (4, 0, 0, 2, 3, 1)),
    (-81238826992040, (4, 0, 0, 2, 1, 3)),
    (-1481903165351, (4, 0, 0, 1, 5, 0)),
    (-28260215428268, (4, 0, 0, 1, 3, 2)),
    (-126331837166976, (4, 0, 0, 1, 1, 4)),
    (-1095283314783, (4, 0, 0, 0, 5, 1)),
    (-16287684953048, (4, 0, 0, 0, 3, 3)),
    (-31892593059776, (4, 0, 0, 0, 1, 5)),
    (396236849925, (3, 7, 0, 0, 0, 0)),
    (1425271404622, (3, 6, 0, 1, 0, 0)),
    (5434691459628, (3, 6, 0, 0, 0, 1)),
    (4923486593244, (3, 5, 2, 0, 0, 0)),
    (4239178292416, (3, 5, 1, 0, 1, 0)),
    (-558305794167, (3, 5, 0, 2, 0, 0)),
    (12701726003194, (3, 5, 0, 1, 0, 1)),
    (645434738090, (3, 5, 0, 0, 2, 0)),
    (30083379198189, (3, 5, 0, 0, 0, 2)),
    (15698038032988, (3, 4, 2, 1, 0, 0)),
    (55317767601732, (3, 4, 2, 0, 0, 1)),
    (4043317587624, (3, 4, 1, 1, 1, 0)),
    (39026872742216, (3, 4, 1, 0, 1, 1)),
    (-5744598290688, (3, 4, 0, 3, 0, 0)),
    (-16171102466326, (3, 4, 0, 2, 0, 1)),
    (-2492075036924, (3, 4, 0, 1, 2, 0)),
    (38000817579484, (3, 4, 0, 1, 0, 2)),
    (2645861164784, (3, 4, 0, 0, 2, 1)),
    (86081692935002, (3, 4, 0, 0, 0, 3)),
    (2433607945388, (3, 3, 4, 0, 0, 0)),
    (9013459454600, (3, 3, 3, 0, 1, 0)),
    (4056946524820, (3, 3, 2, 2, 0, 0)),
    (116719303925912, (3, 3, 2, 1, 0, 1)),
    (8601622016914, (3, 3, 2, 0, 2, 0)),
    (227748995236516, (3, 3, 2, 0, 0, 2)),
    (-23413766703120, (3, 3, 1, 2, 1, 0)),
    (-6545557221104, (3, 3, 1, 1, 1, 1)),
    (2757311881744, (3, 3, 1, 0, 3, 0)),
    (125062901039520, (3, 3, 1, 0, 1, 2)),
    (-3500398897024, (3, 3, 0, 4, 0, 0)),
    (-47245739437376, (3, 3, 0, 3, 0, 1)),
    (-8588480210896, (3, 3, 0, 2, 2, 0)),
    (-100211854879512, (3, 3, 0, 2, 0, 2)),
    (-29423180171824, (3, 3, 0, 1, 2, 1)),
    (29770307678928, (3, 3, 0, 1, 0, 3)),
    (243585990829, (3, 3, 0, 0, 4, 0)),
    (-5076217027072, (3, 3, 0, 0, 2, 2)),
    (134328617237208, (3, 3, 0, 0, 0, 4)),
    (6882281559352, (3, 2, 4, 1, 0, 0)),
    (18559705298896, (3, 2, 4, 0, 0, 1)),
    (9106872333920, (3, 2, 3, 1, 1, 0)),
    (61341459214128, (3, 2, 3, 0, 1, 1)),
    (-16279857146600, (3, 2, 2, 3, 0, 0)),
    (-7444178706336, (3, 2, 2, 2, 0, 1)),
    (-7320452305688, (3, 2, 2, 1, 2, 0)),
    (292969264732984, (3, 2, 2, 1, 0, 2)),
    (42891479233820, (3, 2, 2, 0, 2, 1)),
    (424632701633712, (3, 2, 2, 0, 0, 3)),
    (-25245518912360, (3, 2, 1, 3, 1, 0)),
    (-174722676637592, (3, 2, 1, 2, 1, 1)),
    (-9717840416556, (3, 2, 1, 1, 3, 0)),
    (-138145765109080, (3, 2, 1, 1, 1, 2)),
    (5130511100932, (3, 2, 1, 0, 3, 1)),
    (163211923386840, (3, 2, 1, 0, 1, 3)),
    (2776080725472, (3, 2, 0, 5, 0, 0)),
    (-11375202883088, (3, 2, 0, 4, 0, 1)),
    (2663197739296, (3, 2, 0, 3, 2, 0)),
    (-135914317514112, (3, 2, 0, 3, 0, 2)),
    (-38212935712064, (3, 2, 0, 2, 2, 1)),
    (-256529583767056, (3, 2, 0, 2, 0, 3)),
    (-1892701870194, (3, 2, 0, 1, 4, 0)),
    (-101209990673520, (3, 2, 0, 1, 2, 2)),
    (-61607210025248, (3, 2, 0, 1, 0, 4)),
    (-718243979108, (3, 2, 0, 0, 4, 1)),
    (-37376707964880, (3, 2, 0, 0, 2, 3)),
    (107870303880576, (3, 2, 0, 0, 0, 5)),
    (-946180523400, (3, 1, 6, 0, 0, 0)),
    (-1939834047480, (3, 1, 5, 0, 1, 0)),
    (-52965843424, (3, 1, 4, 2, 0, 0)),
    (25141145362784, (3, 1, 4, 1, 0, 1)),
    (224775448310, (3, 1, 4, 0, 2, 0)),
    (36810297094608, (3, 1, 4, 0, 0, 2)),
    (-19450139239488, (3, 1, 3, 2, 1, 0)),
    (8504094077184, (3, 1, 3, 1, 1, 1)),
    (2615458156920, (3, 1, 3, 0, 3, 0)),
    (107951859431072, (3, 1, 3, 0, 1, 2)),
    (-5842021144552, (3, 1, 2, 4, 0, 0)),
    (-74442876432128, (3, 1, 2, 3, 0, 1)),
    (-32667585823288, (3, 1, 2, 2, 2, 0)),
    (-68124888173472, (3, 1, 2, 2, 0, 2)),
    (-75387654570976, (3, 1, 2, 1, 2, 1)),
    (303737856853856, (3, 1, 2, 1, 0, 3)),
    (1860451811862, (3, 1, 2, 0, 4, 0)),
    (40871192938032, (3, 1, 2, 0, 2, 2)),
    (364073112749992, (3, 1, 2, 0, 0, 4)),
    (7693485273784, (3, 1, 1, 4, 1, 0)),
    (-86721598714368, (3, 1, 1, 3, 1, 1)),
    (-12093197728608, (3, 1, 1, 2, 3, 0)),
    (-400502787316624, (3, 1, 1, 2, 1, 2)),
    (-52510258302752, (3, 1, 1, 1, 3, 1)),
    (-331550818982144, (3, 1, 1, 1, 1, 3)),
    (456598436672, (3, 1, 1, 0, 5, 0)),
    (-16314287809216, (3, 1, 1, 0, 3, 2)),
    (66860536638424, (3, 1, 1, 0, 1, 4)),
    (2090860649328, (3, 1, 0, 6, 0, 0)),
    (16468206834464, (3, 1, 0, 5, 0, 1)),
    (12000118312906, (3, 1, 0, 4, 2, 0)),
    (-1290402700400, (3, 1, 0, 4, 0, 2)),
    (34265730759272, (3, 1, 0, 3, 2, 1)),
    (-165407140173120, (3, 1, 0, 3, 0, 3)),
    (-4266306025, (3, 1, 0, 2, 4, 0)),
    (-41713034222244, (3, 1, 0, 2, 2, 2)),
    (-301479245823392, (3, 1, 0, 2, 0, 4)),
    (-5462728535370, (3, 1, 0, 1, 4, 1)),
    (-140476267200088, (3, 1, 0, 1, 2, 3)),
    (-131385042668480, (3, 1, 0, 1, 0, 5)),
    (31970942472, (3, 1, 0, 0, 6, 0)),
    (-3692335542029, (3, 1, 0, 0, 4, 2)),
    (-60849023157814, (3, 1, 0, 0, 2, 4)),
    (33393024494848, (3, 1, 0, 0, 0, 6)),
    (554312323600, (3, 0, 6, 1, 0, 0)),
    (-1638016688000, (3, 0, 6, 0, 0, 1)),
    (1754796486800, (3, 0, 5, 1, 1, 0)),
    (-1641475616480, (3, 0, 5, 0, 1, 1)),
    (-3507008327840, (3, 0, 4, 3, 0, 0)),
    (-1989097140960, (3, 0, 4, 2, 0, 1)),
    (-1403368381100, (3, 0, 4, 1, 2, 0)),
    (27827836074240, (3, 0, 4, 1, 0, 2)),
    (2777801306560, (3, 0, 4, 0, 2, 1)),
    (19526757539168, (3, 0, 4, 0, 0, 3)),
    (-11680367701888, (3, 0, 3, 3, 1, 0)),
    (-52958928817664, (3, 0, 3, 2, 1, 1)),
    (-7528986281320, (3, 0, 3, 1, 3, 0)),
    (3451057497856, (3, 0, 3, 1, 1, 2)),
    (1569018568040, (3, 0, 3, 0, 3, 1)),
    (58679041239360, (3, 0, 3, 0, 1, 3)),
    (2137418228560, (3, 0, 2, 5, 0, 0)),
    (-11914818684480, (3, 0, 2, 4, 0, 1)),
    (-5283278244688, (3, 0, 2, 3, 2, 0)),
    (-86587116367680, (3, 0, 2, 3, 0, 2)),
    (-80396940612288, (3, 0, 2, 2, 2, 1)),
    (-73780393250048, (3, 0, 2, 2, 0, 3)),
    (-6945102948700, (3, 0, 2, 1, 4, 0)),
    (-102290079034192, (3, 0, 2, 1, 2, 2)),
    (111544705487728, (3, 0, 2, 1, 0, 4)),
    (-2232444706856, (3, 0, 2, 0, 4, 1)),
    (3134701301648, (3, 0, 2, 0, 2, 3)),
    (117968908550464, (3, 0, 2, 0, 0, 5)),
    (7668551470000, (3, 0, 1, 5, 1, 0)),
    (24226706414176, (3, 0, 1, 4, 1, 1)),
    (5288055369824, (3, 0, 1, 3, 3, 0)),
    (-84421062718848, (3, 0, 1, 3, 1, 2)),
    (-22040368335616, (3, 0, 1, 2, 3, 1)),
    (-304788909478240, (3, 0, 1, 2, 1, 3)),
    (-2267013554708, (3, 0, 1, 1, 5, 0)),
    (-64202810715888, (3, 0, 1, 1, 3, 2)),
    (-232935668977712, (3, 0, 1, 1, 1, 4)),
    (-1408177559684, (3, 0, 1, 0, 5, 1)),
    (-26305920387792, (3, 0, 1, 0, 3, 3)),
    (-9842614837504, (3, 0, 1, 0, 1, 5)),
    (105445401472, (3, 0, 0, 7, 0, 0)),
    (5178088119328, (3, 0, 0, 6, 0, 1)),
    (3575193749436, (3, 0, 0, 5, 2, 0)),
    (23146633902912, (3, 0, 0, 5, 0, 2)),
    (31319488037920, (3, 0, 0, 4, 2, 1)),
    (14431629223328, (3, 0, 0, 4, 0, 3)),
    (2466435493976, (3, 0, 0, 3, 4, 0)),
    (56749717478312, (3, 0, 0, 3, 2, 2)),
    (-74332277142528, (3, 0, 0, 3, 0, 4)),
    (3006613033734, (3, 0, 0, 2, 4, 1)),
    (-6522366452528, (3, 0, 0, 2, 2, 3)),
    (-137679244337024, (3, 0, 0, 2, 0, 5)),
    (-219277323608, (3, 0, 0, 1, 6, 0)),
    (-3892318032436, (3, 0, 0, 1, 4, 2)),
    (-72747331060228, (3, 0, 0, 1, 2, 4)),
    (-70737262950656, (3, 0, 0, 1, 0, 6)),
    (-173416972904, (3, 0, 0, 0, 6, 1)),
    (-3629008493674, (3, 0, 0, 0, 4, 3)),
    (-33211937988944, (3, 0, 0, 0, 2, 5)),
    (-1796559824640, (3, 0, 0, 0, 0, 7)),
    (783292198379, (2, 7, 1, 0, 0, 0)),
    (189736697104, (2, 7, 0, 0, 1, 0)),
    (3923625960696, (2, 6, 1, 1, 0, 0)),
    (11899355346866, (2, 6, 1, 0, 0, 1)),
    (38092999861, (2, 6, 0, 1, 1, 0)),
    (1988867824433, (2, 6, 0, 0, 1, 1)),
    (1850552315364, (2, 5, 3, 0, 0, 0)),
    (3152603451096, (2, 5, 2, 0, 1, 0)),
    (4444955073351, (2, 5, 1, 2, 0, 0)),
    (45148074025550, (2, 5, 1, 1, 0, 1)),
    (1210531123774, (2, 5, 1, 0, 2, 0)),
    (74119094803723, (2, 5, 1, 0, 0, 2)),
    (-3286000525232, (2, 5, 0, 2, 1, 0)),
    (-4943993912940, (2, 5, 0, 1, 1, 1)),
    (99256235116, (2, 5, 0, 0, 3, 0)),
    (6775988053540, (2, 5, 0, 0, 1, 2)),
    (8309393569044, (2, 4, 3, 1, 0, 0)),
    (22579967350780, (2, 4, 3, 0, 0, 1)),
    (7568945275232, (2, 4, 2, 1, 1, 0)),
    (34196039674216, (2, 4, 2, 0, 1, 1)),
    (-4184646182818, (2, 4, 1, 3, 0, 0)),
    (29543265085192, (2, 4, 1, 2, 0, 1)),
    (-1709286457672, (2, 4, 1, 1, 2, 0)),
    (204658089027590, (2, 4, 1, 1, 0, 2)),
    (8249085148732, (2, 4, 1, 0, 2, 1)),
    (244837479263764, (2, 4, 1, 0, 0, 3)),
    (-6327891025651, (2, 4, 0, 3, 1, 0)),
    (-40079508427637, (2, 4, 0, 2, 1, 1)),
    (-925084800734, (2, 4, 0, 1, 3, 0)),
    (-50479862175901, (2, 4, 0, 1, 1, 2)),
    (-173274277678, (2, 4, 0, 0, 3, 1)),
    (3098512664821, (2, 4, 0, 0, 1, 3)),
    (-354181939056, (2, 3, 5, 0, 0, 0)),
    (923596900062, (2, 3, 4, 0, 1, 0)),
    (8820283445044, (2, 3, 3, 2, 0, 0)),
    (71383002262152, (2, 3, 3, 1, 0, 1)),
    (2716246197898, (2, 3, 3, 0, 2, 0)),
    (100213740689588, (2, 3, 3, 0, 0, 2)),
    (-6554780464856, (2, 3, 2, 2, 1, 0)),
    (46150668375016, (2, 3, 2, 1, 1, 1)),
    (1856769998536, (2, 3, 2, 0, 3, 0)),
    (135355298410240, (2, 3, 2, 0, 1, 2)),
    (-9146855141612, (2, 3, 1, 4, 0, 0)),
    (-50803463411168, (2, 3, 1, 3, 0, 1)),
    (-13724780500528, (2, 3, 1, 2, 2, 0)),
    (51713442755008, (2, 3, 1, 2, 0, 2)),
    (-33568355021088, (2, 3, 1, 1, 2, 1)),
    (463523730811632, (2, 3, 1, 1, 0, 3)),
    (431805862915, (2, 3, 1, 0, 4, 0)),
    (11467547791984, (2, 3, 1, 0, 2, 2)),
    (462008012599180, (2, 3, 1, 0, 0, 4)),
    (-153515619350, (2, 3, 0, 4, 1, 0)),
    (-43326097031856, (2, 3, 0, 3, 1, 1)),
    (-1388189454840, (2, 3, 0, 2, 3, 0)),
    (-177016921396332, (2, 3, 0, 2, 1, 2)),
    (-7907379507928, (2, 3, 0, 1, 3, 1)),
    (-195530479776960, (2, 3, 0, 1, 1, 3)),
    (25458278056, (2, 3, 0, 0, 5, 0)),
    (-4299922615440, (2, 3, 0, 0, 3, 2)),
    (-34377673161326, (2, 3, 0, 0, 1, 4)),
    (524988518208, (2, 2, 5, 1, 0, 0)),
    (-2194325922416, (2, 2, 5, 0, 0, 1)),
    (3608464630676, (2, 2, 4, 1, 1, 0)),
    (8808246461672, (2, 2, 4, 0, 1, 1)),
    (-1513828087296, (2, 2, 3, 3, 0, 0)),
    (46665782433528, (2, 2, 3, 2, 0, 1)),
    (1045533258788, (2, 2, 3, 1, 2, 0)),
    (212353774638864, (2, 2, 3, 1, 0, 2)),
    (18045312016056, (2, 2, 3, 0, 2, 1)),
    (199660584609240, (2, 2, 3, 0, 0, 3)),
    (-19556286607308, (2, 2, 2, 3, 1, 0)),
    (-71357110765956, (2, 2, 2, 2, 1, 1)),
    (-3749952745850, (2, 2, 2, 1, 3, 0)),
    (79900617551148, (2, 2, 2, 1, 1, 2)),
    (6973539799822, (2, 2, 2, 0, 3, 1)),
    (244313498959908, (2, 2, 2, 0, 1, 3)),
    (-2746698195168, (2, 2, 1, 5, 0, 0)),
    (-59173371626968, (2, 2, 1, 4, 0, 1)),
    (-8236087658240, (2, 2, 1, 3, 2, 0)),
    (-203885984869968, (2, 2, 1, 3, 0, 2)),
    (-91857466370592, (2, 2, 1, 2, 2, 1)),
    (-40169698886832, (2, 2, 1, 2, 0, 3)),
    (-2189624293304, (2, 2, 1, 1, 4, 0)),
    (-155521728376080, (2, 2, 1, 1, 2, 2)),
    (540572778080144, (2, 2, 1, 1, 0, 4)),
    (-13415720526, (2, 2, 1, 0, 4, 1)),
    (-25634468324848, (2, 2, 1, 0, 2, 3)),
    (496238644916552, (2, 2, 1, 0, 0, 5)),
    (6293757152752, (2, 2, 0, 5, 1, 0)),
    (16485586012860, (2, 2, 0, 4, 1, 1)),
    (3288187360384, (2, 2, 0, 3, 3, 0)),
    (-95489545818840, (2, 2, 0, 3, 1, 2)),
    (422930477328, (2, 2, 0, 2, 3, 1)),
    (-365936986983920, (2, 2, 0, 2, 1, 3)),
    (-268637661267, (2, 2, 0, 1, 5, 0)),
    (-18650973939408, (2, 2, 0, 1, 3, 2)),
    (-372356996616744, (2, 2, 0, 1, 1, 4)),
    (-153604778903, (2, 2, 0, 0, 5, 1)),
    (-12608661521056, (2, 2, 0, 0, 3, 3)),
    (-90084024139420, (2, 2, 0, 0, 1, 5)),
    (-155205138200, (2, 1, 7, 0, 0, 0)),
    (-831482017240, (2, 1, 6, 0, 1, 0)),
    (909864427856, (2, 1, 5, 2, 0, 0)),
    (2947354770272, (2, 1, 5, 1, 0, 1)),
    (-1110082771070, (2, 1, 5, 0, 2, 0)),
    (-4181931922480, (2, 1, 5, 0, 0, 2)),
    (-1400427821448, (2, 1, 4, 2, 1, 0)),
    (13294251007104, (2, 1, 4, 1, 1, 1)),
    (-251594600740, (2, 1, 4, 0, 3, 0)),
    (19704288544304, (2, 1, 4, 0, 1, 2)),
    (-3866423354360, (2, 1, 3, 4, 0, 0)),
    (-12945813343200, (2, 1, 3, 3, 0, 1)),
    (-10314114389328, (2, 1, 3, 2, 2, 0)),
    (79857390263840, (2, 1, 3, 2, 0, 2)),
    (-10013718747760, (2, 1, 3, 1, 2, 1)),
    (268883035528576, (2, 1, 3, 1, 0, 3)),
    (403009345830, (2, 1, 3, 0, 4, 0)),
    (28669603095768, (2, 1, 3, 0, 2, 2)),
    (181931103391672, (2, 1, 3, 0, 0, 4)),
    (-5154779127208, (2, 1, 2, 4, 1, 0)),
    (-91709283558320, (2, 1, 2, 3, 1, 1)),
    (-9158047506260, (2, 1, 2, 2, 3, 0)),
    (-206621647965696, (2, 1, 2, 2, 1, 2)),
    (-28539724543592, (2, 1, 2, 1, 3, 1)),
    (24074959461520, (2, 1, 2, 1, 1, 3)),
    (269251816288, (2, 1, 2, 0, 5, 0)),
    (-1254905469044, (2, 1, 2, 0, 3, 2)),
    (205956340345352, (2, 1, 2, 0, 1, 4)),
    (1153831889760, (2, 1, 1, 6, 0, 0)),
    (-9328283342720, (2, 1, 1, 5, 0, 1)),
    (7724024688494, (2, 1, 1, 4, 2, 0)),
    (-129773248202160, (2, 1, 1, 4, 0, 2)),
    (-20842535228264, (2, 1, 1, 3, 2, 1)),
    (-347815228387072, (2, 1, 1, 3, 0, 3)),
    (-1404890611463, (2, 1, 1, 2, 4, 0)),
    (-201004137076140, (2, 1, 1, 2, 2, 2)),
    (-197009955929936, (2, 1, 1, 2, 0, 4)),
    (-9561053320974, (2, 1, 1, 1, 4, 1)),
    (-281507348630696, (2, 1, 1, 1, 2, 3)),
    (289500036989792, (2, 1, 1, 1, 0, 5)),
    (53603899888, (2, 1, 1, 0, 6, 0)),
    (-4781192131995, (2, 1, 1, 0, 4, 2)),
    (-77560677679666, (2, 1, 1, 0, 2, 4)),
    (279536107724352, (2, 1, 1, 0, 0, 6)),
    (3500398633096, (2, 1, 0, 6, 1, 0)),
    (35276985163024, (2, 1, 0, 5, 1, 1)),
    (4658754020480, (2, 1, 0, 4, 3, 0)),
    (75397248535632, (2, 1, 0, 4, 1, 2)),
    (22802254482112, (2, 1, 0, 3, 3, 1)),
    (-67712031296672, (2, 1, 0, 3, 1, 3)),
    (199499130152, (2, 1, 0, 2, 5, 0)),
    (22146605080448, (2, 1, 0, 2, 3, 2)),
    (-365479567411352, (2, 1, 0, 2, 1, 4)),
    (-339433233180, (2, 1, 0, 1, 5, 1)),
    (-12299039858912, (2, 1, 0, 1, 3, 3)),
    (-357479680174832, (2, 1, 0, 1, 1, 5)),
    (2665072396, (2, 1, 0, 0, 7, 0)),
    (-373824973588, (2, 1, 0, 0, 5, 2)),
    (-14100248766496, (2, 1, 0, 0, 3, 4)),
    (-93689581744832, (2, 1, 0, 0, 1, 6)),
    (56065917600, (2, 0, 7, 1, 0, 0)),
    (-340161704400, (2, 0, 7, 0, 0, 1)),
    (670920044200, (2, 0, 6, 1, 1, 0)),
    (-1376680466280, (2, 0, 6, 0, 1, 1)),
    (-406960748000, (2, 0, 5, 3, 0, 0)),
    (2085426994112, (2, 0, 5, 2, 0, 1)),
    (1348353188000, (2, 0, 5, 1, 2, 0)),
    (4063844714912, (2, 0, 5, 1, 0, 2)),
    (-818892107180, (2, 0, 5, 0, 2, 1)),
    (-3020784244544, (2, 0, 5, 0, 0, 3)),
    (-3916271078080, (2, 0, 4, 3, 1, 0)),
    (-5680223247504, (2, 0, 4, 2, 1, 1)),
    (208692707930, (2, 0, 4, 1, 3, 0)),
    (17291740069424, (2, 0, 4, 1, 1, 2)),
    (645188680010, (2, 0, 4, 0, 3, 1)),
    (12716313354224, (2, 0, 4, 0, 1, 3)),
    (-188050414240, (2, 0, 3, 5, 0, 0)),
    (-9703995984080, (2, 0, 3, 4, 0, 1)),
    (-6054521052800, (2, 0, 3, 3, 2, 0)),
    (-19401018747136, (2, 0, 3, 3, 0, 2)),
    (-30762367686080, (2, 0, 3, 2, 2, 1)),
    (46925267574080, (2, 0, 3, 2, 0, 3)),
    (-1335217053520, (2, 0, 3, 1, 4, 0)),
    (-16260994427824, (2, 0, 3, 1, 2, 2)),
    (124451720943008, (2, 0, 3, 1, 0, 4)),
    (113064713860, (2, 0, 3, 0, 4, 1)),
    (15586168992128, (2, 0, 3, 0, 2, 3)),
    (62428774758416, (2, 0, 3, 0, 0, 5)),
    (2815751564200, (2, 0, 2, 5, 1, 0)),
    (-11219527954280, (2, 0, 2, 4, 1, 1)),
    (-914396910120, (2, 0, 2, 3, 3, 0)),
    (-113248469279264, (2, 0, 2, 3, 1, 2)),
    (-23971069699424, (2, 0, 2, 2, 3, 1)),
    (-181826550395488, (2, 0, 2, 2, 1, 3)),
    (-1069335629530, (2, 0, 2, 1, 5, 0)),
    (-40519566929216, (2, 0, 2, 1, 3, 2)),
    (-25473862885000, (2, 0, 2, 1, 1, 4)),
    (-463013011034, (2, 0, 2, 0, 5, 1)),
    (-9808850644136, (2, 0, 2, 0, 3, 3)),
    (67191715749704, (2, 0, 2, 0, 1, 5)),
    (288215173600, (2, 0, 1, 7, 0, 0)),
    (3192636058400, (2, 0, 1, 6, 0, 1)),
    (4837689795008, (2, 0, 1, 5, 2, 0)),
    (-8437427760288, (2, 0, 1, 5, 0, 2)),
    (22801889378892, (2, 0, 1, 4, 2, 1)),
    (-99169085060864, (2, 0, 1, 4, 0, 3)),
    (1871672831186, (2, 0, 1, 3, 4, 0)),
    (-14808180324752, (2, 0, 1, 3, 2, 2)),
    (-220678147682048, (2, 0, 1, 3, 0, 4)),
    (-1200889812544, (2, 0, 1, 2, 4, 1)),
    (-155074405484216, (2, 0, 1, 2, 2, 3)),
    (-148933503946080, (2, 0, 1, 2, 0, 5)),
    (-272086500280, (2, 0, 1, 1, 6, 0)),
    (-10708936040406, (2, 0, 1, 1, 4, 2)),
    (-183099047932176, (2, 0, 1, 1, 2, 4)),
    (44507280640000, (2, 0, 1, 1, 0, 6)),
    (-186283749064, (2, 0, 1, 0, 6, 1)),
    (-6097368031516, (2, 0, 1, 0, 4, 3)),
    (-52858448648884, (2, 0, 1, 0, 2, 5)),
    (63295163513856, (2, 0, 1, 0, 0, 7)),
    (249174281808, (2, 0, 0, 7, 1, 0)),
    (9061974587200, (2, 0, 0, 6, 1, 1)),
    (1042072761790, (2, 0, 0, 5, 3, 0)),
    (48824464672688, (2, 0, 0, 5, 1, 2)),
    (12180269859678, (2, 0, 0, 4, 3, 1)),
    (83792523916976, (2, 0, 0, 4, 1, 3)),
    (461559148355, (2, 0, 0, 3, 5, 0)),
    (33734421579084, (2, 0, 0, 3, 3, 2)),
    (-1853108122560, (2, 0, 0, 3, 1, 4)),
    (1043268781429, (2, 0, 0, 2, 5, 1)),
    (30252977265628, (2, 0, 0, 2, 3, 3)),
    (-148869887573872, (2, 0, 0, 2, 1, 5)),
    (-19219553024, (2, 0, 0, 1, 7, 0)),
    (322648412173, (2, 0, 0, 1, 5, 2)),
    (1268684401846, (2, 0, 0, 1, 3, 4)),
    (-142779599990848, (2, 0, 0, 1, 1, 6)),
    (-15920384312, (2, 0, 0, 0, 7, 1)),
    (-183575009461, (2, 0, 0, 0, 5, 3)),
    (-5795346777466, (2, 0, 0, 0, 3, 5)),
    (-37766696116608, (2, 0, 0, 0, 1, 7)),
    (36418502599, (1, 9, 0, 0, 0, 0)),
    (254560845514, (1, 8, 0, 1, 0, 0)),
    (679884766544, (1, 8, 0, 0, 0, 1)),
    (423944405623, (1, 7, 2, 0, 0, 0)),
    (285914395508, (1, 7, 1, 0, 1, 0)),
    (504292731808, (1, 7, 0, 2, 0, 0)),
    (3775145285216, (1, 7, 0, 1, 0, 1)),
    (17326163120, (1, 7, 0, 0, 2, 0)),
    (5456554209656, (1, 7, 0, 0, 0, 2)),
    (2753379617814, (1, 6, 2, 1, 0, 0)),
    (7022592667360, (1, 6, 2, 0, 0, 1)),
    (858223520090, (1, 6, 1, 1, 1, 0)),
    (3872525317290, (1, 6, 1, 0, 1, 1)),
    (-211893652440, (1, 6, 0, 3, 0, 0)),
    (4873123127704, (1, 6, 0, 2, 0, 1)),
    (-250887255076, (1, 6, 0, 1, 2, 0)),
    (23222397772488, (1, 6, 0, 1, 0, 2)),
    (-82594713456, (1, 6, 0, 0, 2, 1)),
    (24636687302728, (1, 6, 0, 0, 0, 3)),
    (136642129806, (1, 5, 4, 0, 0, 0)),
    (763925055024, (1, 5, 3, 0, 1, 0)),
    (5888090879319, (1, 5, 2, 2, 0, 0)),
    (36390442376278, (1, 5, 2, 1, 0, 1)),
    (652973926830, (1, 5, 2, 0, 2, 0)),
    (47894360043635, (1, 5, 2, 0, 0, 2)),
    (-1741004264028, (1, 5, 1, 2, 1, 0)),
    (5697955585648, (1, 5, 1, 1, 1, 1)),
    (145639339572, (1, 5, 1, 0, 3, 0)),
    (20735910982844, (1, 5, 1, 0, 1, 2)),
    (-1980639136993, (1, 5, 0, 4, 0, 0)),
    (-7441732245692, (1, 5, 0, 3, 0, 1)),
    (-1259316864673, (1, 5, 0, 2, 2, 0)),
    (14039079522778, (1, 5, 0, 2, 0, 2)),
    (-4504200708842, (1, 5, 0, 1, 2, 1)),
    (75728936772260, (1, 5, 0, 1, 0, 3)),
    (5690242390, (1, 5, 0, 0, 4, 0)),
    (-2549872699873, (1, 5, 0, 0, 2, 2)),
    (68583199391855, (1, 5, 0, 0, 0, 4)),
    (1322954091022, (1, 4, 4, 1, 0, 0)),
    (1949110525282, (1, 4, 4, 0, 0, 1)),
    (3266411915032, (1, 4, 3, 1, 1, 0)),
    (9789303287480, (1, 4, 3, 0, 1, 1)),
    (4098669750468, (1, 4, 2, 3, 0, 0)),
    (60128691737138, (1, 4, 2, 2, 0, 1)),
    (537794665252, (1, 4, 2, 1, 2, 0)),
    (194014180836384, (1, 4, 2, 1, 0, 2)),
    (6197765619368, (1, 4, 2, 0, 2, 1)),
    (174368053101674, (1, 4, 2, 0, 0, 3)),
    (-8317517316782, (1, 4, 1, 3, 1, 0)),
    (-32111173607786, (1, 4, 1, 2, 1, 1)),
    (-743160096164, (1, 4, 1, 1, 3, 0)),
    (-51273056866, (1, 4, 1, 1, 1, 2)),
    (384012059620, (1, 4, 1, 0, 3, 1)),
    (55475956232730, (1, 4, 1, 0, 1, 3)),
    (-2641763212270, (1, 4, 0, 5, 0, 0)),
    (-24793577539544, (1, 4, 0, 4, 0, 1)),
    (-785690190890, (1, 4, 0, 3, 2, 0)),
    (-63534095061636, (1, 4, 0, 3, 0, 2)),
    (-11857088461776, (1, 4, 0, 2, 2, 1)),
    (-10746278947736, (1, 4, 0, 2, 0, 3)),
    (-111095674744, (1, 4, 0, 1, 4, 0)),
    (-27648277367362, (1, 4, 0, 1, 2, 2)),
    (135716298138402, (1, 4, 0, 1, 0, 4)),
    (-69983847680, (1, 4, 0, 0, 4, 1)),
    (-14992709940060, (1, 4, 0, 0, 2, 3)),
    (120696857579552, (1, 4, 0, 0, 0, 5)),
    (-188715098040, (1, 3, 6, 0, 0, 0)),
    (-362080836900, (1, 3, 5, 0, 1, 0)),
    (2864257225610, (1, 3, 4, 2, 0, 0)),
    (12665298227964, (1, 3, 4, 1, 0, 1)),
    (58072946765, (1, 3, 4, 0, 2, 0)),
    (9175450271266, (1, 3, 4, 0, 0, 2)),
    (2175164558928, (1, 3, 3, 2, 1, 0)),
    (28419100758224, (1, 3, 3, 1, 1, 1)),
    (391066820176, (1, 3, 3, 0, 3, 0)),
    (45665556182528, (1, 3, 3, 0, 1, 2)),
    (-1113168835812, (1, 3, 2, 4, 0, 0)),
    (29304148839760, (1, 3, 2, 3, 0, 1)),
    (-4988597950400, (1, 3, 2, 2, 2, 0)),
    (240896811268192, (1, 3, 2, 2, 0, 2)),
    (-3739502088016, (1, 3, 2, 1, 2, 1)),
    (536469660055936, (1, 3, 2, 1, 0, 3)),
    (213781448975, (1, 3, 2, 0, 4, 0)),
    (19713580985808, (1, 3, 2, 0, 2, 2)),
    (366596729063908, (1, 3, 2, 0, 0, 4)),
    (-8718947574028, (1, 3, 1, 4, 1, 0)),
    (-81728774212032, (1, 3, 1, 3, 1, 1)),
    (-2476378345048, (1, 3, 1, 2, 3, 0)),
    (-191848307549848, (1, 3, 1, 2, 1, 2)),
    (-9298973099200, (1, 3, 1, 1, 3, 1)),
    (-88312055441248, (1, 3, 1, 1, 1, 3)),
    (35921626764, (1, 3, 1, 0, 5, 0)),
    (-3438823565224, (1, 3, 1, 0, 3, 2)),
    (74664302056004, (1, 3, 1, 0, 1, 4)),
    (-1478244098310, (1, 3, 0, 6, 0, 0)),
    (-23649933635020, (1, 3, 0, 5, 0, 1)),
    (2856152421751, (1, 3, 0, 4, 2, 0)),
    (-120554067556490, (1, 3, 0, 4, 0, 2)),
    (2599576187500, (1, 3, 0, 3, 2, 1)),
    (-246107776006760, (1, 3, 0, 3, 0, 3)),
    (86150637894, (1, 3, 0, 2, 4, 0)),
    (-36587540443934, (1, 3, 0, 2, 2, 2)),
    (-152185979715930, (1, 3, 0, 2, 0, 4)),
    (-424834591524, (1, 3, 0, 1, 4, 1)),
    (-79659527256804, (1, 3, 0, 1, 2, 3)),
    (113193738586420, (1, 3, 0, 1, 0, 5)),
    (1150094904, (1, 3, 0, 0, 6, 0)),
    (-393952641410, (1, 3, 0, 0, 4, 2)),
    (-41171947557393, (1, 3, 0, 0, 2, 4)),
    (130828046630506, (1, 3, 0, 0, 0, 6)),
    (-322795414040, (1, 2, 6, 1, 0, 0)),
    (-1412031429736, (1, 2, 6, 0, 0, 1)),
    (18928869976, (1, 2, 5, 1, 1, 0)),
    (-2218541878736, (1, 2, 5, 0, 1, 1)),
    (1669480449300, (1, 2, 4, 3, 0, 0)),
    (18440017478280, (1, 2, 4, 2, 0, 1)),
    (723903517456, (1, 2, 4, 1, 2, 0)),
    (40729681185460, (1, 2, 4, 1, 0, 2)),
    (1403482774898, (1, 2, 4, 0, 2, 1)),
    (17180682811872, (1, 2, 4, 0, 0, 3)),
    (-3466264739240, (1, 2, 3, 3, 1, 0)),
    (8324707867560, (1, 2, 3, 2, 1, 1)),
    (-129985972092, (1, 2, 3, 1, 3, 0)),
    (87119285261160, (1, 2, 3, 1, 1, 2)),
    (2433933470644, (1, 2, 3, 0, 3, 1)),
    (97812974613784, (1, 2, 3, 0, 1, 3)),
    (-2058003385728, (1, 2, 2, 5, 0, 0)),
    (-10135103005944, (1, 2, 2, 4, 0, 1)),
    (-7262269596720, (1, 2, 2, 3, 2, 0)),
    (76688521312448, (1, 2, 2, 3, 0, 2)),
    (-43036647794256, (1, 2, 2, 2, 2, 1)),
    (475802499920320, (1, 2, 2, 2, 0, 3)),
    (-647081953322, (1, 2, 2, 1, 4, 0)),
    (-39807180713856, (1, 2, 2, 1, 2, 2)),
    (815977074606464, (1, 2, 2, 1, 0, 4)),
    (513998582768, (1, 2, 2, 0, 4, 1)),
    (23751790273632, (1, 2, 2, 0, 2, 3)),
    (447141624692056, (1, 2, 2, 0, 0, 5)),
    (-1811699755728, (1, 2, 1, 5, 1, 0)),
    (-57158533901512, (1, 2, 1, 4, 1, 1)),
    (248588911008, (1, 2, 1, 3, 3, 0)),
    (-296507431868304, (1, 2, 1, 3, 1, 2)),
    (-13158787117488, (1, 2, 1, 2, 3, 1)),
    (-526294662539552, (1, 2, 1, 2, 1, 3)),
    (-226286663750, (1, 2, 1, 1, 5, 0)),
    (-35273515326944, (1, 2, 1, 1, 3, 2)),
    (-284780914840512, (1, 2, 1, 1, 1, 4)),
    (-59062006022, (1, 2, 1, 0, 5, 1)),
    (-16968830848080, (1, 2, 1, 0, 3, 3)),
    (36086986413256, (1, 2, 1, 0, 1, 5)),
    (-364316756300, (1, 2, 0, 7, 0, 0)),
    (-9406941373480, (1, 2, 0, 6, 0, 1)),
    (4419341688104, (1, 2, 0, 5, 2, 0)),
    (-79154372869460, (1, 2, 0, 5, 0, 2)),
    (29103925097694, (1, 2, 0, 4, 2, 1)),
    (-288835374439744, (1, 2, 0, 4, 0, 3)),
    (843180189044, (1, 2, 0, 3, 4, 0)),
    (44309563819656, (1, 2, 0, 3, 2, 2)),
    (-499795715893876, (1, 2, 0, 3, 0, 4)),
    (2535278641176, (1, 2, 0, 2, 4, 1)),
    (-34049357276220, (1, 2, 0, 2, 2, 3)),
    (-365441320155784, (1, 2, 0, 2, 0, 5)),
    (-19604459740, (1, 2, 0, 1, 6, 0)),
    (1416082507332, (1, 2, 0, 1, 4, 2)),
    (-115310874931744, (1, 2, 0, 1, 2, 4)),
    (-13284134318316, (1, 2, 0, 1, 0, 6)),
    (-14715159408, (1, 2, 0, 0, 6, 1)),
    (-111614631920, (1, 2, 0, 0, 4, 3)),
    (-59878633870034, (1, 2, 0, 0, 2, 5)),
    (78263436924656, (1, 2, 0, 0, 0, 7)),
    (16984429000, (1, 1, 8, 0, 0, 0)),
    (-40860561000, (1, 1, 7, 0, 1, 0)),
    (-1734239200, (1, 1, 6, 2, 0, 0)),
    (-1250481736960, (1, 1, 6, 1, 0, 1)),
    (-223540542610, (1, 1, 6, 0, 2, 0)),
    (-2930137193664, (1, 1, 6, 0, 0, 2)),
    (385140030176, (1, 1, 5, 2, 1, 0)),
    (910678580864, (1, 1, 5, 1, 1, 1)),
    (-245401378740, (1, 1, 5, 0, 3, 0)),
    (-3933998576912, (1, 1, 5, 0, 1, 2)),
    (-201755098000, (1, 1, 4, 4, 0, 0)),
    (6260643588720, (1, 1, 4, 3, 0, 1)),
    (-758959074560, (1, 1, 4, 2, 2, 0)),
    (38197170392680, (1, 1, 4, 2, 0, 2)),
    (2478049944712, (1, 1, 4, 1, 2, 1)),
    (53934860314016, (1, 1, 4, 1, 0, 3)),
    (-61366851385, (1, 1, 4, 0, 4, 0)),
    (4013017834052, (1, 1, 4, 0, 2, 2)),
    (12240704663960, (1, 1, 4, 0, 0, 4)),
    (-3267697721960, (1, 1, 3, 4, 1, 0)),
    (-20272810882816, (1, 1, 3, 3, 1, 1)),
    (-2285308332400, (1, 1, 3, 2, 3, 0)),
    (6627556578480, (1, 1, 3, 2, 1, 2)),
    (-4066102511808, (1, 1, 3, 1, 3, 1)),
    (117704362701312, (1, 1, 3, 1, 1, 3)),
    (39957355760, (1, 1, 3, 0, 5, 0)),
    (2809169016112, (1, 1, 3, 0, 3, 2)),
    (100225289589688, (1, 1, 3, 0, 1, 4)),
    (-352515752800, (1, 1, 2, 6, 0, 0)),
    (-9335710217952, (1, 1, 2, 5, 0, 1)),
    (-927492002234, (1, 1, 2, 4, 2, 0)),
    (-28504082720752, (1, 1, 2, 4, 0, 2)),
    (-34649867469352, (1, 1, 2, 3, 2, 1)),
    (85258085319168, (1, 1, 2, 3, 0, 3)),
    (-1084388347543, (1, 1, 2, 2, 4, 0)),
    (-117349147839612, (1, 1, 2, 2, 2, 2)),
    (465431534394032, (1, 1, 2, 2, 0, 4)),
    (-4311577094054, (1, 1, 2, 1, 4, 1)),
    (-97145494104808, (1, 1, 2, 1, 2, 3)),
    (651989321202240, (1, 1, 2, 1, 0, 5)),
    (23814070616, (1, 1, 2, 0, 6, 0)),
    (-1340537203283, (1, 1, 2, 0, 4, 2)),
    (5253526599622, (1, 1, 2, 0, 2, 4)),
    (295377518937792, (1, 1, 2, 0, 0, 6)),
    (1186496844560, (1, 1, 1, 6, 1, 0)),
    (-6081196694400, (1, 1, 1, 5, 1, 1)),
    (3223605735716, (1, 1, 1, 4, 3, 0)),
    (-129210820472704, (1, 1, 1, 4, 1, 2)),
    (7372590467760, (1, 1, 1, 3, 3, 1)),
    (-482955967094016, (1, 1, 1, 3, 1, 3)),
    (20816925460, (1, 1, 1, 2, 5, 0)),
    (-20985285108968, (1, 1, 1, 2, 3, 2)),
    (-699145109256880, (1, 1, 1, 2, 1, 4)),
    (-633643982896, (1, 1, 1, 1, 5, 1)),
    (-56476899357072, (1, 1, 1, 1, 3, 3)),
    (-372880540013056, (1, 1, 1, 1, 1, 5)),
    (3640787276, (1, 1, 1, 0, 7, 0)),
    (-409116133108, (1, 1, 1, 0, 5, 2)),
    (-27936141835100, (1, 1, 1, 0, 3, 4)),
    (-19122363854432, (1, 1, 1, 0, 1, 6)),
    (-50210766200, (1, 1, 0, 8, 0, 0)),
    (-1425063010000, (1, 1, 0, 7, 0, 1)),
    (1921193750900, (1, 1, 0, 6, 2, 0)),
    (-19728799834520, (1, 1, 0, 6, 0, 2)),
    (24055718799760, (1, 1, 0, 5, 2, 1)),
    (-118172522750240, (1, 1, 0, 5, 0, 3)),
    (656199937328, (1, 1, 0, 4, 4, 0)),
    (89632837412568, (1, 1, 0, 4, 2, 2)),
    (-346411921652904, (1, 1, 0, 4, 0, 4)),
    (4840797358984, (1, 1, 0, 3, 4, 1)),
    (124019771561168, (1, 1, 0, 3, 2, 3)),
    (-527443697897616, (1, 1, 0, 3, 0, 5)),
    (26182727367, (1, 1, 0, 2, 6, 0)),
    (9947324154504, (1, 1, 0, 2, 4, 2)),
    (23639703986084, (1, 1, 0, 2, 2, 4)),
    (-394269859299464, (1, 1, 0, 2, 0, 6)),
    (2345072934, (1, 1, 0, 1, 6, 1)),
    (7133529193400, (1, 1, 0, 1, 4, 3)),
    (-78661061970272, (1, 1, 0, 1, 2, 5)),
    (-98928806299136, (1, 1, 0, 1, 0, 7)),
    (101715915, (1, 1, 0, 0, 8, 0)),
    (-17112694121, (1, 1, 0, 0, 6, 2)),
    (1485258390728, (1, 1, 0, 0, 4, 4)),
    (-44983027348592, (1, 1, 0, 0, 2, 6)),
    (16790422933184, (1, 1, 0, 0, 0, 8)),
    (-4217430000, (1, 0, 8, 1, 0, 0)),
    (28236818400, (1, 0, 8, 0, 0, 1)),
    (36460037600, (1, 0, 7, 1, 1, 0)),
    (-116805866800, (1, 0, 7, 0, 1, 1)),
    (28478800000, (1, 0, 6, 3, 0, 0)),
    (87633105600, (1, 0, 6, 2, 0, 1)),
    (261926143500, (1, 0, 6, 1, 2, 0)),
    (-1287421494560, (1, 0, 6, 1, 0, 2)),
    (-342311896920, (1, 0, 6, 0, 2, 1)),
    (-1802835171104, (1, 0, 6, 0, 0, 3)),
    (-291082412000, (1, 0, 5, 3, 1, 0)),
    (1058115222752, (1, 0, 5, 2, 1, 1)),
    (399587400100, (1, 0, 5, 1, 3, 0)),
    (2045785796224, (1, 0, 5, 1, 1, 2)),
    (-100198723380, (1, 0, 5, 0, 3, 1)),
    (-2404001704480, (1, 0, 5, 0, 1, 3)),
    (-162072204000, (1, 0, 4, 5, 0, 0)),
    (-797339072000, (1, 0, 4, 4, 0, 1)),
    (-1391484980200, (1, 0, 4, 3, 2, 0)),
    (6283009452240, (1, 0, 4, 3, 0, 2)),
    (-2908863859144, (1, 0, 4, 2, 2, 1)),
    (26268778029120, (1, 0, 4, 2, 0, 3)),
    (127597107750, (1, 0, 4, 1, 4, 0)),
    (3678897263960, (1, 0, 4, 1, 2, 2)),
    (24755152577552, (1, 0, 4, 1, 0, 4)),
    (131771647000, (1, 0, 4, 0, 4, 1)),
    (3561634745616, (1, 0, 4, 0, 2, 3)),
    (2077899683840, (1, 0, 4, 0, 0, 5)),
    (-161765638240, (1, 0, 3, 5, 1, 0)),
    (-8709462343280, (1, 0, 3, 4, 1, 1)),
    (-1205195068848, (1, 0, 3, 3, 3, 0)),
    (-27672745410592, (1, 0, 3, 3, 1, 2)),
    (-7278325396304, (1, 0, 3, 2, 3, 1)),
    (80342914304, (1, 0, 3, 2, 1, 3)),
    (-123670489460, (1, 0, 3, 1, 5, 0)),
    (-6869865728928, (1, 0, 3, 1, 3, 2)),
    (61651636904064, (1, 0, 3, 1, 1, 4)),
    (10093204380, (1, 0, 3, 0, 5, 1)),
    (879632221632, (1, 0, 3, 0, 3, 3)),
    (40669474937712, (1, 0, 3, 0, 1, 5)),
    (51889824000, (1, 0, 2, 7, 0, 0)),
    (-729122257600, (1, 0, 2, 6, 0, 1)),
    (1336458188380, (1, 0, 2, 5, 2, 0)),
    (-11272231276992, (1, 0, 2, 5, 0, 2)),
    (-1904857793800, (1, 0, 2, 4, 2, 1)),
    (-26407951176224, (1, 0, 2, 4, 0, 3)),
    (159270508452, (1, 0, 2, 3, 4, 0)),
    (-45250987464312, (1, 0, 2, 3, 2, 2)),
    (32861332739136, (1, 0, 2, 3, 0, 4)),
    (-2633678377794, (1, 0, 2, 2, 4, 1)),
    (-105313623637216, (1, 0, 2, 2, 2, 3)),
    (181808750956320, (1, 0, 2, 2, 0, 5)),
    (-91207394600, (1, 0, 2, 1, 6, 0)),
    (-6182914202120, (1, 0, 2, 1, 4, 2)),
    (-73194401066564, (1, 0, 2, 1, 2, 4)),
    (216010510520768, (1, 0, 2, 1, 0, 6)),
    (-45211725048, (1, 0, 2, 0, 6, 1)),
    (-2535325290298, (1, 0, 2, 0, 4, 3)),
    (-5330624804280, (1, 0, 2, 0, 2, 5)),
    (82536509140864, (1, 0, 2, 0, 0, 7)),
    (281367247200, (1, 0, 1, 7, 1, 0)),
    (3286267897600, (1, 0, 1, 6, 1, 1)),
    (1336380300732, (1, 0, 1, 5, 3, 0)),
    (-5708428263008, (1, 0, 1, 5, 1, 2)),
    (9488311150596, (1, 0, 1, 4, 3, 1)),
    (-103807113771104, (1, 0, 1, 4, 1, 3)),
    (317755163982, (1, 0, 1, 3, 5, 0)),
    (14036054141560, (1, 0, 1, 3, 3, 2)),
    (-303970280582080, (1, 0, 1, 3, 1, 4)),
    (509103795514, (1, 0, 1, 2, 5, 1)),
    (-11432708875928, (1, 0, 1, 2, 3, 3)),
    (-369958467246816, (1, 0, 1, 2, 1, 5)),
    (-18229896776, (1, 0, 1, 1, 7, 0)),
    (-270697765342, (1, 0, 1, 1, 5, 2)),
    (-34619142430580, (1, 0, 1, 1, 3, 4)),
    (-184556875615296, (1, 0, 1, 1, 1, 6)),
    (-13352914624, (1, 0, 1, 0, 7, 1)),
    (-348889009098, (1, 0, 1, 0, 5, 3)),
    (-16388700454444, (1, 0, 1, 0, 3, 5)),
    (-20616595223744, (1, 0, 1, 0, 1, 7)),
    (-5732039600, (1, 0, 0, 9, 0, 0)),
    (-90943109600, (1, 0, 0, 8, 0, 1)),
    (149091496304, (1, 0, 0, 7, 2, 0)),
    (-1259581425200, (1, 0, 0, 7, 0, 2)),
    (5069619448104, (1, 0, 0, 6, 2, 1)),
    (-13640458742400, (1, 0, 0, 6, 0, 3)),
    (24656514986, (1, 0, 0, 5, 4, 0)),
    (33075307892848, (1, 0, 0, 5, 2, 2)),
    (-67441518616080, (1, 0, 0, 5, 0, 4)),
    (1527527625326, (1, 0, 0, 4, 4, 1)),
    (87392082807344, (1, 0, 0, 4, 2, 3)),
    (-169945461059424, (1, 0, 0, 4, 0, 5)),
    (33891762454, (1, 0, 0, 3, 6, 0)),
    (6646107448708, (1, 0, 0, 3, 4, 2)),
    (103667174225360, (1, 0, 0, 3, 2, 4)),
    (-233432459164816, (1, 0, 0, 3, 0, 6)),
    (92964809696, (1, 0, 0, 2, 6, 1)),
    (10592536591324, (1, 0, 0, 2, 4, 3)),
    (39463661564776, (1, 0, 0, 2, 2, 5)),
    (-170549585478592, (1, 0, 0, 2, 0, 7)),
    (-837528146, (1, 0, 0, 1, 8, 0)),
    (58136562206, (1, 0, 0, 1, 6, 2)),
    (7005533642962, (1, 0, 0, 1, 4, 4)),
    (-19111681208624, (1, 0, 0, 1, 2, 6)),
    (-55462683161728, (1, 0, 0, 1, 0, 8)),
    (-726697776, (1, 0, 0, 0, 8, 1)),
    (2106959732, (1, 0, 0, 0, 6, 3)),
    (1587885046518, (1, 0, 0, 0, 4, 5)),
    (-13990760122944, (1, 0, 0, 0, 2, 7)),
    (-3045129924480, (1, 0, 0, 0, 0, 9)),
    (36418502599, (0, 9, 1, 0, 0, 0)),
    (329630073292, (0, 8, 1, 1, 0, 0)),
    (754953994322, (0, 8, 1, 0, 0, 1)),
    (-38650725179, (0, 8, 0, 1, 1, 0)),
    (-38650725179, (0, 8, 0, 0, 1, 1)),
    (36889057169, (0, 7, 3, 0, 0, 0)),
    (96177698404, (0, 7, 2, 0, 1, 0)),
    (1171814309472, (0, 7, 1, 2, 0, 0)),
    (5829077557928, (0, 7, 1, 1, 0, 1)),
    (17326163120, (0, 7, 1, 0, 2, 0)),
    (6842964904704, (0, 7, 1, 0, 0, 2)),
    (-335659281792, (0, 7, 0, 2, 1, 0)),
    (-1044417432876, (0, 7, 0, 1, 1, 1)),
    (-708758151084, (0, 7, 0, 0, 1, 2)),
    (363259474700, (0, 6, 3, 1, 0, 0)),
    (666163193082, (0, 6, 3, 0, 0, 1)),
    (571184567149, (0, 6, 2, 1, 1, 0)),
    (1634711539777, (0, 6, 2, 0, 1, 1)),
    (2100467532824, (0, 6, 1, 3, 0, 0)),
    (17536587656776, (0, 6, 1, 2, 0, 1)),
    (-118976308056, (0, 6, 1, 1, 2, 0)),
    (44582363966968, (0, 6, 1, 1, 0, 2)),
    (49316233564, (0, 6, 1, 0, 2, 1)),
    (35645550153400, (0, 6, 1, 0, 0, 3)),
    (-1136749889872, (0, 6, 0, 3, 1, 0)),
    (-6298988632216, (0, 6, 0, 2, 1, 1)),
    (-16897238680, (0, 6, 0, 1, 3, 0)),
    (-10745652990480, (0, 6, 0, 1, 1, 2)),
    (-16897238680, (0, 6, 0, 0, 3, 1)),
    (-5583414248136, (0, 6, 0, 0, 1, 3)),
    (-29594926646, (0, 5, 5, 0, 0, 0)),
    (8503157620, (0, 5, 4, 0, 1, 0)),
    (1189543439721, (0, 5, 3, 2, 0, 0)),
    (5177532920450, (0, 5, 3, 1, 0, 1)),
    (87877541146, (0, 5, 3, 0, 2, 0)),
    (4787369576709, (0, 5, 3, 0, 0, 2)),
    (929247910452, (0, 5, 2, 2, 1, 0)),
    (7649907571852, (0, 5, 2, 1, 1, 1)),
    (46383104456, (0, 5, 2, 0, 3, 0)),
    (11583629353320, (0, 5, 2, 0, 1, 2)),
    (2011400676215, (0, 5, 1, 4, 0, 0)),
    (26301178403220, (0, 5, 1, 3, 0, 1)),
    (-1078252259021, (0, 5, 1, 2, 2, 0)),
    (111849286185242, (0, 5, 1, 2, 0, 2)),
    (-3150192039114, (0, 5, 1, 1, 2, 1)),
    (193007724994036, (0, 5, 1, 1, 0, 3)),
    (5690242390, (0, 5, 1, 0, 4, 0)),
    (-1376928635797, (0, 5, 1, 0, 2, 2)),
    (117802651786871, (0, 5, 1, 0, 0, 4)),
    (-1930433685904, (0, 5, 0, 4, 1, 0)),
    (-16444842503696, (0, 5, 0, 3, 1, 1)),
    (24620769292, (0, 5, 0, 2, 3, 0)),
    (-48157892516672, (0, 5, 0, 2, 1, 2)),
    (-80853170636, (0, 5, 0, 1, 3, 1)),
    (-58384214436768, (0, 5, 0, 1, 1, 3)),
    (-105473939928, (0, 5, 0, 0, 3, 2)),
    (-24740730737888, (0, 5, 0, 0, 1, 4)),
    (-60810706350, (0, 4, 5, 1, 0, 0)),
    (-362607055402, (0, 4, 5, 0, 0, 1)),
    (261956777252, (0, 4, 4, 1, 1, 0)),
    (282355106440, (0, 4, 4, 0, 1, 1)),
    (1692554781918, (0, 4, 3, 3, 0, 0)),
    (13403468463676, (0, 4, 3, 2, 0, 1)),
    (320334412640, (0, 4, 3, 1, 2, 0)),
    (29227253481438, (0, 4, 3, 1, 0, 2)),
    (1159869962060, (0, 4, 3, 0, 2, 1)),
    (17647303727336, (0, 4, 3, 0, 0, 3)),
    (-148495246463, (0, 4, 2, 3, 1, 0)),
    (9271415477679, (0, 4, 2, 2, 1, 1)),
    (-86787085742, (0, 4, 2, 1, 3, 0)),
    (42435770807023, (0, 4, 2, 1, 1, 2)),
    (288574546986, (0, 4, 2, 0, 3, 1)),
    (44922675642737, (0, 4, 2, 0, 1, 3)),
    (988752286620, (0, 4, 1, 5, 0, 0)),
    (20675972257850, (0, 4, 1, 4, 0, 1)),
    (-2410570224860, (0, 4, 1, 3, 2, 0)),
    (137277484742544, (0, 4, 1, 3, 0, 2)),
    (-15184731952518, (0, 4, 1, 2, 2, 1)),
    (395024080404572, (0, 4, 1, 2, 0, 3)),
    (-53862879264, (0, 4, 1, 1, 4, 0)),
    (-26378621803944, (0, 4, 1, 1, 2, 2)),
    (518487786096164, (0, 4, 1, 1, 0, 4)),
    (-12751052200, (0, 4, 1, 0, 4, 1)),
    (-12020290919870, (0, 4, 1, 0, 2, 3)),
    (256670531690682, (0, 4, 1, 0, 0, 5)),
    (-1750287264075, (0, 4, 0, 5, 1, 0)),
    (-21871063731287, (0, 4, 0, 4, 1, 1)),
    (450052403823, (0, 4, 0, 3, 3, 0)),
    (-97045221852230, (0, 4, 0, 3, 1, 2)),
    (1435866177337, (0, 4, 0, 2, 3, 1)),
    (-197739492554614, (0, 4, 0, 2, 1, 3)),
    (-4566255190, (0, 4, 0, 1, 5, 0)),
    (1112097072469, (0, 4, 0, 1, 3, 2)),
    (-188467530969631, (0, 4, 0, 1, 1, 4)),
    (-4566255190, (0, 4, 0, 0, 5, 1)),
    (126283298955, (0, 4, 0, 0, 3, 3)),
    (-67652483800035, (0, 4, 0, 0, 1, 5)),
    (-7847960084, (0, 3, 7, 0, 0, 0)),
    (-56942533438, (0, 3, 6, 0, 1, 0)),
    (79095980690, (0, 3, 5, 2, 0, 0)),
    (-543060449724, (0, 3, 5, 1, 0, 1)),
    (-67510909987, (0, 3, 5, 0, 2, 0)),
    (-1773460947518, (0, 3, 5, 0, 0, 2)),
    (629398087644, (0, 3, 4, 2, 1, 0)),
    (2933325271132, (0, 3, 4, 1, 1, 1)),
    (-2703382940, (0, 3, 4, 0, 3, 0)),
    (1851171153344, (0, 3, 4, 0, 1, 2)),
    (1049442090200, (0, 3, 3, 4, 0, 0)),
    (14849316055216, (0, 3, 3, 3, 0, 1)),
    (-140718013920, (0, 3, 3, 2, 2, 0)),
    (58696831040104, (0, 3, 3, 2, 0, 2)),
    (2528011598304, (0, 3, 3, 1, 2, 1)),
    (83594487828768, (0, 3, 3, 1, 0, 3)),
    (25561576889, (0, 3, 3, 0, 4, 0)),
    (5580575356960, (0, 3, 3, 0, 2, 2)),
    (35541555761280, (0, 3, 3, 0, 0, 4)),
    (-1514771874278, (0, 3, 2, 4, 1, 0)),
    (-2731146899088, (0, 3, 2, 3, 1, 1)),
    (-748475519248, (0, 3, 2, 2, 3, 0)),
    (38322755756596, (0, 3, 2, 2, 1, 2)),
    (-2056259691816, (0, 3, 2, 1, 3, 1)),
    (127088835731808, (0, 3, 2, 1, 1, 3)),
    (10463348708, (0, 3, 2, 0, 5, 0)),
    (-143280421288, (0, 3, 2, 0, 3, 2)),
    (104379114904002, (0, 3, 2, 0, 1, 4)),
    (211691087650, (0, 3, 1, 6, 0, 0)),
    (8036694050140, (0, 3, 1, 5, 0, 1)),
    (-1960263306781, (0, 3, 1, 4, 2, 0)),
    (85439266105830, (0, 3, 1, 4, 0, 2)),
    (-23795040147876, (0, 3, 1, 3, 2, 1)),
    (383218892825192, (0, 3, 1, 3, 0, 3)),
    (-28302892418, (0, 3, 1, 2, 4, 0)),
    (-81819370355254, (0, 3, 1, 2, 2, 2)),
    (836495686521006, (0, 3, 1, 2, 0, 4)),
    (-360713466012, (0, 3, 1, 1, 4, 1)),
    (-105306315113716, (0, 3, 1, 1, 2, 3)),
    (887264917435708, (0, 3, 1, 1, 0, 5)),
    (1150094904, (0, 3, 1, 0, 6, 0)),
    (-215377985586, (0, 3, 1, 0, 4, 2)),
    (-43165106109829, (0, 3, 1, 0, 2, 4)),
    (369547586911690, (0, 3, 1, 0, 0, 6)),
    (-831123870080, (0, 3, 0, 6, 1, 0)),
    (-15249900003660, (0, 3, 0, 5, 1, 1)),
    (1065079507628, (0, 3, 0, 4, 3, 0)),
    (-98503140224220, (0, 3, 0, 4, 1, 2)),
    (6410033085488, (0, 3, 0, 3, 3, 1)),
    (-301406921632376, (0, 3, 0, 3, 1, 3)),
    (8831207128, (0, 3, 0, 2, 5, 0)),
    (12832995343128, (0, 3, 0, 2, 3, 2)),
    (-476485210863928, (0, 3, 0, 2, 1, 4)),
    (-5842800148, (0, 3, 0, 1, 5, 1)),
    (10023379217520, (0, 3, 0, 1, 3, 3)),
    (-376516629512764, (0, 3, 0, 1, 1, 5)),
    (-14674007276, (0, 3, 0, 0, 5, 2)),
    (2535337452252, (0, 3, 0, 0, 3, 4)),
    (-117353976190572, (0, 3, 0, 0, 1, 6)),
    (-36537635000, (0, 2, 7, 1, 0, 0)),
    (-58614040304, (0, 2, 7, 0, 0, 1)),
    (-108619448480, (0, 2, 6, 1, 1, 0)),
    (-445843918676, (0, 2, 6, 0, 1, 1)),
    (197148285960, (0, 2, 5, 3, 0, 0)),
    (513661079460, (0, 2, 5, 2, 0, 1)),
    (2855616126, (0, 2, 5, 1, 2, 0)),
    (-2068414473664, (0, 2, 5, 1, 0, 2)),
    (-389737468840, (0, 2, 5, 0, 2, 1)),
    (-4310941598140, (0, 2, 5, 0, 0, 3)),
    (264999247230, (0, 2, 4, 3, 1, 0)),
    (4449527559674, (0, 2, 4, 2, 1, 1)),
    (77716116693, (0, 2, 4, 1, 3, 0)),
    (10869278965906, (0, 2, 4, 1, 1, 2)),
    (124152128305, (0, 2, 4, 0, 3, 1)),
    (4337919598646, (0, 2, 4, 0, 1, 3)),
    (204865035000, (0, 2, 3, 5, 0, 0)),
    (6896550728040, (0, 2, 3, 4, 0, 1)),
    (-1078525014416, (0, 2, 3, 3, 2, 0)),
    (48429295669504, (0, 2, 3, 3, 0, 2)),
    (-2462110995760, (0, 2, 3, 2, 2, 1)),
    (125065878288720, (0, 2, 3, 2, 0, 3)),
    (-20893992228, (0, 2, 3, 1, 4, 0)),
    (7058557858464, (0, 2, 3, 1, 2, 2)),
    (127461588719656, (0, 2, 3, 1, 0, 4)),
    (138435862170, (0, 2, 3, 0, 4, 1)),
    (12918004548160, (0, 2, 3, 0, 2, 3)),
    (38090234137224, (0, 2, 3, 0, 0, 5)),
    (-1091299891164, (0, 2, 2, 5, 1, 0)),
    (-10650189282464, (0, 2, 2, 4, 1, 1)),
    (-735238934528, (0, 2, 2, 3, 3, 0)),
    (-11872622266096, (0, 2, 2, 3, 1, 2)),
    (-6334640401248, (0, 2, 2, 2, 3, 1)),
    (83901684474680, (0, 2, 2, 2, 1, 3)),
    (-37103740251, (0, 2, 2, 1, 5, 0)),
    (-11437087646896, (0, 2, 2, 1, 3, 2)),
    (219275585135228, (0, 2, 2, 1, 1, 4)),
    (15088035113, (0, 2, 2, 0, 5, 1)),
    (-4117433265104, (0, 2, 2, 0, 3, 3)),
    (146776644050136, (0, 2, 2, 0, 1, 5)),
    (14735807800, (0, 2, 1, 7, 0, 0)),
    (1235006720500, (0, 2, 1, 6, 0, 1)),
    (-243193067822, (0, 2, 1, 5, 2, 0)),
    (24640679540960, (0, 2, 1, 5, 0, 2)),
    (-13488503885424, (0, 2, 1, 4, 2, 1)),
    (177925660562860, (0, 2, 1, 4, 0, 3)),
    (378243548160, (0, 2, 1, 3, 4, 0)),
    (-88842395470788, (0, 2, 1, 3, 2, 2)),
    (605220112231896, (0, 2, 1, 3, 0, 4)),
    (885183291068, (0, 2, 1, 2, 4, 1)),
    (-216882411473768, (0, 2, 1, 2, 2, 3)),
    (1065156568207372, (0, 2, 1, 2, 0, 5)),
    (-9270473224, (0, 2, 1, 1, 6, 0)),
    (46655817640, (0, 2, 1, 1, 4, 2)),
    (-224256821488862, (0, 2, 1, 1, 2, 4)),
    (947141334874384, (0, 2, 1, 1, 0, 6)),
    (-4381172892, (0, 2, 1, 0, 6, 1)),
    (-295882612388, (0, 2, 1, 0, 4, 3)),
    (-81213591292856, (0, 2, 1, 0, 2, 5)),
    (339877967757908, (0, 2, 1, 0, 0, 7)),
    (-195048922250, (0, 2, 0, 7, 1, 0)),
    (-5242638374190, (0, 2, 0, 6, 1, 1)),
    (974371939723, (0, 2, 0, 5, 3, 0)),
    (-49805945475650, (0, 2, 0, 5, 1, 2)),
    (9236884151819, (0, 2, 0, 4, 3, 1)),
    (-221621982087222, (0, 2, 0, 4, 1, 3)),
    (18776726934, (0, 2, 0, 3, 5, 0)),
    (30652004409030, (0, 2, 0, 3, 3, 2)),
    (-523826336553406, (0, 2, 0, 3, 1, 4)),
    (78043994786, (0, 2, 0, 2, 5, 1)),
    (45973958061278, (0, 2, 0, 2, 3, 3)),
    (-680845625958058, (0, 2, 0, 2, 1, 5)),
    (-563385424, (0, 2, 0, 1, 7, 0)),
    (56673977490, (0, 2, 0, 1, 5, 2)),
    (31461007802847, (0, 2, 0, 1, 3, 4)),
    (-460657811770870, (0, 2, 0, 1, 1, 6)),
    (-563385424, (0, 2, 0, 0, 7, 1)),
    (-2593290362, (0, 2, 0, 0, 5, 3)),
    (7876541938503, (0, 2, 0, 0, 3, 5)),
    (-126774896302706, (0, 2, 0, 0, 1, 7)),
    (2866019800, (0, 1, 9, 0, 0, 0)),
    (10861820200, (0, 1, 8, 0, 1, 0)),
    (-25944912000, (0, 1, 7, 2, 0, 0)),
    (-152998466400, (0, 1, 7, 1, 0, 1)),
    (1711307850, (0, 1, 7, 0, 2, 0)),
    (-98283171408, (0, 1, 7, 0, 0, 2)),
    (-6889807600, (0, 1, 6, 2, 1, 0)),
    (-428278799120, (0, 1, 6, 1, 1, 1)),
    (-21214318720, (0, 1, 6, 0, 3, 0)),
    (-960031858248, (0, 1, 6, 0, 1, 2)),
    (81036102000, (0, 1, 5, 4, 0, 0)),
    (814877919840, (0, 1, 5, 3, 0, 1)),
    (69206956124, (0, 1, 5, 2, 2, 0)),
    (857951958360, (0, 1, 5, 2, 0, 2)),
    (210758830224, (0, 1, 5, 1, 2, 1)),
    (-3724838312368, (0, 1, 5, 1, 0, 3)),
    (-20369785765, (0, 1, 5, 0, 4, 0)),
    (-628327352528, (0, 1, 5, 0, 2, 2)),
    (-5074370926328, (0, 1, 5, 0, 0, 4)),
    (-199334768000, (0, 1, 4, 4, 1, 0)),
    (952816696680, (0, 1, 4, 3, 1, 1)),
    (-100671254346, (0, 1, 4, 2, 3, 0)),
    (10336440394408, (0, 1, 4, 2, 1, 2)),
    (229335899788, (0, 1, 4, 1, 3, 1)),
    (16791408087624, (0, 1, 4, 1, 1, 3)),
    (-3980435760, (0, 1, 4, 0, 5, 0)),
    (450386149190, (0, 1, 4, 0, 3, 2)),
    (3891676327496, (0, 1, 4, 0, 1, 4)),
    (-14239400000, (0, 1, 3, 6, 0, 0)),
    (935338476000, (0, 1, 3, 5, 0, 1)),
    (-722198531390, (0, 1, 3, 4, 2, 0)),
    (15203838125760, (0, 1, 3, 4, 0, 2)),
    (-6152220320088, (0, 1, 3, 3, 2, 1)),
    (69569110268800, (0, 1, 3, 3, 0, 3)),
    (-177326120713, (0, 1, 3, 2, 4, 0)),
    (-8673455181876, (0, 1, 3, 2, 2, 2)),
    (129598355445584, (0, 1, 3, 2, 0, 4)),
    (-431948652706, (0, 1, 3, 1, 4, 1)),
    (9361158778472, (0, 1, 3, 1, 2, 3)),
    (97543067029824, (0, 1, 3, 1, 0, 5)),
    (2181113200, (0, 1, 3, 0, 6, 0)),
    (23185121035, (0, 1, 3, 0, 4, 2)),
    (15516344085602, (0, 1, 3, 0, 2, 4)),
    (18788322563600, (0, 1, 3, 0, 0, 6)),
    (-153482480400, (0, 1, 2, 6, 1, 0)),
    (-4928116414176, (0, 1, 2, 5, 1, 1)),
    (139724222116, (0, 1, 2, 4, 3, 0)),
    (-25008295197880, (0, 1, 2, 4, 1, 2)),
    (-3462171419792, (0, 1, 2, 3, 3, 1)),
    (-19588131240384, (0, 1, 2, 3, 1, 3)),
    (-30868245604, (0, 1, 2, 2, 5, 0)),
    (-17910645585960, (0, 1, 2, 2, 3, 2)),
    (98114006249216, (0, 1, 2, 2, 1, 4)),
    (-184873000836, (0, 1, 2, 1, 5, 1)),
    (-25122996376624, (0, 1, 2, 1, 3, 3)),
    (207715224955040, (0, 1, 2, 1, 1, 5)),
    (975714880, (0, 1, 2, 0, 7, 0)),
    (-73767369728, (0, 1, 2, 0, 5, 2)),
    (-9609654462844, (0, 1, 2, 0, 3, 4)),
    (116229431470536, (0, 1, 2, 0, 1, 6)),
    (2108715000, (0, 1, 1, 8, 0, 0)),
    (39337351200, (0, 1, 1, 7, 0, 1)),
    (314495409440, (0, 1, 1, 6, 2, 0)),
    (2386253146200, (0, 1, 1, 6, 0, 2)),
    (-796834749720, (0, 1, 1, 5, 2, 1)),
    (33905837126000, (0, 1, 1, 5, 0, 3)),
    (490025552420, (0, 1, 1, 4, 4, 0)),
    (-32466037167412, (0, 1, 1, 4, 2, 2)),
    (187380681793480, (0, 1, 1, 4, 0, 4)),
    (2895017256232, (0, 1, 1, 3, 4, 1)),
    (-151020818544480, (0, 1, 1, 3, 2, 3)),
    (514415102743296, (0, 1, 1, 3, 0, 5)),
    (5282768811, (0, 1, 1, 2, 6, 0)),
    (5120197879984, (0, 1, 1, 2, 4, 2)),
    (-288027743636744, (0, 1, 1, 2, 2, 4)),
    (757541046485896, (0, 1, 1, 2, 0, 6)),
    (-15456938666, (0, 1, 1, 1, 6, 1)),
    (3063083890904, (0, 1, 1, 1, 4, 3)),
    (-248669007878024, (0, 1, 1, 1, 2, 5)),
    (578299243916528, (0, 1, 1, 1, 0, 7)),
    (101715915, (0, 1, 1, 0, 8, 0)),
    (-14014747165, (0, 1, 1, 0, 6, 2)),
    (462333644908, (0, 1, 1, 0, 4, 4)),
    (-79511096367204, (0, 1, 1, 0, 2, 6)),
    (181649152333536, (0, 1, 1, 0, 0, 8)),
    (-26538393000, (0, 1, 0, 8, 1, 0)),
    (-761427023000, (0, 1, 0, 7, 1, 1)),
    (341794440942, (0, 1, 0, 6, 3, 0)),
    (-10907804926760, (0, 1, 0, 6, 1, 2)),
    (5220754735332, (0, 1, 0, 5, 3, 1)),
    (-72640981551880, (0, 1, 0, 5, 1, 3)),
    (-24761956292, (0, 1, 0, 4, 5, 0)),
    (26294611659602, (0, 1, 0, 4, 3, 2)),
    (-251253949845032, (0, 1, 0, 4, 1, 4)),
    (-34540202064, (0, 1, 0, 3, 5, 1)),
    (61865057078904, (0, 1, 0, 3, 3, 3)),
    (-488041429755496, (0, 1, 0, 3, 1, 5)),
    (1196523276, (0, 1, 0, 2, 7, 0)),
    (50341371240, (0, 1, 0, 2, 5, 2)),
    (74574539106802, (0, 1, 0, 2, 3, 4)),
    (-540314100270680, (0, 1, 0, 2, 1, 6)),
    (1121990668, (0, 1, 0, 1, 7, 1)),
    (72317838304, (0, 1, 0, 1, 5, 3)),
    (44396694790308, (0, 1, 0, 1, 3, 5)),
    (-319589109352952, (0, 1, 0, 1, 1, 7)),
    (-74532608, (0, 1, 0, 0, 7, 2)),
    (12198221292, (0, 1, 0, 0, 5, 4)),
    (10271561397198, (0, 1, 0, 0, 3, 6)),
    (-78530554247856, (0, 1, 0, 0, 1, 8)),
    (5732039600, (0, 0, 9, 0, 0, 1)),
    (-2108715000, (0, 0, 8, 1, 1, 0)),
    (18857620600, (0, 0, 8, 0, 1, 1)),
    (-51889824000, (0, 0, 7, 2, 0, 1)),
    (4213539400, (0, 0, 7, 1, 2, 0)),
    (-159846392800, (0, 0, 7, 1, 0, 2)),
    (-6681899700, (0, 0, 7, 0, 2, 1)),
    (-24893862272, (0, 0, 7, 0, 0, 3)),
    (14239400000, (0, 0, 6, 3, 1, 0)),
    (31771176800, (0, 0, 6, 2, 1, 1)),
    (32522101150, (0, 0, 6, 1, 3, 0)),
    (-460899642720, (0, 0, 6, 1, 1, 2)),
    (-29821890490, (0, 0, 6, 0, 3, 1)),
    (-632711168496, (0, 0, 6, 0, 1, 3)),
    (162072204000, (0, 0, 5, 4, 0, 1)),
    (-43801019000, (0, 0, 5, 3, 2, 0)),
    (841162695840, (0, 0, 5, 3, 0, 2)),
    (215906958848, (0, 0, 5, 2, 2, 1)),
    (294027444400, (0, 0, 5, 2, 0, 3)),
    (40618966500, (0, 0, 5, 1, 4, 0)),
    (492894941344, (0, 0, 5, 1, 2, 2)),
    (-2547531026272, (0, 0, 5, 1, 0, 4)),
    (390101390, (0, 0, 5, 0, 4, 1)),
    (-344362650592, (0, 0, 5, 0, 2, 3)),
    (-2237987806480, (0, 0, 5, 0, 0, 5)),
    (-81036102000, (0, 0, 4, 5, 1, 0)),
    (-595583974000, (0, 0, 4, 4, 1, 1)),
    (-155050761560, (0, 0, 4, 3, 3, 0)),
    (1065458440440, (0, 0, 4, 3, 1, 2)),
    (-412369144316, (0, 0, 4, 2, 3, 1)),
    (8270179927272, (0, 0, 4, 2, 1, 3)),
    (12240988025, (0, 0, 4, 1, 5, 0)),
    (307072858764, (0, 0, 4, 1, 3, 2)),
    (9205512206648, (0, 0, 4, 1, 1, 4)),
    (11898207825, (0, 0, 4, 0, 5, 1)),
    (521538417984, (0, 0, 4, 0, 3, 3)),
    (859882669960, (0, 0, 4, 0, 1, 5)),
    (-28478800000, (0, 0, 3, 6, 0, 1)),
    (-33870215560, (0, 0, 3, 5, 2, 0)),
    (1051216812000, (0, 0, 3, 5, 0, 2)),
    (-2038643193620, (0, 0, 3, 4, 2, 1)),
    (11217010060960, (0, 0, 3, 4, 0, 3)),
    (-63833033902, (0, 0, 3, 3, 4, 0)),
    (-8595255780992, (0, 0, 3, 3, 2, 2)),
    (37134689790624, (0, 0, 3, 3, 0, 4)),
    (-566500091396, (0, 0, 3, 2, 4, 1)),
    (-8090675419032, (0, 0, 3, 2, 2, 3)),
    (52117740709376, (0, 0, 3, 2, 0, 5)),
    (-5328698200, (0, 0, 3, 1, 6, 0)),
    (-818174641262, (0, 0, 3, 1, 4, 2)),
    (5904990005480, (0, 0, 3, 1, 2, 4)),
    (28792073181760, (0, 0, 3, 1, 0, 6)),
    (724570840, (0, 0, 3, 0, 6, 1)),
    (-196385844832, (0, 0, 3, 0, 4, 3)),
    (8034036449996, (0, 0, 3, 0, 2, 5)),
    (2474476446240, (0, 0, 3, 0, 0, 7)),
    (25944912000, (0, 0, 2, 7, 1, 0)),
    (-319010336800, (0, 0, 2, 6, 1, 1)),
    (231468481710, (0, 0, 2, 5, 3, 0)),
    (-5907445455696, (0, 0, 2, 5, 1, 2)),
    (453156925110, (0, 0, 2, 4, 3, 1)),
    (-20051431796128, (0, 0, 2, 4, 1, 3)),
    (40720690687, (0, 0, 2, 3, 5, 0)),
    (-4822389420980, (0, 0, 2, 3, 3, 2)),
    (-11036638345680, (0, 0, 2, 3, 1, 4)),
    (153299249, (0, 0, 2, 2, 5, 1)),
    (-17474101025428, (0, 0, 2, 2, 3, 3)),
    (48907281824080, (0, 0, 2, 2, 1, 5)),
    (-3498539520, (0, 0, 2, 1, 7, 0)),
    (-171464306639, (0, 0, 2, 1, 5, 2)),
    (-19663916481402, (0, 0, 2, 1, 3, 4)),
    (84373651800992, (0, 0, 2, 1, 1, 6)),
    (-1920726080, (0, 0, 2, 0, 7, 1)),
    (-93225738865, (0, 0, 2, 0, 5, 3)),
    (-6913005116962, (0, 0, 2, 0, 3, 5)),
    (39999998116976, (0, 0, 2, 0, 1, 7)),
    (4217430000, (0, 0, 1, 8, 0, 1)),
    (68629830200, (0, 0, 1, 7, 2, 0)),
    (19731471200, (0, 0, 1, 7, 0, 2)),
    (864384853400, (0, 0, 1, 6, 2, 1)),
    (1526008111600, (0, 0, 1, 6, 0, 3)),
    (135387271486, (0, 0, 1, 5, 4, 0)),
    (-825400712832, (0, 0, 1, 5, 2, 2)),
    (17722471903360, (0, 0, 1, 5, 0, 4)),
    (1490038548370, (0, 0, 1, 4, 4, 1)),
    (-28008870659256, (0, 0, 1, 4, 2, 3)),
    (80122115695440, (0, 0, 1, 4, 0, 5)),
    (12880597012, (0, 0, 1, 3, 6, 0)),
    (4879653429388, (0, 0, 1, 3, 4, 2)),
    (-99852765904936, (0, 0, 1, 3, 2, 4)),
    (184468930082144, (0, 0, 1, 3, 0, 6)),
    (27585566938, (0, 0, 1, 2, 6, 1)),
    (6728814004452, (0, 0, 1, 2, 4, 3)),
    (-154981142488472, (0, 0, 1, 2, 2, 5)),
    (232863805343696, (0, 0, 1, 2, 0, 7)),
    (-509497100, (0, 0, 1, 1, 8, 0)),
    (2251369096, (0, 0, 1, 1, 6, 2)),
    (3983695673590, (0, 0, 1, 1, 4, 4)),
    (-113848687675408, (0, 0, 1, 1, 2, 6)),
    (155060444857792, (0, 0, 1, 1, 0, 8)),
    (-398666730, (0, 0, 1, 0, 8, 1)),
    (-9410156062, (0, 0, 1, 0, 6, 3)),
    (811535478154, (0, 0, 1, 0, 4, 5)),
    (-32177884877256, (0, 0, 1, 0, 2, 7)),
    (43085827826688, (0, 0, 1, 0, 0, 9)),
    (-2866019800, (0, 0, 0, 9, 1, 0)),
    (-48337574600, (0, 0, 0, 8, 1, 1)),
    (25432852884, (0, 0, 0, 7, 3, 0)),
    (-676019572200, (0, 0, 0, 7, 1, 2)),
    (906456377368, (0, 0, 0, 6, 3, 1)),
    (-7486383207800, (0, 0, 0, 6, 1, 3)),
    (-28171671858, (0, 0, 0, 5, 5, 0)),
    (7167577387216, (0, 0, 0, 5, 3, 2)),
    (-40444138460040, (0, 0, 0, 5, 1, 4)),
    (-137653856742, (0, 0, 0, 4, 5, 1)),
    (24905995092948, (0, 0, 0, 4, 3, 3)),
    (-116555633038072, (0, 0, 0, 4, 1, 5)),
    (1074342231, (0, 0, 0, 3, 7, 0)),
    (-242326906100, (0, 0, 0, 3, 5, 2)),
    (45566451397572, (0, 0, 0, 3, 3, 4)),
    (-193210804772760, (0, 0, 0, 3, 1, 6)),
    (3540002321, (0, 0, 0, 2, 7, 1)),
    (-186651531916, (0, 0, 0, 2, 5, 3)),
    (45775999695088, (0, 0, 0, 2, 3, 5)),
    (-186251132470984, (0, 0, 0, 2, 1, 7)),
    (-9114455, (0, 0, 0, 1, 9, 0)),
    (3276820525, (0, 0, 0, 1, 7, 2)),
    (-64654126266, (0, 0, 0, 1, 5, 4)),
    (23847340400216, (0, 0, 0, 1, 3, 6)),
    (-97550571380000, (0, 0, 0, 1, 1, 8)),
    (-9114455, (0, 0, 0, 0, 9, 1)),
    (811160435, (0, 0, 0, 0, 7, 3)),
    (-10847315566, (0, 0, 0, 0, 5, 5)),
    (5018350872484, (0, 0, 0, 0, 3, 7)),
    (-21542913913344, (0, 0, 0, 0, 1, 9)),
]
# 1481 monomials.
