j=1: classes==[0, 2], pred-match=True (size 2)
j=2: classes==[0, 2, 6, 8], pred-match=True (size 4)
MISMATCH j= 3
j=3: classes==[0, 2, 8, 15, 18, 20, 24, 26], pred-match=False (size 8)
MISMATCH j= 4
j=4: classes==[0, 2, 8, 15, 20, 24, 26, 45, 54, 56, 62, 69, 72, 74, 78, 80], pred-match=False (size 16)
MISMATCH j= 5
j=5: classes==[0, 2, 8, 15, 20, 24, 26, 45, 56, 62, 72, 74, 80, 89, 101, 126, 135, 143, 150, 153, 155, 159, 162, 164, 177, 186, 188, 216, 218, 231, 240, 242], pred-match=False (size 32)
MISMATCH j= 6
j=6: classes==[0, 2, 8, 15, 20, 24, 26, 45, 56, 72, 80, 101, 126, 135, 143, 153, 155, 159, 164, 186, 188, 216, 218, 240, 242, 263, 267, 269, 299, 305, 315, 317, 332, 378, 386, 393, 396, 398, 405, 420, 431, 459, 461, 474, 486, 488, 494, 501, 531, 548, 560, 566, 575, 587, 612, 636, 645, 648, 650, 663, 672, 717, 726, 728], pred-match=False (size 64)
MISMATCH j= 7
j=7: classes==[0, 2, 8, 15, 24, 26, 72, 80, 101, 126, 135, 143, 155, 159, 164, 186, 188, 218, 240, 242, 263, 267, 269, 299, 305, 315, 317, 332, 378, 386, 393, 405, 474, 488, 494, 531, 560, 566, 575, 587, 636, 648, 650, 717, 728, 749, 755, 774, 785, 801, 809, 864, 872, 882, 893, 945, 992, 1028, 1044, 1046, 1061, 1107, 1125, 1127, 1134, 1149, 1160, 1188, 1190, 1215, 1230, 1260, 1277, 1295, 1341, 1374, 1377, 1379, 1392, 1401, 1455, 1458, 1460, 1466, 1473, 1478, 1482, 1503, 1514, 1559, 1584, 1611, 1613, 1617, 1644, 1646, 1674, 1676, 1698, 1700, 1725, 1727, 1763, 1844, 1851, 1854, 1856, 1878, 1889, 1917, 1919, 1932, 1944, 1946, 1952, 1959, 2006, 2018, 2033, 2045, 2070, 2094, 2103, 2121, 2130, 2175, 2184, 2186], pred-match=False (size 128)
MISMATCH j= 8
j=8: classes==[0, 2, 8, 15, 24, 26, 72, 80, 101, 126, 135, 143, 159, 186, 188, 218, 240, 242, 263, 267, 269, 305, 315, 332, 386, 405, 474, 488, 531, 560, 566, 575, 650, 717, 728, 755, 774, 785, 801, 809, 864, 872, 893, 945, 992, 1028, 1044, 1046, 1125, 1127, 1134, 1149, 1190, 1215, 1230, 1260, 1277, 1374, 1392, 1401, 1455, 1460, 1466, 1473, 1478, 1482, 1503, 1559, 1584, 1617, 1644, 1646, 1674, 1676, 1698, 1700, 1725, 1727, 1763, 1844, 1851, 1854, 1856, 1878, 1889, 1932, 1944, 1946, 1959, 2006, 2018, 2033, 2094, 2103, 2121, 2130, 2175, 2184, 2186, 2202, 2211, 2213, 2267, 2288, 2313, 2322, 2330, 2342, 2346, 2351, 2373, 2375, 2405, 2427, 2429, 2450, 2454, 2456, 2486, 2502, 2504, 2565, 2573, 2580, 2592, 2661, 2675, 2681, 2774, 2823, 2835, 2904, 2936, 2961, 3051, 3069, 3080, 3132, 3215, 3231, 3233, 3248, 3294, 3314, 3321, 3336, 3347, 3375, 3402, 3464, 3482, 3528, 3564, 3566, 3579, 3645, 3665, 3690, 3701, 3746, 3798, 3800, 3833, 3861, 3863, 3887, 3914, 4031, 4038, 4065, 4076, 4104, 4106, 4131, 4133, 4139, 4232, 4257, 4281, 4308, 4374, 4376, 4382, 4446, 4529, 4538, 4673, 4679, 4691, 4706, 4752, 4767, 4868, 4905, 4934, 4940, 4949, 4961, 5010, 5022, 5024, 5102, 5123, 5129, 5159, 5175, 5183, 5246, 5256, 5366, 5435, 5481, 5499, 5534, 5562, 5564, 5604, 5634, 5669, 5715, 5748, 5751, 5753, 5775, 5829, 5832, 5834, 5840, 5847, 5856, 5888, 5958, 5985, 5987, 5991, 6018, 6072, 6099, 6137, 6228, 6230, 6291, 6293, 6306, 6326, 6333, 6380, 6392, 6407, 6419, 6444, 6477, 6504, 6549, 6558, 6560], pred-match=False (size 256)
ALL classes == exponent-domain preimage: False
--- injectivity of mod-3^j projection of A_{j+1} ---
j=1: |A_2|=2, |A_2 mod 3^j|=2, 2^j=2, injective=True
j=2: |A_3|=4, |A_3 mod 3^j|=4, 2^j=4, injective=True
j=3: |A_4|=8, |A_4 mod 3^j|=8, 2^j=8, injective=True
j=4: |A_5|=16, |A_5 mod 3^j|=16, 2^j=16, injective=True
j=5: |A_6|=32, |A_6 mod 3^j|=32, 2^j=32, injective=True
j=6: |A_7|=64, |A_7 mod 3^j|=64, 2^j=64, injective=True
j=7: |A_8|=128, |A_8 mod 3^j|=128, 2^j=128, injective=True
j=8: |A_9|=256, |A_9 mod 3^j|=256, 2^j=256, injective=True
j=9: |A_10|=512, |A_10 mod 3^j|=512, 2^j=512, injective=True
j=10: |A_11|=1024, |A_11 mod 3^j|=1024, 2^j=1024, injective=True
j=11: |A_12|=2048, |A_12 mod 3^j|=2048, 2^j=2048, injective=True
j=12: |A_13|=4096, |A_13 mod 3^j|=4096, 2^j=4096, injective=True
