==============================================================================
MIXED-MODULUS SIEVE -- verified-numerically for the stated (k,q),
NOT a theorem.  Exact integer arithmetic; 2^r never built whole.
flag = 'KILL' when mixed_count < 2^(k-1) (some survivor class is
        totally removed by the mod-q constraint).
==============================================================================

--- Sanity: 'q=1' (D = all residues, (b) vacuous) ---
  k= 1  classes=     1  expected 2^(k-1)=     1  OK
  k= 2  classes=     2  expected 2^(k-1)=     2  OK
  k= 3  classes=     4  expected 2^(k-1)=     4  OK
  k= 4  classes=     8  expected 2^(k-1)=     8  OK
  k= 5  classes=    16  expected 2^(k-1)=    16  OK
  k= 6  classes=    32  expected 2^(k-1)=    32  OK
  k= 7  classes=    64  expected 2^(k-1)=    64  OK
  k= 8  classes=   128  expected 2^(k-1)=   128  OK
  k= 9  classes=   256  expected 2^(k-1)=   256  OK
  k=10  classes=   512  expected 2^(k-1)=   512  OK
  k=11  classes=  1024  expected 2^(k-1)=  1024  OK

   q   k         N   T    pure  2^(k-1)   mixed    ratio  flag
   5   1         4   2       2        1       1   0.5000  
   5   2        12   2       4        2       4   1.0000  
   5   3        36   2       8        4       8   1.0000  
   5   4       108   2      16        8      16   1.0000  
   5   5       324   2      32       16      32   1.0000  
   5   6       972   2      64       32      64   1.0000  
   5   7      2916   2     128       64     128   1.0000  
   5   8      8748   2     256      128     256   1.0000  
   5   9     26244   2     512      256     512   1.0000  
   5  10     78732   2    1024      512    1024   1.0000  
   5  11    236196   2    2048     1024    2048   1.0000  
   7   1         6   3       3        1       1   0.3333  
   7   2         6   1       2        2       2   1.0000  
   7   3        18   1       4        4       4   1.0000  
   7   4        54   1       8        8       8   1.0000  
   7   5       162   1      16       16      16   1.0000  
   7   6       486   1      32       32      32   1.0000  
   7   7      1458   1      64       64      64   1.0000  
   7   8      4374   1     128      128     128   1.0000  
   7   9     13122   1     256      256     256   1.0000  
   7  10     39366   1     512      512     512   1.0000  
   7  11    118098   1    1024     1024    1024   1.0000  
  11   1        10   5       5        1       1   0.2000  
  11   2        30   5      10        2       6   0.6000  
  11   3        90   5      20        4      16   0.8000  
  11   4       270   5      40        8      40   1.0000  
  11   5       810   5      80       16      80   1.0000  
  11   6      2430   5     160       32     160   1.0000  
  11   7      7290   5     320       64     320   1.0000  
  11   8     21870   5     640      128     640   1.0000  
  11   9     65610   5    1280      256    1280   1.0000  
  11  10    196830   5    2560      512    2560   1.0000  
  13   1        12   6       6        1       1   0.1667  
  13   2        12   2       4        2       2   0.5000  
  13   3        36   2       8        4       8   1.0000  
  13   4       108   2      16        8      16   1.0000  
  13   5       324   2      32       16      32   1.0000  
  13   6       972   2      64       32      64   1.0000  
  13   7      2916   2     128       64     128   1.0000  
  13   8      8748   2     256      128     256   1.0000  
  13   9     26244   2     512      256     512   1.0000  
  13  10     78732   2    1024      512    1024   1.0000  
  13  11    236196   2    2048     1024    2048   1.0000  
  17   1         8   4       4        1       1   0.2500  
  17   2        24   4       8        2       4   0.5000  
  17   3        72   4      16        4      12   0.7500  
  17   4       216   4      32        8      24   0.7500  
  17   5       648   4      64       16      64   1.0000  
  17   6      1944   4     128       32     128   1.0000  
  17   7      5832   4     256       64     256   1.0000  
  17   8     17496   4     512      128     512   1.0000  
  17   9     52488   4    1024      256    1024   1.0000  
  17  10    157464   4    2048      512    2048   1.0000  
  19   1        18   9       9        1       1   0.1111  
  19   2        18   3       6        2       2   0.3333  
  19   3        18   1       4        4       3   0.7500  KILL
  19   4        54   1       8        8       6   0.7500  KILL
  19   5       162   1      16       16      16   1.0000  
  19   6       486   1      32       32      32   1.0000  
  19   7      1458   1      64       64      64   1.0000  
  19   8      4374   1     128      128     128   1.0000  
  19   9     13122   1     256      256     256   1.0000  
  19  10     39366   1     512      512     512   1.0000  
  19  11    118098   1    1024     1024    1024   1.0000  
  29   1        28  14      14        1       1   0.0714  
  29   2        84  14      28        2       4   0.1429  
  29   3       252  14      56        4      16   0.2857  
  29   4       756  14     112        8      48   0.4286  
  29   5      2268  14     224       16     192   0.8571  
  29   6      6804  14     448       32     448   1.0000  
  29   7     20412  14     896       64     896   1.0000  
  29   8     61236  14    1792      128    1792   1.0000  
  29   9    183708  14    3584      256    3584   1.0000  
  41   1        20  10      10        1       1   0.1000  
  41   2        60  10      20        2       4   0.2000  
  41   3       180  10      40        4      12   0.3000  
  41   4       540  10      80        8      48   0.6000  
  41   5      1620  10     160       16      96   0.6000  
  41   6      4860  10     320       32     256   0.8000  
  41   7     14580  10     640       64     640   1.0000  
  41   8     43740  10    1280      128    1280   1.0000  
  41   9    131220  10    2560      256    2560   1.0000  
  41  10    393660  10    5120      512    5120   1.0000  
 193   1        96  48      48        1       1   0.0208  
 193   2        96  16      32        2       3   0.0938  
 193   3       288  16      64        4      10   0.1562  
 193   4       864  16     128        8      28   0.2188  
 193   5      2592  16     256       16      88   0.3438  
 193   6      7776  16     512       32     256   0.5000  
 193   7     23328  16    1024       64     736   0.7188  
 193   8     69984  16    2048      128    1984   0.9688  
 193   9    209952  16    4096      256    4096   1.0000  
 257   1        16   8       8        1       1   0.1250  
 257   2        48   8      16        2       4   0.2500  
 257   3       144   8      32        4       8   0.2500  
 257   4       432   8      64        8      16   0.2500  
 257   5      1296   8     128       16      32   0.2500  
 257   6      3888   8     256       32     160   0.6250  
 257   7     11664   8     512       64     448   0.8750  
 257   8     34992   8    1024      128    1024   1.0000  
 257   9    104976   8    2048      256    2048   1.0000  
 257  10    314928   8    4096      512    4096   1.0000  

--- dropped (N = lcm(2*3^(k-1), n_order(2,q)) exceeds 4e5) ---
  q=  11 k=11: N=590490 > 4e5 -- dropped
  q=  17 k=11: N=472392 > 4e5 -- dropped
  q=  29 k=10: N=551124 > 4e5 -- dropped
  q=  29 k=11: N=1653372 > 4e5 -- dropped
  q=  41 k=11: N=1180980 > 4e5 -- dropped
  q= 193 k=10: N=629856 > 4e5 -- dropped
  q= 193 k=11: N=1889568 > 4e5 -- dropped
  q= 257 k=11: N=944784 > 4e5 -- dropped

--- survivor classes actually KILLED (mixed < 2^(k-1)) ---
  q=19 k=3: classes=4 mixed=3  --> 1 class(es) fully killed over [0,18) (dying r counts as class reps below)
    class r ≡ 6 (mod 18): dying representatives [6]... (2^6 mod 19 = 7, not in D)
    (that is the set of fully-killed classes; 3 surviving r remain over [0,18))
  q=19 k=4: classes=8 mixed=6  --> 2 class(es) fully killed over [0,54) (dying r counts as class reps below)
    class r ≡ 24 (mod 54): dying representatives [24]... (2^24 mod 19 = 7, not in D)
    class r ≡ 42 (mod 54): dying representatives [42]... (2^42 mod 19 = 7, not in D)
    (that is the set of fully-killed classes; 6 surviving r remain over [0,54))
