k=8 mod=4: 2/4 classes hit, classes: [(0, 63), (2, 65)]
k=8 mod=8: 4/8 classes hit, classes: [(0, 36), (2, 37), (4, 27), (6, 28)]
k=8 mod=16: 8/16 classes hit, classes: [(0, 14), (2, 14), (4, 11), (6, 15), (8, 22), (10, 23), (12, 16), (14, 13)]
k=8 mod=32: 16/32 classes hit, classes: [(0, 6), (2, 6), (4, 5), (6, 6), (8, 15), (10, 12), (12, 9), (14, 7), (16, 8), (18, 8), (20, 6), (22, 9), (24, 7), (26, 11), (28, 7), (30, 6)]
k=8 mod=64: 32/64 classes hit, classes: [(0, 2), (2, 3), (4, 2), (6, 4), (8, 13), (10, 9), (12, 4), (14, 1), (16, 1), (18, 3), (20, 3), (22, 7), (24, 6), (26, 7), (28, 2), (30, 3), (32, 4), (34, 3), (36, 3), (38, 2), (40, 2), (42, 3), (44, 5), (46, 6), (48, 7), (50, 5), (52, 3), (54, 2), (56, 1), (58, 4), (60, 5), (62, 3)]
k=10 mod=16: 8/16 classes hit, classes: [(0, 58), (2, 69), (4, 69), (6, 55), (8, 68), (10, 76), (12, 64), (14, 53)]
k=10 mod=32: 16/32 classes hit, classes: [(0, 35), (2, 38), (4, 35), (6, 27), (8, 36), (10, 40), (12, 37), (14, 26), (16, 23), (18, 31), (20, 34), (22, 28), (24, 32), (26, 36), (28, 27), (30, 27)]
k=10 mod=128: 64/128 classes hit, classes: [(0, 4), (2, 9), (4, 6), (6, 9), (8, 15), (10, 8), (12, 9), (14, 4), (16, 3), (18, 7), (20, 7), (22, 7), (24, 7), (26, 11), (28, 4), (30, 12), (32, 9), (34, 15), (36, 8), (38, 1), (40, 4), (42, 8), (44, 6), (46, 7), (48, 9), (50, 6), (52, 12), (54, 8), (56, 11), (58, 12), (60, 4), (62, 4), (64, 5), (66, 4), (68, 12), (70, 11), (72, 10), (74, 20), (76, 12), (78, 6), (80, 5), (82, 6), (84, 8), (86, 7), (88, 9), (90, 11), (92, 13), (94, 8), (96, 17), (98, 10), (100, 9), (102, 6), (104, 7), (106, 4), (108, 10), (110, 9), (112, 6), (114, 12), (116, 7), (118, 6), (120, 5), (122, 2), (124, 6), (126, 3)]
k=12 mod=8: 4/8 classes hit, classes: [(0, 520), (2, 563), (4, 497), (6, 468)]
k=12 mod=16: 8/16 classes hit, classes: [(0, 257), (2, 268), (4, 239), (6, 227), (8, 263), (10, 295), (12, 258), (14, 241)]
k=12 mod=256: 128/256 classes hit, classes: [(0, 12), (2, 15), (4, 15), (6, 20), (8, 17), (10, 20), (12, 12), (14, 13), (16, 15), (18, 17), (20, 15), (22, 13), (24, 15), (26, 14), (28, 21), (30, 15), (32, 17), (34, 17), (36, 11), (38, 16), (40, 12), (42, 24), (44, 17), (46, 19), (48, 17), (50, 17), (52, 17), (54, 17), (56, 19), (58, 13), (60, 14), (62, 17), (64, 16), (66, 16), (68, 19), (70, 17), (72, 9), (74, 20), (76, 12), (78, 13), (80, 11), (82, 25), (84, 12), (86, 12), (88, 13), (90, 17), (92, 21), (94, 16), (96, 21), (98, 13), (100, 13), (102, 14), (104, 22), (106, 19), (108, 15), (110, 19), (112, 13), (114, 13), (116, 16), (118, 13), (120, 15), (122, 17), (124, 19), (126, 14), (128, 28), (130, 16), (132, 12), (134, 11), (136, 19), (138, 19), (140, 17), (142, 11), (144, 14), (146, 20), (148, 12), (150, 13), (152, 15), (154, 20), (156, 12), (158, 10), (160, 16), (162, 18), (164, 19), (166, 13), (168, 19), (170, 20), (172, 9), (174, 18), (176, 11), (178, 19), (180, 13), (182, 18), (184, 24), (186, 22), (188, 17), (190, 13), (192, 14), (194, 14), (196, 18), (198, 14), (200, 19), (202, 23), (204, 16), (206, 14), (208, 14), (210, 22), (212, 12), (214, 9), (216, 14), (218, 18), (220, 19), (222, 17), (224, 21), (226, 13), (228, 19), (230, 15), (232, 18), (234, 17), (236, 15), (238, 15), (240, 17), (242, 13), (244, 16), (246, 12), (248, 13), (250, 12), (252, 22), (254, 17)]
