=== g(m)=f(2m), m=0..399 ===
[None, None, 1, 3, None, 1, 2, 2, 1, 4, 7, 1, 10, 10, 1, 2, 2, 1, 3, 3, 1, 4, 3, 1, 2, 2, 1, 5, 7, 1, 3, 6, 1, 2, 2, 1, 11, 6, 1, 5, 9, 1, 2, 2, 1, 3, 3, 1, 5, 3, 1, 2, 2, 1, 4, 4, 1, 3, 4, 1, 2, 2, 1, 10, 4, 1, 4, 4, 1, 2, 2, 1, 3, 3, 1, 6, 3, 1, 2, 2, 1, 6, 8, 1, 3, 5, 1, 2, 2, 1, 4, 5, 1, 13, 9, 1, 2, 2, 1, 3, 3, 1, 4, 3, 1, 2, 2, 1, 7, 9, 1, 3, 5, 1, 2, 2, 1, 5, 5, 1, 10, 10, 1, 2, 2, 1, 3, 3, 1, 6, 3, 1, 2, 2, 1, 4, 4, 1, 3, 4, 1, 2, 2, 1, 6, 4, 1, 4, 4, 1, 2, 2, 1, 3, 3, 1, 5, 3, 1, 2, 2, 1, 5, 5, 1, 3, 15, 1, 2, 2, 1, 4, 6, 1, 5, 5, 1, 2, 2, 1, 3, 3, 1, 4, 3, 1, 2, 2, 1, 8, 5, 1, 3, 9, 1, 2, 2, 1, 7, 7, 1, 6, 5, 1, 2, 2, 1, 3, 3, 1, 7, 3, 1, 2, 2, 1, 4, 4, 1, 3, 4, 1, 2, 2, 1, 5, 4, 1, 4, 4, 1, 2, 2, 1, 3, 3, 1, 12, 3, 1, 2, 2, 1, 7, 9, 1, 3, 8, 1, 2, 2, 1, 4, 6, 1, 6, 6, 1, 2, 2, 1, 3, 3, 1, 4, 3, 1, 2, 2, 1, 5, 6, 1, 3, 7, 1, 2, 2, 1, 6, 12, 1, 5, 9, 1, 2, 2, 1, 3, 3, 1, 5, 3, 1, 2, 2, 1, 4, 4, 1, 3, 4, 1, 2, 2, 1, 7, 4, 1, 4, 4, 1, 2, 2, 1, 3, 3, 1, 8, 3, 1, 2, 2, 1, 8, 9, 1, 3, 5, 1, 2, 2, 1, 4, 5, 1, 7, 6, 1, 2, 2, 1, 3, 3, 1, 4, 3, 1, 2, 2, 1, 6, 6, 1, 3, 5, 1, 2, 2, 1, 5, 5, 1, 7, 11, 1, 2, 2, 1, 3, 3, 1, 7, 3, 1, 2, 2, 1, 4, 4, 1, 3, 4, 1, 2, 2, 1, 12, 4, 1, 4, 4, 1, 2, 2, 1, 3, 3, 1, 5]

digit-free m (g=inf): [0, 1, 4]

=== raw g(m) sequence, digit-free m omitted, m ascending ===
[1, 3, 1, 2, 2, 1, 4, 7, 1, 10, 10, 1, 2, 2, 1, 3, 3, 1, 4, 3, 1, 2, 2, 1, 5, 7, 1, 3, 6, 1, 2, 2, 1, 11, 6, 1, 5, 9, 1, 2, 2, 1, 3, 3, 1, 5, 3, 1, 2, 2, 1, 4, 4, 1, 3, 4, 1, 2, 2, 1, 10, 4, 1, 4, 4, 1, 2, 2, 1, 3, 3, 1, 6, 3, 1, 2, 2, 1, 6, 8, 1, 3, 5, 1, 2, 2, 1, 4, 5, 1, 13, 9, 1, 2, 2, 1, 3, 3, 1, 4, 3, 1, 2, 2, 1, 7, 9, 1, 3, 5, 1, 2, 2, 1, 5, 5, 1, 10, 10, 1, 2, 2, 1, 3, 3, 1, 6, 3, 1, 2, 2, 1, 4, 4, 1, 3, 4, 1, 2, 2, 1, 6, 4, 1, 4, 4, 1, 2, 2, 1, 3, 3, 1, 5, 3, 1, 2, 2, 1, 5, 5, 1, 3, 15, 1, 2, 2, 1, 4, 6, 1, 5, 5, 1, 2, 2, 1, 3, 3, 1, 4, 3, 1, 2, 2, 1, 8, 5, 1, 3, 9, 1, 2, 2, 1, 7, 7, 1, 6, 5, 1, 2, 2, 1, 3, 3, 1, 7, 3, 1, 2, 2, 1, 4, 4, 1, 3, 4, 1, 2, 2, 1, 5, 4, 1, 4, 4, 1, 2, 2, 1, 3, 3, 1, 12, 3, 1, 2, 2, 1, 7, 9, 1, 3, 8, 1, 2, 2, 1, 4, 6, 1, 6, 6, 1, 2, 2, 1, 3, 3, 1, 4, 3, 1, 2, 2, 1, 5, 6, 1, 3, 7, 1, 2, 2, 1, 6, 12, 1, 5, 9, 1, 2, 2, 1, 3, 3, 1, 5, 3, 1, 2, 2, 1, 4, 4, 1, 3, 4, 1, 2, 2, 1, 7, 4, 1, 4, 4, 1, 2, 2, 1, 3, 3, 1, 8, 3, 1, 2, 2, 1, 8, 9, 1, 3, 5, 1, 2, 2, 1, 4, 5, 1, 7, 6, 1, 2, 2, 1, 3, 3, 1, 4, 3, 1, 2, 2, 1, 6, 6, 1, 3, 5, 1, 2, 2, 1, 5, 5, 1, 7, 11, 1, 2, 2, 1, 3, 3, 1, 7, 3, 1, 2, 2, 1, 4, 4, 1, 3, 4, 1, 2, 2, 1, 12, 4, 1, 4, 4, 1, 2, 2, 1, 3, 3, 1, 5]

=== g distribution over surviving-m (digit-containing) even n ===
g=1: 133
g=2: 88
g=3: 59
g=4: 40
g=5: 25
g=6: 16
g=7: 12
g=8: 5
g=9: 7
g=10: 5
g=11: 2
g=12: 3
g=13: 1
g=15: 1
