=== survivor sets A_k (compressed) ===
k=1 |A|=1 first=[0] last=[0]
k=2 |A|=2 first=[0, 2] last=[0, 2]
k=3 |A|=4 first=[0, 2, 6, 8] last=[2, 6, 8]
k=4 |A|=8 first=[0, 2, 8, 18, 20, 24, 26, 42] last=[24, 26, 42]
k=5 |A|=16 first=[0, 2, 8, 20, 24, 26, 54, 56] last=[96, 126, 150]
k=6 |A|=32 first=[0, 2, 8, 20, 24, 26, 56, 62] last=[402, 420, 474]
k=7 |A|=64 first=[0, 2, 8, 20, 24, 26, 56, 72] last=[1374, 1392, 1446]
k=8 |A|=128 first=[0, 2, 8, 24, 26, 72, 80, 126] last=[4290, 4308, 4362]

=== carry-count c(n) for n=0..120 ===
[0, 2, 0, 3, 3, 2, 2, 5, 0, 5, 3, 6, 7, 3, 3, 11, 5, 9, 4, 10, 6, 10, 11, 8, 4, 6, 5, 10, 10, 10, 12, 15, 13, 12, 12, 13, 9, 7, 13, 15, 14, 16, 12, 15, 16, 18, 13, 14, 10, 14, 19, 21, 20, 25, 11, 15, 19, 24, 19, 17, 27, 22, 17, 19, 27, 23, 23, 19, 19, 25, 26, 24, 20, 24, 22, 23, 20, 30, 17, 37, 32, 29, 31, 25, 30, 38, 25, 41, 19, 38, 33, 25, 32, 31, 34, 37, 31, 29, 45, 38, 27, 35, 39, 34, 27, 39, 45, 44, 38, 30, 27, 26, 28, 32, 29, 42, 42, 33, 46, 32, 42]

=== c1,c2,c0 digit counts n=0..120 ===
c1: [1, 0, 2, 0, 2, 2, 2, 2, 4, 0, 4, 2, 4, 2, 6, 4, 2, 4, 6, 2, 6, 4, 6, 4, 8, 2, 10, 4, 4, 8, 6, 8, 8, 8, 8, 6, 10, 8, 10, 10, 6, 6, 12, 8, 10, 14, 8, 10, 10, 12, 16, 8, 12, 18, 10, 10, 14, 10, 14, 14, 16, 10, 16, 12, 16, 16, 14, 16, 14, 18, 20, 12, 20, 10, 22, 12, 26, 8, 20, 12, 22, 14, 16, 22, 16, 16, 18, 16, 20, 18, 16, 20, 18, 18, 26, 16, 24, 18, 30, 16, 20, 22, 18, 26, 24, 14, 30, 14, 30, 22, 22, 22, 24, 22, 26, 18, 32, 22, 24, 30, 20]
c2: [0, 1, 0, 2, 1, 1, 1, 2, 0, 4, 2, 4, 3, 3, 2, 6, 5, 5, 3, 7, 4, 7, 5, 4, 1, 5, 2, 8, 8, 7, 9, 9, 8, 7, 7, 8, 4, 6, 8, 9, 11, 11, 7, 11, 10, 8, 9, 8, 8, 10, 11, 16, 13, 10, 9, 12, 13, 16, 12, 13, 15, 15, 11, 15, 16, 14, 14, 12, 14, 15, 14, 16, 11, 18, 11, 17, 10, 23, 15, 27, 19, 22, 21, 17, 23, 25, 20, 25, 16, 25, 22, 18, 23, 23, 21, 26, 20, 25, 24, 26, 21, 24, 27, 20, 21, 33, 26, 31, 18, 17, 16, 17, 18, 22, 21, 31, 23, 25, 28, 20, 28]
c0: [0, 0, 0, 0, 0, 1, 1, 1, 2, 2, 1, 1, 1, 4, 1, 0, 4, 2, 3, 3, 3, 3, 3, 7, 7, 9, 5, 6, 6, 4, 4, 3, 5, 6, 7, 9, 9, 10, 6, 6, 9, 9, 8, 9, 8, 7, 13, 12, 13, 9, 5, 9, 8, 6, 16, 13, 9, 10, 11, 11, 7, 14, 13, 13, 9, 12, 14, 15, 15, 11, 11, 17, 15, 19, 14, 19, 12, 18, 15, 11, 10, 16, 15, 14, 14, 13, 17, 14, 20, 14, 19, 20, 18, 18, 13, 18, 17, 19, 8, 21, 23, 18, 20, 19, 21, 20, 11, 23, 21, 30, 32, 32, 29, 28, 25, 24, 19, 27, 23, 26, 28]

=== check c1 even for n=1..500 ===  True
