=== f(n) for n=0..399 ('.' not used; 'inf'=digit-free) ===
['inf', 0, 'inf', 0, 1, 0, 3, 0, 'inf', 0, 1, 0, 2, 0, 2, 0, 1, 0, 4, 0, 7, 0, 1, 0, 10, 0, 10, 0, 1, 0, 2, 0, 2, 0, 1, 0, 3, 0, 3, 0, 1, 0, 4, 0, 3, 0, 1, 0, 2, 0, 2, 0, 1, 0, 5, 0, 7, 0, 1, 0, 3, 0, 6, 0, 1, 0, 2, 0, 2, 0, 1, 0, 11, 0, 6, 0, 1, 0, 5, 0, 9, 0, 1, 0, 2, 0, 2, 0, 1, 0, 3, 0, 3, 0, 1, 0, 5, 0, 3, 0, 1, 0, 2, 0, 2, 0, 1, 0, 4, 0, 4, 0, 1, 0, 3, 0, 4, 0, 1, 0, 2, 0, 2, 0, 1, 0, 10, 0, 4, 0, 1, 0, 4, 0, 4, 0, 1, 0, 2, 0, 2, 0, 1, 0, 3, 0, 3, 0, 1, 0, 6, 0, 3, 0, 1, 0, 2, 0, 2, 0, 1, 0, 6, 0, 8, 0, 1, 0, 3, 0, 5, 0, 1, 0, 2, 0, 2, 0, 1, 0, 4, 0, 5, 0, 1, 0, 13, 0, 9, 0, 1, 0, 2, 0, 2, 0, 1, 0, 3, 0, 3, 0, 1, 0, 4, 0, 3, 0, 1, 0, 2, 0, 2, 0, 1, 0, 7, 0, 9, 0, 1, 0, 3, 0, 5, 0, 1, 0, 2, 0, 2, 0, 1, 0, 5, 0, 5, 0, 1, 0, 10, 0, 10, 0, 1, 0, 2, 0, 2, 0, 1, 0, 3, 0, 3, 0, 1, 0, 6, 0, 3, 0, 1, 0, 2, 0, 2, 0, 1, 0, 4, 0, 4, 0, 1, 0, 3, 0, 4, 0, 1, 0, 2, 0, 2, 0, 1, 0, 6, 0, 4, 0, 1, 0, 4, 0, 4, 0, 1, 0, 2, 0, 2, 0, 1, 0, 3, 0, 3, 0, 1, 0, 5, 0, 3, 0, 1, 0, 2, 0, 2, 0, 1, 0, 5, 0, 5, 0, 1, 0, 3, 0, 15, 0, 1, 0, 2, 0, 2, 0, 1, 0, 4, 0, 6, 0, 1, 0, 5, 0, 5, 0, 1, 0, 2, 0, 2, 0, 1, 0, 3, 0, 3, 0, 1, 0, 4, 0, 3, 0, 1, 0, 2, 0, 2, 0, 1, 0, 8, 0, 5, 0, 1, 0, 3, 0, 9, 0, 1, 0, 2, 0, 2, 0, 1, 0, 7, 0, 7, 0]

digit-free n (f=inf) in [0,399]: [0, 2, 8]
count of digit-free: 3

=== distribution of f over digit-containing n in[0,399] ===
f=0: 200
f=1: 66
f=2: 44
f=3: 29
f=4: 18
f=5: 14
f=6: 7
f=7: 5
f=8: 2
f=9: 4
f=10: 5
f=11: 1
f=13: 1
f=15: 1

=== f(n) raw integer sequence, n ascending, digit-free omitted ===
[0, 0, 1, 0, 3, 0, 0, 1, 0, 2, 0, 2, 0, 1, 0, 4, 0, 7, 0, 1, 0, 10, 0, 10, 0, 1, 0, 2, 0, 2, 0, 1, 0, 3, 0, 3, 0, 1, 0, 4, 0, 3, 0, 1, 0, 2, 0, 2, 0, 1, 0, 5, 0, 7, 0, 1, 0, 3, 0, 6, 0, 1, 0, 2, 0, 2, 0, 1, 0, 11, 0, 6, 0, 1, 0, 5, 0, 9, 0, 1, 0, 2, 0, 2, 0, 1, 0, 3, 0, 3, 0, 1, 0, 5, 0, 3, 0, 1, 0, 2, 0, 2, 0, 1, 0, 4, 0, 4, 0, 1, 0, 3, 0, 4, 0, 1, 0, 2, 0, 2, 0, 1, 0, 10, 0, 4, 0, 1, 0, 4, 0, 4, 0, 1, 0, 2, 0, 2, 0, 1, 0, 3, 0, 3, 0, 1, 0, 6, 0, 3, 0, 1, 0, 2, 0, 2, 0, 1, 0, 6, 0, 8, 0, 1, 0, 3, 0, 5, 0, 1, 0, 2, 0, 2, 0, 1, 0, 4, 0, 5, 0, 1, 0, 13, 0, 9, 0, 1, 0, 2, 0, 2, 0, 1, 0, 3, 0, 3, 0, 1, 0, 4, 0, 3, 0, 1, 0, 2, 0, 2, 0, 1, 0, 7, 0, 9, 0, 1, 0, 3, 0, 5, 0, 1, 0, 2, 0, 2, 0, 1, 0, 5, 0, 5, 0, 1, 0, 10, 0, 10, 0, 1, 0, 2, 0, 2, 0, 1, 0, 3, 0, 3, 0, 1, 0, 6, 0, 3, 0, 1, 0, 2, 0, 2, 0, 1, 0, 4, 0, 4, 0, 1, 0, 3, 0, 4, 0, 1, 0, 2, 0, 2, 0, 1, 0, 6, 0, 4, 0, 1, 0, 4, 0, 4, 0, 1, 0, 2, 0, 2, 0, 1, 0, 3, 0, 3, 0, 1, 0, 5, 0, 3, 0, 1, 0, 2, 0, 2, 0, 1, 0, 5, 0, 5, 0, 1, 0, 3, 0, 15, 0, 1, 0, 2, 0, 2, 0, 1, 0, 4, 0, 6, 0, 1, 0, 5, 0, 5, 0, 1, 0, 2, 0, 2, 0, 1, 0, 3, 0, 3, 0, 1, 0, 4, 0, 3, 0, 1, 0, 2, 0, 2, 0, 1, 0, 8, 0, 5, 0, 1, 0, 3, 0, 9, 0, 1, 0, 2, 0, 2, 0, 1, 0, 7, 0, 7, 0]
