total |A_14| = 8192
mod 3^1=3: 2 classes -> [0, 2]
mod 3^2=9: 4 classes -> [0, 2, 6, 8]
mod 3^3=27: 8 classes -> [0, 2, 8, 15, 18, 20, 24, 26]
mod 3^4=81: 16 classes -> [0, 2, 8, 15, 20, 24, 26, 45, 54, 56, 62, 69, 72, 74, 78, 80]
mod 3^5=243: 32 classes -> [0, 2, 8, 15, 20, 24, 26, 45, 56, 62, 72, 74, 80, 89, 101, 126, 135, 143, 150, 153, 155, 159, 162, 164, 177, 186, 188, 216, 218, 231, 240, 242]
mod 3^6=729: 64 classes -> [0, 2, 8, 15, 20, 24, 26, 45, 56, 72, 80, 101, 126, 135, 143, 153, 155, 159, 164, 186, 188, 216, 218, 240, 242, 263, 267, 269, 299, 305, 315, 317, 332, 378, 386, 393, 396, 398, 405, 420, 431, 459, 461, 474, 486, 488, 494, 501, 531, 548, 560, 566, 575, 587, 612, 636, 645, 648, 650, 663, 672, 717, 726, 728]

mod 2*3^1=6: 2 classes -> [0, 2]
mod 2*3^2=18: 4 classes -> [0, 2, 6, 8]
mod 2*3^3=54: 8 classes -> [0, 2, 8, 18, 20, 24, 26, 42]
