(16,5,5,6): n_p(interior endpoints) lo=0.000024 hi=9.036900 g=9 (oracle 9)

table: c=s+p+q | s | p | q | lo | hi | g
 16   5   5   6 |   0.0000 |   9.0369 |  9
 17   5   5   7 |   0.0000 |   8.4191 |  8
 17   6   5   6 |   0.0000 |   9.9040 |  9
 18   5   5   8 |   0.0000 |   7.9842 |  7
 18   5   6   7 |   0.0000 |  10.3597 | 10
 18   6   5   7 |   0.0000 |   9.1982 |  9
 18   7   5   6 |   0.0000 |  10.7706 | 10
 19   5   5   9 |   0.0000 |   7.6597 |  7
 19   5   6   8 |   0.0000 |   9.8973 |  9
 19   6   5   8 |   0.0000 |   8.6997 |  8
 19   6   6   7 |   0.0000 |  11.2683 | 11
 19   7   5   7 |   0.0000 |   9.9762 |  9
 19   8   5   6 |   0.0000 |  11.6367 | 11
 20   5   5  10 |   0.0000 |   7.4074 |  7
 20   5   6   9 |   0.0000 |   9.5457 |  9
 20   5   7   8 |   0.0000 |  11.5293 | 11
 20   6   5   9 |   0.0000 |   8.3268 |  8
 20   6   6   8 |   0.0000 |  10.7383 | 10
 20   7   5   8 |   0.0000 |   9.4137 |  9
 20   7   6   7 |   0.0000 |  12.1763 | 12
 20   8   5   7 |   0.0000 |  10.7534 | 10
 20   9   5   6 |   0.0000 |  12.5026 | 12
 21   5   5  11 |   0.0000 |   7.2052 |  7
 21   5   6  10 |   0.0000 |   9.2683 |  9
 21   5   7   9 |   0.0000 |  11.1663 | 11
 21   6   5  10 |   0.0000 |   8.0361 |  8
 21   6   6   9 |   0.0000 |  10.3341 | 10
 21   6   7   8 |   0.0000 |  12.4604 | 12
 21   7   5   9 |   0.0000 |   8.9918 |  8
 21   7   6   8 |   0.0000 |  11.5780 | 11
 21   8   5   8 |   0.0000 |  10.1264 | 10
 21   8   6   7 |   0.0000 |  13.0839 | 13
 21   9   5   7 |   0.0000 |  11.5300 | 11
 21  10   5   6 |   0.0000 |  13.3683 | 13
 22   5   5  12 |   0.0000 |   7.0393 |  7
 22   5   6  11 |   0.0000 |   9.0434 |  9
 22   5   7  10 |   0.0000 |  10.8767 | 10
 22   5   8   9 |   0.0000 |  12.6331 | 12
 22   6   5  11 |   0.0000 |   7.8028 |  7
 22   6   6  10 |   0.0000 |  10.0145 | 10
 22   6   7   9 |   0.0000 |  12.0430 | 12
 22   7   5  10 |   0.0000 |   8.6624 |  8
 22   7   6   9 |   0.0000 |  11.1207 | 11
 22   7   7   8 |   0.0000 |  13.3908 | 13
 22   8   5   9 |   0.0000 |   9.6552 |  9
 22   8   6   8 |   0.0000 |  12.4169 | 12
 22   9   5   8 |   0.0000 |  10.8382 | 10
 22   9   6   7 |   0.0000 |  13.9912 | 13
 22  10   5   7 |   0.0000 |  12.3060 | 12
 22  11   5   6 |   0.0000 |  14.2337 | 14
 23   5   5  13 |   0.0000 |   6.9006 |  6
 23   5   6  12 |   0.0000 |   8.8572 |  8
 23   5   7  11 |   0.0000 |  10.6397 | 10
 23   5   8  10 |   0.0000 |  12.3378 | 12
 23   6   5  12 |   0.0000 |   7.6110 |  7
 23   6   6  11 |   0.0000 |   9.7548 |  9
 23   6   7  10 |   0.0000 |  11.7092 | 11
 23   6   8   9 |   0.0000 |  13.5781 | 13
 23   7   5  11 |   0.0000 |   8.3974 |  8
 23   7   6  10 |   0.0000 |  10.7583 | 10
 23   7   7   9 |   0.0000 |  12.9185 | 12
 23   8   5  10 |   0.0000 |   9.2865 |  9
 23   8   6   9 |   0.0000 |  11.9059 | 11
 23   8   7   8 |   0.0000 |  14.3207 | 14
 23   9   5   9 |   0.0000 |  10.3172 | 10
 23   9   6   8 |   0.0000 |  13.2550 | 13
 23  10   5   8 |   0.0000 |  11.5491 | 11
 23  10   6   7 |   0.0000 |  14.8981 | 14
 23  11   5   7 |   0.0000 |  13.0817 | 13
 23  12   5   6 |   0.0000 |  15.0990 | 15
 24   5   5  14 |   0.0000 |   6.7829 |  6
 24   5   6  13 |   0.0000 |   8.7002 |  8
 24   5   7  12 |   0.0000 |  10.4419 | 10
 24   5   8  11 |   0.0000 |  12.0943 | 12
 24   5   9  10 |   0.0000 |  13.7026 | 13
 24   6   5  13 |   0.0000 |   7.4504 |  7
 24   6   6  12 |   0.0000 |   9.5393 |  9
 24   6   7  11 |   0.0000 |  11.4355 | 11
 24   6   8  10 |   0.0000 |  13.2377 | 13
 24   7   5  12 |   0.0000 |   8.1792 |  8
 24   7   6  11 |   0.0000 |  10.4634 | 10
 24   7   7  10 |   0.0000 |  12.5400 | 12
 24   7   8   9 |   0.0000 |  14.5225 | 14
 24   8   5  11 |   0.0000 |   8.9896 |  8
 24   8   6  10 |   0.0000 |  11.5004 | 11
 24   8   7   9 |   0.0000 |  13.7930 | 13
 24   9   5  10 |   0.0000 |   9.9091 |  9
 24   9   6   9 |   0.0000 |  12.6901 | 12
 24   9   7   8 |   0.0000 |  15.2503 | 15
 24  10   5   9 |   0.0000 |  10.9782 | 10
 24  10   6   8 |   0.0000 |  14.0926 | 14
 24  11   5   8 |   0.0000 |  12.2594 | 12
 24  11   6   7 |   0.0000 |  15.8049 | 15
 24  12   5   7 |   0.0000 |  13.8570 | 13
 24  13   5   6 |   0.0000 |  15.9641 | 15
 25   5   5  15 |   0.0000 |   6.6816 |  6
 25   5   6  14 |   0.0000 |   8.5660 |  8
 25   5   7  13 |   0.0000 |  10.2740 | 10
 25   5   8  12 |   0.0000 |  11.8898 | 11
 25   5   9  11 |   0.0000 |  13.4559 | 13
 25   6   5  14 |   0.0000 |   7.3138 |  7
 25   6   6  13 |   0.0000 |   9.3575 |  9
 25   6   7  12 |   0.0000 |  11.2067 | 11
 25   6   8  11 |   0.0000 |  12.9565 | 12
 25   6   9  10 |   0.0000 |  14.6572 | 14
 25   7   5  13 |   0.0000 |   7.9963 |  7
 25   7   6  12 |   0.0000 |  10.2183 | 10
 25   7   7  11 |   0.0000 |  12.2290 | 12
 25   7   8  10 |   0.0000 |  14.1365 | 14
 25   8   5  12 |   0.0000 |   8.7448 |  8
 25   8   6  11 |   0.0000 |  11.1698 | 11
 25   8   7  10 |   0.0000 |  13.3693 | 13
 25   8   8   9 |   0.0000 |  15.4665 | 15
 25   9   5  11 |   0.0000 |   9.5798 |  9
 25   9   6  10 |   0.0000 |  12.2409 | 12
 25   9   7   9 |   0.0000 |  14.6667 | 14
 25  10   5  10 |   0.0000 |  10.5303 | 10
 25  10   6   9 |   0.0000 |  13.4733 | 13
 25  10   7   8 |   0.0000 |  16.1795 | 16
 25  11   5   9 |   0.0000 |  11.6383 | 11
 25  11   6   8 |   0.0000 |  14.9296 | 14
 25  12   5   8 |   0.0000 |  12.9691 | 12
 25  12   6   7 |   0.0000 |  16.7114 | 16
 25  13   5   7 |   0.0000 |  14.6319 | 14
 25  14   5   6 |   0.0000 |  16.8292 | 16
 26   5   5  16 |   0.0000 |   6.5936 |  6
 26   5   6  15 |   0.0000 |   8.4499 |  8
 26   5   7  14 |   0.0000 |  10.1298 | 10
 26   5   8  13 |   0.0000 |  11.7153 | 11
 26   5   9  12 |   0.0000 |  13.2475 | 13
 26   5  10  11 |   0.0001 |  14.7521 | 14
 26   6   5  15 |   0.0000 |   7.1963 |  7
 26   6   6  14 |   0.0000 |   9.2018 |  9
 26   6   7  13 |   0.0000 |  11.0122 | 11
 26   6   8  12 |   0.0000 |  12.7199 | 12
 26   6   9  11 |   0.0000 |  14.3722 | 14
 26   7   5  14 |   0.0000 |   7.8407 |  7
 26   7   6  13 |   0.0000 |  10.0111 | 10
 26   7   7  12 |   0.0000 |  11.9686 | 11
 26   7   8  11 |   0.0000 |  13.8170 | 13
 26   7   9  10 |   0.0001 |  15.6112 | 15
 26   8   5  13 |   0.0000 |   8.5392 |  8
 26   8   6  12 |   0.0000 |  10.8946 | 10
 26   8   7  11 |   0.0000 |  13.0207 | 13
 26   8   8  10 |   0.0000 |  15.0343 | 15
 26   9   5  12 |   0.0000 |   9.3081 |  9
 26   9   6  11 |   0.0000 |  11.8743 | 11
 26   9   7  10 |   0.0000 |  14.1974 | 14
 26   9   8   9 |   0.0000 |  16.4100 | 16
 26  10   5  11 |   0.0000 |  10.1685 | 10
 26  10   6  10 |   0.0000 |  12.9803 | 12
 26  10   7   9 |   0.0000 |  15.5398 | 15
 26  11   5  10 |   0.0000 |  11.1504 | 11
 26  11   6   9 |   0.0000 |  14.2558 | 14
 26  11   7   8 |   0.0000 |  17.1085 | 17
 26  12   5   9 |   0.0000 |  12.2976 | 12
 26  12   6   8 |   0.0000 |  15.7662 | 15
 26  13   5   8 |   0.0000 |  13.6784 | 13
 26  13   6   7 |   0.0000 |  17.6177 | 17
 26  14   5   7 |   0.0000 |  15.4067 | 15
 26  15   5   6 |   0.0000 |  17.6941 | 17
 27   5   5  17 |   0.0000 |   6.5163 |  6
 27   5   6  16 |   0.0000 |   8.3484 |  8
 27   5   7  15 |   0.0000 |  10.0043 | 10
 27   5   8  14 |   0.0000 |  11.5646 | 11
 27   5   9  13 |   0.0000 |  13.0690 | 13
 27   5  10  12 |   0.0000 |  14.5418 | 14
 27   6   5  16 |   0.0000 |   7.0939 |  7
 27   6   6  15 |   0.0000 |   9.0670 |  9
 27   6   7  14 |   0.0000 |  10.8448 | 10
 27   6   8  13 |   0.0000 |  12.5177 | 12
 27   6   9  12 |   0.0000 |  14.1312 | 14
 27   6  10  11 |   0.0001 |  15.7136 | 15
 27   7   5  15 |   0.0000 |   7.7064 |  7
 27   7   6  14 |   0.0000 |   9.8336 |  9
 27   7   7  13 |   0.0000 |  11.7471 | 11
 27   7   8  12 |   0.0000 |  13.5477 | 13
 27   7   9  11 |   0.0000 |  15.2874 | 15
 27   8   5  14 |   0.0000 |   8.3641 |  8
 27   8   6  13 |   0.0000 |  10.6618 | 10
 27   8   7  12 |   0.0000 |  12.7283 | 12
 27   8   8  11 |   0.0000 |  14.6760 | 14
 27   8   9  10 |   0.0001 |  16.5647 | 16
 27   9   5  13 |   0.0000 |   9.0796 |  9
 27   9   6  12 |   0.0000 |  11.5688 | 11
 27   9   7  11 |   0.0000 |  13.8107 | 13
 27   9   8  10 |   0.0000 |  15.9313 | 15
 27  10   5  12 |   0.0000 |   9.8695 |  9
 27  10   6  11 |   0.0000 |  12.5773 | 12
 27  10   7  10 |   0.0000 |  15.0246 | 15
 27  10   8   9 |   0.0001 |  17.3532 | 17
 27  11   5  11 |   0.0000 |  10.7558 | 10
 27  11   6  10 |   0.0000 |  13.7186 | 13
 27  11   7   9 |   0.0000 |  16.4123 | 16
 27  12   5  10 |   0.0000 |  11.7695 | 11
 27  12   6   9 |   0.0000 |  15.0376 | 15
 27  12   7   8 |   0.0000 |  18.0372 | 18
 27  13   5   9 |   0.0000 |  12.9563 | 12
 27  13   6   8 |   0.0000 |  16.6025 | 16
 27  14   5   8 |   0.0000 |  14.3872 | 14
 27  14   6   7 |   0.0000 |  18.5239 | 18
 27  15   5   7 |   0.0000 |  16.1812 | 16
 27  16   5   6 |   0.0000 |  18.5589 | 18
 28   5   5  18 |   0.0000 |   6.4479 |  6
 28   5   6  17 |   0.0000 |   8.2590 |  8
 28   5   7  16 |   0.0000 |   9.8942 |  9
 28   5   8  15 |   0.0000 |  11.4330 | 11
 28   5   9  14 |   0.0000 |  12.9142 | 12
 28   5  10  13 |   0.0000 |  14.3608 | 14
 28   5  11  12 |   0.0001 |  15.7889 | 15
 28   6   5  17 |   0.0000 |   7.0040 |  7
 28   6   6  16 |   0.0000 |   8.9490 |  8
 28   6   7  15 |   0.0000 |  10.6991 | 10
 28   6   8  14 |   0.0000 |  12.3428 | 12
 28   6   9  13 |   0.0000 |  13.9243 | 13
 28   6  10  12 |   0.0000 |  15.4702 | 15
 28   7   5  16 |   0.0000 |   7.5895 |  7
 28   7   6  15 |   0.0000 |   9.6796 |  9
 28   7   7  14 |   0.0000 |  11.5561 | 11
 28   7   8  13 |   0.0000 |  13.3173 | 13
 28   7   9  12 |   0.0000 |  15.0131 | 15
 28   7  10  11 |   0.0001 |  16.6746 | 16
 28   8   5  15 |   0.0000 |   8.2129 |  8
 28   8   6  14 |   0.0000 |  10.4620 | 10
 28   8   7  13 |   0.0000 |  12.4792 | 12
 28   8   8  12 |   0.0000 |  14.3736 | 14
 28   8   9  11 |   0.0000 |  16.2016 | 16
 28   9   5  14 |   0.0000 |   8.8847 |  8
 28   9   6  13 |   0.0000 |  11.3099 | 11
 28   9   7  12 |   0.0000 |  13.4860 | 13
 28   9   8  11 |   0.0000 |  15.5339 | 15
 28   9   9  10 |   0.0001 |  17.5178 | 17
 28  10   5  13 |   0.0000 |   9.6179 |  9
 28  10   6  12 |   0.0000 |  12.2411 | 12
 28  10   7  11 |   0.0000 |  14.5995 | 14
 28  10   8  10 |   0.0000 |  16.8276 | 16
 28  11   5  12 |   0.0000 |  10.4294 | 10
 28  11   6  11 |   0.0000 |  13.2791 | 13
 28  11   7  10 |   0.0000 |  15.8509 | 15
 28  11   8   9 |   0.0001 |  18.2961 | 18
 28  12   5  11 |   0.0000 |  11.3420 | 11
 28  12   6  10 |   0.0000 |  14.4561 | 14
 28  12   7   9 |   0.0000 |  17.2844 | 17
 28  13   5  10 |   0.0000 |  12.3879 | 12
 28  13   6   9 |   0.0000 |  15.8189 | 15
 28  13   7   8 |   0.0001 |  18.9658 | 18
 28  14   5   9 |   0.0000 |  13.6145 | 13
 28  14   6   8 |   0.0000 |  17.4384 | 17
 28  15   5   8 |   0.0000 |  15.0958 | 15
 28  15   6   7 |   0.0000 |  19.4300 | 19
 28  16   5   7 |   0.0000 |  16.9555 | 16
 28  17   5   6 |   0.0001 |  19.4237 | 19
 29   5   5  19 |   0.0000 |   6.3869 |  6
 29   5   6  18 |   0.0000 |   8.1795 |  8
 29   5   7  17 |   0.0000 |   9.7968 |  9
 29   5   8  16 |   0.0000 |  11.3171 | 11
 29   5   9  15 |   0.0000 |  12.7785 | 12
 29   5  10  14 |   0.0000 |  14.2033 | 14
 29   5  11  13 |   0.0000 |  15.6067 | 15
 29   6   5  18 |   0.0000 |   6.9243 |  6
 29   6   6  17 |   0.0000 |   8.8449 |  8
 29   6   7  16 |   0.0000 |  10.5711 | 10
 29   6   8  15 |   0.0000 |  12.1900 | 12
 29   6   9  14 |   0.0000 |  13.7446 | 13
 29   6  10  13 |   0.0000 |  15.2605 | 15
 29   6  11  12 |   0.0001 |  16.7557 | 16
 29   7   5  17 |   0.0000 |   7.4866 |  7
 29   7   6  16 |   0.0000 |   9.5448 |  9
 29   7   7  15 |   0.0000 |  11.3897 | 11
 29   7   8  14 |   0.0000 |  13.1178 | 13
 29   7   9  13 |   0.0000 |  14.7773 | 14
 29   7  10  12 |   0.0000 |  16.3976 | 16
 29   8   5  16 |   0.0000 |   8.0811 |  8
 29   8   6  15 |   0.0000 |  10.2885 | 10
 29   8   7  14 |   0.0000 |  12.2643 | 12
 29   8   8  13 |   0.0000 |  14.1146 | 14
 29   8   9  12 |   0.0000 |  15.8935 | 15
 29   8  10  11 |   0.0001 |  17.6351 | 17
 29   9   5  15 |   0.0000 |   8.7164 |  8
 29   9   6  14 |   0.0000 |  11.0876 | 11
 29   9   7  13 |   0.0000 |  13.2091 | 13
 29   9   8  12 |   0.0000 |  15.1980 | 15
 29   9   9  11 |   0.0000 |  17.1150 | 17
 29  10   5  14 |   0.0000 |   9.4031 |  9
 29  10   6  13 |   0.0000 |  11.9560 | 11
 29  10   7  12 |   0.0000 |  14.2422 | 14
 29  10   8  11 |   0.0000 |  16.3907 | 16
 29  10   9  10 |   0.0001 |  18.4706 | 18
 29  11   5  13 |   0.0000 |  10.1545 | 10
 29  11   6  12 |   0.0000 |  12.9120 | 12
 29  11   7  11 |   0.0000 |  15.3872 | 15
 29  11   8  10 |   0.0000 |  17.7234 | 17
 29  12   5  12 |   0.0000 |  10.9879 | 10
 29  12   6  11 |   0.0000 |  13.9798 | 13
 29  12   7  10 |   0.0000 |  16.6766 | 16
 29  12   8   9 |   0.0001 |  19.2388 | 19
 29  13   5  11 |   0.0000 |  11.9272 | 11
 29  13   6  10 |   0.0000 |  15.1929 | 15
 29  13   7   9 |   0.0000 |  18.1560 | 18
 29  14   5  10 |   0.0000 |  13.0055 | 13
 29  14   6   9 |   0.0000 |  16.5997 | 16
 29  14   7   8 |   0.0001 |  19.8941 | 19
 29  15   5   9 |   0.0000 |  14.2722 | 14
 29  15   6   8 |   0.0000 |  18.2741 | 18
 29  16   5   8 |   0.0000 |  15.8040 | 15
 29  16   6   7 |   0.0001 |  20.3360 | 20
 29  17   5   7 |   0.0000 |  17.7297 | 17
 29  18   5   6 |   0.0001 |  20.2884 | 20
 30   5   5  20 |   0.0000 |   6.3322 |  6
 30   5   6  19 |   0.0000 |   8.1084 |  8
 30   5   7  18 |   0.0000 |   9.7099 |  9
 30   5   8  17 |   0.0000 |  11.2142 | 11
 30   5   9  16 |   0.0000 |  12.6586 | 12
 30   5  10  15 |   0.0000 |  14.0649 | 14
 30   5  11  14 |   0.0000 |  15.4476 | 15
 30   5  12  13 |   0.0001 |  16.8173 | 16
 30   6   5  19 |   0.0000 |   6.8532 |  6
 30   6   6  18 |   0.0000 |   8.7523 |  8
 30   6   7  17 |   0.0000 |  10.4577 | 10
 30   6   8  16 |   0.0000 |  12.0551 | 12
 30   6   9  15 |   0.0000 |  13.5869 | 13
 30   6  10  14 |   0.0000 |  15.0778 | 15
 30   6  11  13 |   0.0000 |  16.5445 | 16
 30   7   5  18 |   0.0000 |   7.3954 |  7
 30   7   6  17 |   0.0000 |   9.4257 |  9
 30   7   7  16 |   0.0000 |  11.2433 | 11
 30   7   8  15 |   0.0000 |  12.9432 | 12
 30   7   9  14 |   0.0000 |  14.5722 | 14
 30   7  10  13 |   0.0000 |  16.1586 | 16
 30   7  11  12 |   0.0001 |  17.7220 | 17
 30   8   5  17 |   0.0000 |   7.9650 |  7
 30   8   6  16 |   0.0000 |  10.1365 | 10
 30   8   7  15 |   0.0000 |  12.0768 | 12
 30   8   8  14 |   0.0000 |  13.8900 | 13
 30   8   9  13 |   0.0000 |  15.6284 | 15
 30   8  10  12 |   0.0000 |  17.3240 | 17
 30   9   5  16 |   0.0000 |   8.5694 |  8
 30   9   6  15 |   0.0000 |  10.8944 | 10
 30   9   7  14 |   0.0000 |  12.9699 | 12
 30   9   8  13 |   0.0000 |  14.9099 | 14
 30   9   9  12 |   0.0000 |  16.7728 | 16
 30   9  10  11 |   0.0001 |  18.5951 | 18
 30  10   5  15 |   0.0000 |   9.2174 |  9
 30  10   6  14 |   0.0000 |  11.7109 | 11
 30  10   7  13 |   0.0000 |  13.9371 | 13
 30  10   8  12 |   0.0000 |  16.0210 | 16
 30  10   9  11 |   0.0000 |  18.0278 | 18
 30  11   5  14 |   0.0000 |   9.9195 |  9
 30  11   6  13 |   0.0000 |  12.6003 | 12
 30  11   7  12 |   0.0000 |  14.9970 | 14
 30  11   8  11 |   0.0000 |  17.2467 | 17
 30  11   9  10 |   0.0001 |  19.4231 | 19
 30  12   5  13 |   0.0000 |  10.6895 | 10
 30  12   6  12 |   0.0000 |  13.5815 | 13
 30  12   7  11 |   0.0000 |  16.1740 | 16
 30  12   8  10 |   0.0000 |  18.6186 | 18
 30  13   5  12 |   0.0000 |  11.5454 | 11
 30  13   6  11 |   0.0000 |  14.6795 | 14
 30  13   7  10 |   0.0000 |  17.5016 | 17
 30  13   8   9 |   0.0001 |  20.1813 | 20
 30  14   5  11 |   0.0000 |  12.5116 | 12
 30  14   6  10 |   0.0000 |  15.9290 | 15
 30  14   7   9 |   0.0000 |  19.0274 | 19
 30  15   5  10 |   0.0000 |  13.6226 | 13
 30  15   6   9 |   0.0000 |  17.3802 | 17
 30  15   7   8 |   0.0001 |  20.8224 | 20
 30  16   5   9 |   0.0000 |  14.9295 | 14
 30  16   6   8 |   0.0000 |  19.1096 | 19
 30  17   5   8 |   0.0000 |  16.5120 | 16
 30  17   6   7 |   0.0001 |  21.2418 | 21
 30  18   5   7 |   0.0000 |  18.5037 | 18
 30  19   5   6 |   0.0001 |  21.1530 | 21
 31   5   5  21 |   0.0000 |   6.2829 |  6
 31   5   6  20 |   0.0000 |   8.0444 |  8
 31   5   7  19 |   0.0000 |   9.6320 |  9
 31   5   8  18 |   0.0000 |  11.1221 | 11
 31   5   9  17 |   0.0000 |  12.5518 | 12
 31   5  10  16 |   0.0000 |  13.9422 | 13
 31   5  11  15 |   0.0000 |  15.3074 | 15
 31   5  12  14 |   0.0000 |  16.6573 | 16
 31   6   5  20 |   0.0000 |   6.7894 |  6
 31   6   6  19 |   0.0000 |   8.6694 |  8
 31   6   7  18 |   0.0000 |  10.3564 | 10
 31   6   8  17 |   0.0000 |  11.9353 | 11
 31   6   9  16 |   0.0000 |  13.4474 | 13
 31   6  10  15 |   0.0000 |  14.9169 | 14
 31   6  11  14 |   0.0000 |  16.3599 | 16
 31   6  12  13 |   0.0001 |  17.7882 | 17
 31   7   5  19 |   0.0000 |   7.3139 |  7
 31   7   6  18 |   0.0000 |   9.3196 |  9
 31   7   7  17 |   0.0000 |  11.1135 | 11
 31   7   8  16 |   0.0000 |  12.7890 | 12
 31   7   9  15 |   0.0000 |  14.3921 | 14
 31   7  10  14 |   0.0000 |  15.9500 | 15
 31   7  11  13 |   0.0000 |  17.4812 | 17
 31   8   5  18 |   0.0000 |   7.8620 |  7
 31   8   6  17 |   0.0000 |  10.0021 | 10
 31   8   7  16 |   0.0000 |  11.9117 | 11
 31   8   8  15 |   0.0000 |  13.6933 | 13
 31   8   9  14 |   0.0000 |  15.3975 | 15
 31   8  10  13 |   0.0000 |  17.0552 | 17
 31   8  11  12 |   0.0001 |  18.6877 | 18
 31   9   5  17 |   0.0000 |   8.4399 |  8
 31   9   6  16 |   0.0000 |  10.7249 | 10
 31   9   7  15 |   0.0000 |  12.7610 | 12
 31   9   8  14 |   0.0000 |  14.6599 | 14
 31   9   9  13 |   0.0000 |  16.4779 | 16
 31   9  10  12 |   0.0000 |  18.2496 | 18
 31  10   5  16 |   0.0000 |   9.0551 |  9
 31  10   6  15 |   0.0000 |  11.4977 | 11
 31  10   7  14 |   0.0000 |  13.6733 | 13
 31  10   8  13 |   0.0000 |  15.7037 | 15
 31  10   9  12 |   0.0000 |  17.6510 | 17
 31  10  10  11 |   0.0001 |  19.5549 | 19
 31  11   5  15 |   0.0000 |   9.7162 |  9
 31  11   6  14 |   0.0000 |  12.3322 | 12
 31  11   7  13 |   0.0000 |  14.6635 | 14
 31  11   8  12 |   0.0000 |  16.8429 | 16
 31  11   9  11 |   0.0000 |  18.9399 | 18
 31  12   5  14 |   0.0000 |  10.4343 | 10
 31  12   6  13 |   0.0000 |  13.2432 | 13
 31  12   7  12 |   0.0000 |  15.7506 | 15
 31  12   8  11 |   0.0000 |  18.1020 | 18
 31  12   9  10 |   0.0001 |  20.3753 | 20
 31  13   5  13 |   0.0000 |  11.2233 | 11
 31  13   6  12 |   0.0000 |  14.2500 | 14
 31  13   7  11 |   0.0000 |  16.9600 | 16
 31  13   8  10 |   0.0000 |  19.5135 | 19
 31  14   5  12 |   0.0000 |  12.1019 | 12
 31  14   6  11 |   0.0000 |  15.3785 | 15
 31  14   7  10 |   0.0000 |  18.3262 | 18
 31  14   8   9 |   0.0001 |  21.1235 | 21
 31  15   5  11 |   0.0000 |  13.0952 | 13
 31  15   6  10 |   0.0000 |  16.6645 | 16
 31  15   7   9 |   0.0000 |  19.8984 | 19
 31  16   5  10 |   0.0000 |  14.2391 | 14
 31  16   6   9 |   0.0000 |  18.1602 | 18
 31  16   7   8 |   0.0001 |  21.7505 | 21
 31  17   5   9 |   0.0000 |  15.5864 | 15
 31  17   6   8 |   0.0000 |  19.9448 | 19
 31  18   5   8 |   0.0000 |  17.2197 | 17
 31  18   6   7 |   0.0001 |  22.1476 | 22
 31  19   5   7 |   0.0000 |  19.2776 | 19
 31  20   5   6 |   0.0001 |  22.0176 | 22
 32   5   5  22 |   0.0000 |   6.2381 |  6
 32   5   6  21 |   0.0000 |   7.9865 |  7
 32   5   7  20 |   0.0000 |   9.5616 |  9
 32   5   8  19 |   0.0000 |  11.0393 | 11
 32   5   9  18 |   0.0000 |  12.4560 | 12
 32   5  10  17 |   0.0000 |  13.8327 | 13
 32   5  11  16 |   0.0000 |  15.1828 | 15
 32   5  12  15 |   0.0000 |  16.5160 | 16
 32   5  13  14 |   0.0001 |  17.8397 | 17
 32   6   5  21 |   0.0000 |   6.7318 |  6
 32   6   6  20 |   0.0000 |   8.5948 |  8
 32   6   7  19 |   0.0000 |  10.2655 | 10
 32   6   8  18 |   0.0000 |  11.8280 | 11
 32   6   9  17 |   0.0000 |  13.3230 | 13
 32   6  10  16 |   0.0000 |  14.7742 | 14
 32   6  11  15 |   0.0000 |  16.1969 | 16
 32   6  12  14 |   0.0001 |  17.6025 | 17
 32   7   5  20 |   0.0000 |   7.2407 |  7
 32   7   6  19 |   0.0000 |   9.2246 |  9
 32   7   7  18 |   0.0000 |  10.9976 | 10
 32   7   8  17 |   0.0000 |  12.6518 | 12
 32   7   9  16 |   0.0000 |  14.2326 | 14
 32   7  10  15 |   0.0000 |  15.7662 | 15
 32   7  11  14 |   0.0000 |  17.2705 | 17
 32   7  12  13 |   0.0001 |  18.7586 | 18
 32   8   5  19 |   0.0000 |   7.7700 |  7
 32   8   6  18 |   0.0000 |   9.8823 |  9
 32   8   7  17 |   0.0000 |  11.7652 | 11
 32   8   8  16 |   0.0000 |  13.5194 | 13
 32   8   9  15 |   0.0000 |  15.1946 | 15
 32   8  10  14 |   0.0000 |  16.8204 | 16
 32   8  11  13 |   0.0001 |  18.4170 | 18
 32   9   5  18 |   0.0000 |   8.3250 |  8
 32   9   6  17 |   0.0000 |  10.5749 | 10
 32   9   7  16 |   0.0000 |  12.5770 | 12
 32   9   8  15 |   0.0000 |  14.4407 | 14
 32   9   9  14 |   0.0000 |  16.2209 | 16
 32   9  10  13 |   0.0000 |  17.9507 | 17
 32   9  11  12 |   0.0001 |  19.6531 | 19
 32  10   5  17 |   0.0000 |   8.9120 |  8
 32  10   6  16 |   0.0000 |  11.3105 | 11
 32  10   7  15 |   0.0000 |  13.4428 | 13
 32  10   8  14 |   0.0000 |  15.4279 | 15
 32  10   9  13 |   0.0000 |  17.3261 | 17
 32  10  10  12 |   0.0000 |  19.1745 | 19
 32  11   5  16 |   0.0000 |   9.5384 |  9
 32  11   6  15 |   0.0000 |  12.0988 | 12
 32  11   7  14 |   0.0000 |  14.3749 | 14
 32  11   8  13 |   0.0000 |  16.4960 | 16
 32  11   9  12 |   0.0000 |  18.5284 | 18
 32  11  10  11 |   0.0001 |  20.5143 | 20
 32  12   5  15 |   0.0000 |  10.2132 | 10
 32  12   6  14 |   0.0000 |  12.9518 | 12
 32  12   7  13 |   0.0000 |  15.3885 | 15
 32  12   8  12 |   0.0000 |  17.6639 | 17
 32  12   9  11 |   0.0000 |  19.8516 | 19
 32  13   5  14 |   0.0000 |  10.9476 | 10
 32  13   6  13 |   0.0000 |  13.8848 | 13
 32  13   7  12 |   0.0000 |  16.5033 | 16
 32  13   8  11 |   0.0000 |  18.9566 | 18
 32  13   9  10 |   0.0001 |  21.3273 | 21
 32  14   5  13 |   0.0000 |  11.7560 | 11
 32  14   6  12 |   0.0000 |  14.9175 | 14
 32  14   7  11 |   0.0000 |  17.7453 | 17
 32  14   8  10 |   0.0000 |  20.4080 | 20
 32  15   5  12 |   0.0000 |  12.6575 | 12
 32  15   6  11 |   0.0000 |  16.0767 | 16
 32  15   7  10 |   0.0000 |  19.1503 | 19
 32  15   8   9 |   0.0001 |  22.0657 | 22
 32  16   5  11 |   0.0000 |  13.6783 | 13
 32  16   6  10 |   0.0000 |  17.3996 | 17
 32  16   7   9 |   0.0000 |  20.7692 | 20
 32  17   5  10 |   0.0000 |  14.8552 | 14
 32  17   6   9 |   0.0000 |  18.9400 | 18
 32  17   7   8 |   0.0001 |  22.6785 | 22
 32  18   5   9 |   0.0000 |  16.2431 | 16
 32  18   6   8 |   0.0000 |  20.7799 | 20
 32  19   5   8 |   0.0000 |  17.9273 | 17
 32  19   6   7 |   0.0001 |  23.0533 | 23
 32  20   5   7 |   0.0000 |  20.0514 | 20
 32  21   5   6 |   0.0001 |  22.8821 | 22
 33   5   5  23 |   0.0000 |   6.1973 |  6
 33   5   6  22 |   0.0000 |   7.9339 |  7
 33   5   7  21 |   0.0000 |   9.4978 |  9
 33   5   8  20 |   0.0000 |  10.9643 | 10
 33   5   9  19 |   0.0000 |  12.3696 | 12
 33   5  10  18 |   0.0000 |  13.7342 | 13
 33   5  11  17 |   0.0000 |  15.0713 | 15
 33   5  12  16 |   0.0000 |  16.3901 | 16
 33   5  13  15 |   0.0001 |  17.6977 | 17
 33   6   5  22 |   0.0000 |   6.6795 |  6
 33   6   6  21 |   0.0000 |   8.5271 |  8
 33   6   7  20 |   0.0000 |  10.1834 | 10
 33   6   8  19 |   0.0000 |  11.7314 | 11
 33   6   9  18 |   0.0000 |  13.2114 | 13
 33   6  10  17 |   0.0000 |  14.6466 | 14
 33   6  11  16 |   0.0000 |  16.0520 | 16
 33   6  12  15 |   0.0000 |  17.4383 | 17
 33   6  13  14 |   0.0001 |  18.8139 | 18
 33   7   5  21 |   0.0000 |   7.1746 |  7
 33   7   6  20 |   0.0000 |   9.1390 |  9
 33   7   7  19 |   0.0000 |  10.8934 | 10
 33   7   8  18 |   0.0000 |  12.5289 | 12
 33   7   9  17 |   0.0000 |  14.0902 | 14
 33   7  10  16 |   0.0000 |  15.6030 | 15
 33   7  11  15 |   0.0000 |  17.0843 | 17
 33   7  12  14 |   0.0001 |  18.5467 | 18
 33   8   5  20 |   0.0000 |   7.6872 |  7
 33   8   6  19 |   0.0000 |   9.7750 |  9
 33   8   7  18 |   0.0000 |  11.6343 | 11
 33   8   8  17 |   0.0000 |  13.3645 | 13
 33   8   9  16 |   0.0000 |  15.0146 | 15
 33   8  10  15 |   0.0000 |  16.6133 | 16
 33   8  11  14 |   0.0000 |  18.1798 | 18
 33   8  12  13 |   0.0001 |  19.7285 | 19
 33   9   5  19 |   0.0000 |   8.2222 |  8
 33   9   6  18 |   0.0000 |  10.4412 | 10
 33   9   7  17 |   0.0000 |  12.4135 | 12
 33   9   8  16 |   0.0000 |  14.2468 | 14
 33   9   9  15 |   0.0000 |  15.9948 | 15
 33   9  10  14 |   0.0000 |  17.6892 | 17
 33   9  11  13 |   0.0001 |  19.3520 | 19
 33  10   5  18 |   0.0000 |   8.7849 |  8
 33  10   6  17 |   0.0000 |  11.1448 | 11
 33  10   7  16 |   0.0000 |  13.2395 | 13
 33  10   8  15 |   0.0000 |  15.1860 | 15
 33  10   9  14 |   0.0000 |  17.0427 | 17
 33  10  10  13 |   0.0000 |  18.8451 | 18
 33  10  11  12 |   0.0001 |  20.6182 | 20
 33  11   5  17 |   0.0000 |   9.3816 |  9
 33  11   6  16 |   0.0000 |  11.8937 | 11
 33  11   7  15 |   0.0000 |  14.1225 | 14
 33  11   8  14 |   0.0000 |  16.1943 | 16
 33  11   9  13 |   0.0000 |  18.1732 | 18
 33  11  10  12 |   0.0001 |  20.0988 | 20
 33  12   5  16 |   0.0000 |  10.0198 | 10
 33  12   6  15 |   0.0000 |  12.6980 | 12
 33  12   7  14 |   0.0000 |  15.0749 | 15
 33  12   8  13 |   0.0000 |  17.2871 | 17
 33  12   9  12 |   0.0000 |  19.4051 | 19
 33  12  10  11 |   0.0001 |  21.4735 | 21
 33  13   5  15 |   0.0000 |  10.7087 | 10
 33  13   6  14 |   0.0000 |  13.5700 | 13
 33  13   7  13 |   0.0000 |  16.1123 | 16
 33  13   8  12 |   0.0000 |  18.4840 | 18
 33  13   9  11 |   0.0001 |  20.7628 | 20
 33  14   5  14 |   0.0000 |  11.4597 | 11
 33  14   6  13 |   0.0000 |  14.5252 | 14
 33  14   7  12 |   0.0000 |  17.2550 | 17
 33  14   8  11 |   0.0000 |  19.8107 | 19
 33  14   9  10 |   0.0001 |  22.2791 | 22
 33  15   5  13 |   0.0000 |  12.2877 | 12
 33  15   6  12 |   0.0000 |  15.5842 | 15
 33  15   7  11 |   0.0000 |  18.5299 | 18
 33  15   8  10 |   0.0000 |  21.3022 | 21
 33  16   5  12 |   0.0000 |  13.2124 | 13
 33  16   6  11 |   0.0000 |  16.7744 | 16
 33  16   7  10 |   0.0000 |  19.9740 | 19
 33  16   8   9 |   0.0001 |  23.0077 | 23
 33  17   5  11 |   0.0000 |  14.2608 | 14
 33  17   6  10 |   0.0000 |  18.1343 | 18
 33  17   7   9 |   0.0000 |  21.6398 | 21
 33  18   5  10 |   0.0000 |  15.4709 | 15
 33  18   6   9 |   0.0000 |  19.7195 | 19
 33  18   7   8 |   0.0001 |  23.6064 | 23
 33  19   5   9 |   0.0000 |  16.8994 | 16
 33  19   6   8 |   0.0000 |  21.6149 | 21
 33  20   5   8 |   0.0000 |  18.6346 | 18
 33  20   6   7 |   0.0001 |  23.9590 | 23
 33  21   5   7 |   0.0000 |  20.8250 | 20
 33  22   5   6 |   0.0001 |  23.7466 | 23
 34   5   5  24 |   0.0000 |   6.1600 |  6
 34   5   6  23 |   0.0000 |   7.8858 |  7
 34   5   7  22 |   0.0000 |   9.4396 |  9
 34   5   8  21 |   0.0000 |  10.8962 | 10
 34   5   9  20 |   0.0000 |  12.2913 | 12
 34   5  10  19 |   0.0000 |  13.6452 | 13
 34   5  11  18 |   0.0000 |  14.9709 | 14
 34   5  12  17 |   0.0000 |  16.2773 | 16
 34   5  13  16 |   0.0000 |  17.5711 | 17
 34   5  14  15 |   0.0001 |  18.8578 | 18
 34   6   5  23 |   0.0000 |   6.6318 |  6
 34   6   6  22 |   0.0000 |   8.4656 |  8
 34   6   7  21 |   0.0000 |  10.1089 | 10
 34   6   8  20 |   0.0000 |  11.6439 | 11
 34   6   9  19 |   0.0000 |  13.1106 | 13
 34   6  10  18 |   0.0000 |  14.5318 | 14
 34   6  11  17 |   0.0000 |  15.9221 | 15
 34   6  12  16 |   0.0000 |  17.2918 | 17
 34   6  13  15 |   0.0001 |  18.6489 | 18
 34   7   5  22 |   0.0000 |   7.1146 |  7
 34   7   6  21 |   0.0000 |   9.0614 |  9
 34   7   7  20 |   0.0000 |  10.7992 | 10
 34   7   8  19 |   0.0000 |  12.4182 | 12
 34   7   9  18 |   0.0000 |  13.9623 | 13
 34   7  10  17 |   0.0000 |  15.4569 | 15
 34   7  11  16 |   0.0000 |  16.9185 | 16
 34   7  12  15 |   0.0000 |  18.3590 | 18
 34   7  13  14 |   0.0001 |  19.7876 | 19
 34   8   5  21 |   0.0000 |   7.6124 |  7
 34   8   6  20 |   0.0000 |   9.6781 |  9
 34   8   7  19 |   0.0000 |  11.5165 | 11
 34   8   8  18 |   0.0000 |  13.2257 | 13
 34   8   9  17 |   0.0000 |  14.8539 | 14
 34   8  10  16 |   0.0000 |  16.4291 | 16
 34   8  11  15 |   0.0000 |  17.9700 | 17
 34   8  12  14 |   0.0001 |  19.4899 | 19
 34   9   5  20 |   0.0000 |   8.1296 |  8
 34   9   6  19 |   0.0000 |  10.3213 | 10
 34   9   7  18 |   0.0000 |  12.2672 | 12
 34   9   8  17 |   0.0000 |  14.0740 | 14
 34   9   9  16 |   0.0000 |  15.7941 | 15
 34   9  10  15 |   0.0000 |  17.4584 | 17
 34   9  11  14 |   0.0000 |  19.0879 | 19
 34   9  12  13 |   0.0001 |  20.6980 | 20
 34  10   5  19 |   0.0000 |   8.6711 |  8
 34  10   6  18 |   0.0000 |  10.9969 | 10
 34  10   7  17 |   0.0000 |  13.0588 | 13
 34  10   8  16 |   0.0000 |  14.9718 | 14
 34  10   9  15 |   0.0000 |  16.7930 | 16
 34  10  10  14 |   0.0000 |  18.5568 | 18
 34  10  11  13 |   0.0001 |  20.2864 | 20
 34  11   5  18 |   0.0000 |   9.2421 |  9
 34  11   6  17 |   0.0000 |  11.7120 | 11
 34  11   7  16 |   0.0000 |  13.8997 | 13
 34  11   8  15 |   0.0000 |  15.9293 | 15
 34  11   9  14 |   0.0000 |  17.8630 | 17
 34  11  10  13 |   0.0000 |  19.7387 | 19
 34  11  11  12 |   0.0001 |  21.5829 | 21
 34  12   5  17 |   0.0000 |   9.8490 |  9
 34  12   6  16 |   0.0000 |  12.4749 | 12
 34  12   7  15 |   0.0000 |  14.8004 | 14
 34  12   8  14 |   0.0000 |  16.9592 | 16
 34  12   9  13 |   0.0000 |  19.0193 | 19
 34  12  10  12 |   0.0001 |  21.0227 | 21
 34  13   5  16 |   0.0000 |  10.4995 | 10
 34  13   6  15 |   0.0000 |  13.2957 | 13
 34  13   7  14 |   0.0000 |  15.7735 | 15
 34  13   8  13 |   0.0000 |  18.0772 | 18
 34  13   9  12 |   0.0000 |  20.2811 | 20
 34  13  10  11 |   0.0001 |  22.4325 | 22
 34  14   5  15 |   0.0000 |  11.2028 | 11
 34  14   6  14 |   0.0000 |  14.1869 | 14
 34  14   7  13 |   0.0000 |  16.8351 | 16
 34  14   8  12 |   0.0000 |  19.3034 | 19
 34  14   9  11 |   0.0001 |  21.6736 | 21
 34  15   5  14 |   0.0000 |  11.9707 | 11
 34  15   6  13 |   0.0000 |  15.1647 | 15
 34  15   7  12 |   0.0000 |  18.0061 | 18
 34  15   8  11 |   0.0000 |  20.6643 | 20
 34  15   9  10 |   0.0001 |  23.2308 | 23
 34  16   5  13 |   0.0000 |  12.8186 | 12
 34  16   6  12 |   0.0000 |  16.2501 | 16
 34  16   7  11 |   0.0000 |  19.3141 | 19
 34  16   8  10 |   0.0000 |  22.1961 | 22
 34  17   5  12 |   0.0000 |  13.7667 | 13
 34  17   6  11 |   0.0000 |  17.4715 | 17
 34  17   7  10 |   0.0000 |  20.7973 | 20
 34  17   8   9 |   0.0001 |  23.9496 | 23
 34  18   5  11 |   0.0000 |  14.8428 | 14
 34  18   6  10 |   0.0000 |  18.8686 | 18
 34  18   7   9 |   0.0000 |  22.5102 | 22
 34  19   5  10 |   0.0000 |  16.0863 | 16
 34  19   6   9 |   0.0000 |  20.4987 | 20
 34  19   7   8 |   0.0001 |  24.5343 | 24
 34  20   5   9 |   0.0000 |  17.5555 | 17
 34  20   6   8 |   0.0000 |  22.4497 | 22
 34  21   5   8 |   0.0000 |  19.3419 | 19
 34  21   6   7 |   0.0001 |  24.8646 | 24
 34  22   5   7 |   0.0000 |  21.5986 | 21
 34  23   5   6 |   0.0001 |  24.6111 | 24
 35   5   5  25 |   0.0000 |   6.1257 |  6
 35   5   6  24 |   0.0000 |   7.8417 |  7
 35   5   7  23 |   0.0000 |   9.3864 |  9
 35   5   8  22 |   0.0000 |  10.8340 | 10
 35   5   9  21 |   0.0000 |  12.2199 | 12
 35   5  10  20 |   0.0000 |  13.5643 | 13
 35   5  11  19 |   0.0000 |  14.8799 | 14
 35   5  12  18 |   0.0000 |  16.1754 | 16
 35   5  13  17 |   0.0000 |  17.4573 | 17
 35   5  14  16 |   0.0001 |  18.7307 | 18
 35   6   5  24 |   0.0000 |   6.5881 |  6
 35   6   6  23 |   0.0000 |   8.4094 |  8
 35   6   7  22 |   0.0000 |  10.0409 | 10
 35   6   8  21 |   0.0000 |  11.5643 | 11
 35   6   9  20 |   0.0000 |  13.0192 | 13
 35   6  10  19 |   0.0000 |  14.4280 | 14
 35   6  11  18 |   0.0000 |  15.8050 | 15
 35   6  12  17 |   0.0000 |  17.1604 | 17
 35   6  13  16 |   0.0000 |  18.5016 | 18
 35   6  14  15 |   0.0001 |  19.8347 | 19
 35   7   5  23 |   0.0000 |   7.0598 |  7
 35   7   6  22 |   0.0000 |   8.9907 |  8
 35   7   7  21 |   0.0000 |  10.7136 | 10
 35   7   8  20 |   0.0000 |  12.3179 | 12
 35   7   9  19 |   0.0000 |  13.8468 | 13
 35   7  10  18 |   0.0000 |  15.3254 | 15
 35   7  11  17 |   0.0000 |  16.7699 | 16
 35   7  12  16 |   0.0000 |  18.1915 | 18
 35   7  13  15 |   0.0001 |  19.5991 | 19
 35   8   5  22 |   0.0000 |   7.5444 |  7
 35   8   6  21 |   0.0000 |   9.5903 |  9
 35   8   7  20 |   0.0000 |  11.4100 | 11
 35   8   8  19 |   0.0000 |  13.1005 | 13
 35   8   9  18 |   0.0000 |  14.7094 | 14
 35   8  10  17 |   0.0000 |  16.2642 | 16
 35   8  11  16 |   0.0000 |  17.7829 | 17
 35   8  12  15 |   0.0000 |  19.2784 | 19
 35   8  13  14 |   0.0001 |  20.7609 | 20
 35   9   5  21 |   0.0000 |   8.0460 |  8
 35   9   6  20 |   0.0000 |  10.2130 | 10
 35   9   7  19 |   0.0000 |  12.1356 | 12
 35   9   8  18 |   0.0000 |  13.9190 | 13
 35   9   9  17 |   0.0000 |  15.6147 | 15
 35   9  10  16 |   0.0000 |  17.2531 | 17
 35   9  11  15 |   0.0000 |  18.8541 | 18
 35   9  12  14 |   0.0001 |  20.4324 | 20
 35  10   5  20 |   0.0000 |   8.5687 |  8
 35  10   6  19 |   0.0000 |  10.8641 | 10
 35  10   7  18 |   0.0000 |  12.8970 | 12
 35  10   8  17 |   0.0000 |  14.7807 | 14
 35  10   9  16 |   0.0000 |  16.5713 | 16
 35  10  10  15 |   0.0000 |  18.3020 | 18
 35  10  11  14 |   0.0000 |  19.9950 | 19
 35  10  12  13 |   0.0001 |  21.6672 | 21
 35  11   5  19 |   0.0000 |   9.1173 |  9
 35  11   6  18 |   0.0000 |  11.5498 | 11
 35  11   7  17 |   0.0000 |  13.7016 | 13
 35  11   8  16 |   0.0000 |  15.6946 | 15
 35  11   9  15 |   0.0000 |  17.5896 | 17
 35  11  10  14 |   0.0000 |  19.4231 | 19
 35  11  11  13 |   0.0001 |  21.2201 | 21
 35  12   5  18 |   0.0000 |   9.6971 |  9
 35  12   6  17 |   0.0000 |  12.2770 | 12
 35  12   7  16 |   0.0000 |  14.5579 | 14
 35  12   8  15 |   0.0000 |  16.6710 | 16
 35  12   9  14 |   0.0000 |  18.6822 | 18
 35  12  10  13 |   0.0000 |  20.6315 | 20
 35  12  11  12 |   0.0001 |  22.5474 | 22
 35  13   5  17 |   0.0000 |  10.3147 | 10
 35  13   6  16 |   0.0000 |  13.0543 | 13
 35  13   7  15 |   0.0000 |  15.4767 | 15
 35  13   8  14 |   0.0000 |  17.7229 | 17
 35  13   9  13 |   0.0000 |  19.8645 | 19
 35  13  10  12 |   0.0001 |  21.9461 | 21
 35  14   5  16 |   0.0000 |  10.9777 | 10
 35  14   6  15 |   0.0000 |  13.8919 | 13
 35  14   7  14 |   0.0000 |  16.4709 | 16
 35  14   8  13 |   0.0000 |  18.8663 | 18
 35  14   9  12 |   0.0000 |  21.1565 | 21
 35  14  10  11 |   0.0001 |  23.3913 | 23
 35  15   5  15 |   0.0000 |  11.6957 | 11
 35  15   6  14 |   0.0000 |  14.8027 | 14
 35  15   7  13 |   0.0000 |  17.5570 | 17
 35  15   8  12 |   0.0000 |  20.1221 | 20
 35  15   9  11 |   0.0001 |  22.5841 | 22
 35  16   5  14 |   0.0000 |  12.4808 | 12
 35  16   6  13 |   0.0000 |  15.8033 | 15
 35  16   7  12 |   0.0000 |  18.7564 | 18
 35  16   8  11 |   0.0000 |  21.5175 | 21
 35  16   9  10 |   0.0001 |  24.1823 | 24
 35  17   5  13 |   0.0000 |  13.3487 | 13
 35  17   6  12 |   0.0000 |  16.9154 | 16
 35  17   7  11 |   0.0000 |  20.0978 | 20
 35  17   8  10 |   0.0001 |  23.0897 | 23
 35  18   5  12 |   0.0000 |  14.3204 | 14
 35  18   6  11 |   0.0000 |  18.1682 | 18
 35  18   7  10 |   0.0000 |  21.6204 | 21
 35  18   8   9 |   0.0001 |  24.8914 | 24
 35  19   5  11 |   0.0000 |  15.4244 | 15
 35  19   6  10 |   0.0000 |  19.6025 | 19
 35  19   7   9 |   0.0000 |  23.3804 | 23
 35  20   5  10 |   0.0000 |  16.7013 | 16
 35  20   6   9 |   0.0000 |  21.2777 | 21
 35  20   7   8 |   0.0001 |  25.4620 | 25
 35  21   5   9 |   0.0000 |  18.2114 | 18
 35  21   6   8 |   0.0000 |  23.2843 | 23
 35  22   5   8 |   0.0000 |  20.0489 | 20
 35  22   6   7 |   0.0001 |  25.7701 | 25
 35  23   5   7 |   0.0000 |  22.3722 | 22
 35  24   5   6 |   0.0001 |  25.4756 | 25
 36   5   5  26 |   0.0000 |   6.0941 |  6
 36   5   6  25 |   0.0000 |   7.8011 |  7
 36   5   7  24 |   0.0000 |   9.3375 |  9
 36   5   8  23 |   0.0000 |  10.7769 | 10
 36   5   9  22 |   0.0000 |  12.1546 | 12
 36   5  10  21 |   0.0000 |  13.4905 | 13
 36   5  11  20 |   0.0000 |  14.7971 | 14
 36   5  12  19 |   0.0000 |  16.0830 | 16
 36   5  13  18 |   0.0000 |  17.3544 | 17
 36   5  14  17 |   0.0000 |  18.6163 | 18
 36   5  15  16 |   0.0001 |  19.8727 | 19
 36   6   5  25 |   0.0000 |   6.5480 |  6
 36   6   6  24 |   0.0000 |   8.3578 |  8
 36   6   7  23 |   0.0000 |   9.9786 |  9
 36   6   8  22 |   0.0000 |  11.4916 | 11
 36   6   9  21 |   0.0000 |  12.9359 | 12
 36   6  10  20 |   0.0000 |  14.3336 | 14
 36   6  11  19 |   0.0000 |  15.6989 | 15
 36   6  12  18 |   0.0000 |  17.0416 | 17
 36   6  13  17 |   0.0000 |  18.3690 | 18
 36   6  14  16 |   0.0001 |  19.6868 | 19
 36   7   5  24 |   0.0000 |   7.0096 |  7
 36   7   6  23 |   0.0000 |   8.9261 |  8
 36   7   7  22 |   0.0000 |  10.6356 | 10
 36   7   8  21 |   0.0000 |  12.2265 | 12
 36   7   9  20 |   0.0000 |  13.7419 | 13
 36   7  10  19 |   0.0000 |  15.2064 | 15
 36   7  11  18 |   0.0000 |  16.6357 | 16
 36   7  12  17 |   0.0000 |  18.0410 | 18
 36   7  13  16 |   0.0000 |  19.4305 | 19
 36   7  14  15 |   0.0001 |  20.8111 | 20
 36   8   5  23 |   0.0000 |   7.4823 |  7
 36   8   6  22 |   0.0000 |   9.5103 |  9
 36   8   7  21 |   0.0000 |  11.3131 | 11
 36   8   8  20 |   0.0000 |  12.9870 | 12
 36   8   9  19 |   0.0000 |  14.5788 | 14
 36   8  10  18 |   0.0000 |  16.1157 | 16
 36   8  11  17 |   0.0000 |  17.6151 | 17
 36   8  12  16 |   0.0000 |  19.0894 | 19
 36   8  13  15 |   0.0001 |  20.5484 | 20
 36   9   5  22 |   0.0000 |   7.9699 |  7
 36   9   6  21 |   0.0000 |  10.1147 | 10
 36   9   7  20 |   0.0000 |  12.0165 | 12
 36   9   8  19 |   0.0000 |  13.7791 | 13
 36   9   9  18 |   0.0000 |  15.4533 | 15
 36   9  10  17 |   0.0000 |  17.0690 | 17
 36   9  11  16 |   0.0000 |  18.6454 | 18
 36   9  12  15 |   0.0000 |  20.1967 | 20
 36   9  13  14 |   0.0001 |  21.7337 | 21
 36  10   5  21 |   0.0000 |   8.4760 |  8
 36  10   6  20 |   0.0000 |  10.7442 | 10
 36  10   7  19 |   0.0000 |  12.7514 | 12
 36  10   8  18 |   0.0000 |  14.6092 | 14
 36  10   9  17 |   0.0000 |  16.3730 | 16
 36  10  10  16 |   0.0000 |  18.0750 | 18
 36  10  11  15 |   0.0000 |  19.7368 | 19
 36  10  12  14 |   0.0001 |  21.3742 | 21
 36  11   5  20 |   0.0000 |   9.0048 |  9
 36  11   6  19 |   0.0000 |  11.4040 | 11
 36  11   7  18 |   0.0000 |  13.5241 | 13
 36  11   8  17 |   0.0000 |  15.4851 | 15
 36  11   9  16 |   0.0000 |  17.3466 | 17
 36  11  10  15 |   0.0000 |  19.1441 | 19
 36  11  11  14 |   0.0000 |  20.9013 | 20
 36  11  12  13 |   0.0001 |  22.6361 | 22
 36  12   5  19 |   0.0000 |   9.5610 |  9
 36  12   6  18 |   0.0000 |  12.1003 | 12
 36  12   7  17 |   0.0000 |  14.3422 | 14
 36  12   8  16 |   0.0000 |  16.4155 | 16
 36  12   9  15 |   0.0000 |  18.3848 | 18
 36  12  10  14 |   0.0000 |  20.2885 | 20
 36  12  11  13 |   0.0001 |  22.1534 | 22
 36  13   5  18 |   0.0000 |  10.1502 | 10
 36  13   6  17 |   0.0000 |  12.8401 | 12
 36  13   7  16 |   0.0000 |  15.2144 | 15
 36  13   8  15 |   0.0000 |  17.4113 | 17
 36  13   9  14 |   0.0000 |  19.5002 | 19
 36  13  10  13 |   0.0000 |  21.5237 | 21
 36  13  11  12 |   0.0001 |  23.5117 | 23
 36  14   5  17 |   0.0000 |  10.7788 | 10
 36  14   6  16 |   0.0000 |  13.6321 | 13
 36  14   7  15 |   0.0000 |  16.1517 | 16
 36  14   8  14 |   0.0000 |  18.4855 | 18
 36  14   9  13 |   0.0000 |  20.7090 | 20
 36  14  10  12 |   0.0001 |  22.8691 | 22
 36  15   5  16 |   0.0000 |  11.4546 | 11
 36  15   6  15 |   0.0000 |  14.4868 | 14
 36  15   7  14 |   0.0000 |  17.1672 | 17
 36  15   8  13 |   0.0000 |  19.6547 | 19
 36  15   9  12 |   0.0000 |  22.0315 | 22
 36  15  10  11 |   0.0001 |  24.3499 | 24
 36  16   5  15 |   0.0000 |  12.1876 | 12
 36  16   6  14 |   0.0000 |  15.4176 | 15
 36  16   7  13 |   0.0000 |  18.2780 | 18
 36  16   8  12 |   0.0000 |  20.9403 | 20
 36  16   9  11 |   0.0001 |  23.4944 | 23
 36  17   5  14 |   0.0000 |  12.9901 | 12
 36  17   6  13 |   0.0000 |  16.4412 | 16
 36  17   7  12 |   0.0000 |  19.5062 | 19
 36  17   8  11 |   0.0000 |  22.3703 | 22
 36  17   9  10 |   0.0001 |  25.1337 | 25
 36  18   5  13 |   0.0000 |  13.8782 | 13
 36  18   6  12 |   0.0000 |  17.5801 | 17
 36  18   7  11 |   0.0000 |  20.8811 | 20
 36  18   8  10 |   0.0001 |  23.9832 | 23
 36  19   5  12 |   0.0000 |  14.8736 | 14
 36  19   6  11 |   0.0000 |  18.8644 | 18
 36  19   7  10 |   0.0000 |  22.4432 | 22
 36  19   8   9 |   0.0001 |  25.8330 | 25
 36  20   5  11 |   0.0000 |  16.0055 | 16
 36  20   6  10 |   0.0000 |  20.3362 | 20
 36  20   7   9 |   0.0000 |  24.2504 | 24
 36  21   5  10 |   0.0000 |  17.3160 | 17
 36  21   6   9 |   0.0000 |  22.0566 | 22
 36  21   7   8 |   0.0001 |  26.3897 | 26
 36  22   5   9 |   0.0000 |  18.8671 | 18
 36  22   6   8 |   0.0000 |  24.1189 | 24
 36  23   5   8 |   0.0000 |  20.7559 | 20
 36  23   6   7 |   0.0001 |  26.6756 | 26
 36  24   5   7 |   0.0000 |  23.1456 | 23
 36  25   5   6 |   0.0001 |  26.3400 | 26
 37   5   5  27 |   0.0000 |   6.0649 |  6
 37   5   6  26 |   0.0000 |   7.7636 |  7
 37   5   7  25 |   0.0000 |   9.2924 |  9
 37   5   8  24 |   0.0000 |  10.7244 | 10
 37   5   9  23 |   0.0000 |  12.0947 | 12
 37   5  10  22 |   0.0000 |  13.4229 | 13
 37   5  11  21 |   0.0000 |  14.7215 | 14
 37   5  12  20 |   0.0000 |  15.9988 | 15
 37   5  13  19 |   0.0000 |  17.2610 | 17
 37   5  14  18 |   0.0000 |  18.5127 | 18
 37   5  15  17 |   0.0001 |  19.7579 | 19
 37   6   5  26 |   0.0000 |   6.5110 |  6
 37   6   6  25 |   0.0000 |   8.3103 |  8
 37   6   7  24 |   0.0000 |   9.9214 |  9
 37   6   8  23 |   0.0000 |  11.4249 | 11
 37   6   9  22 |   0.0000 |  12.8595 | 12
 37   6  10  21 |   0.0000 |  14.2474 | 14
 37   6  11  20 |   0.0000 |  15.6023 | 15
 37   6  12  19 |   0.0000 |  16.9338 | 16
 37   6  13  18 |   0.0000 |  18.2491 | 18
 37   6  14  17 |   0.0001 |  19.5536 | 19
 37   6  15  16 |   0.0001 |  20.8519 | 20
 37   7   5  25 |   0.0000 |   6.9634 |  6
 37   7   6  24 |   0.0000 |   8.8668 |  8
 37   7   7  23 |   0.0000 |  10.5640 | 10
 37   7   8  22 |   0.0000 |  12.1430 | 12
 37   7   9  21 |   0.0000 |  13.6462 | 13
 37   7  10  20 |   0.0000 |  15.0981 | 15
 37   7  11  19 |   0.0000 |  16.5141 | 16
 37   7  12  18 |   0.0000 |  17.9049 | 17
 37   7  13  17 |   0.0000 |  19.2788 | 19
 37   7  14  16 |   0.0001 |  20.6419 | 20
 37   8   5  24 |   0.0000 |   7.4255 |  7
 37   8   6  23 |   0.0000 |   9.4371 |  9
 37   8   7  22 |   0.0000 |  11.2247 | 11
 37   8   8  21 |   0.0000 |  12.8836 | 12
 37   8   9  20 |   0.0000 |  14.4602 | 14
 37   8  10  19 |   0.0000 |  15.9811 | 15
 37   8  11  18 |   0.0000 |  17.4635 | 17
 37   8  12  17 |   0.0000 |  18.9195 | 18
 37   8  13  16 |   0.0001 |  20.3582 | 20
 37   8  14  15 |   0.0001 |  21.7871 | 21
 37   9   5  23 |   0.0000 |   7.9004 |  7
 37   9   6  22 |   0.0000 |  10.0252 | 10
 37   9   7  21 |   0.0000 |  11.9082 | 11
 37   9   8  20 |   0.0000 |  13.6521 | 13
 37   9   9  19 |   0.0000 |  15.3074 | 15
 37   9  10  18 |   0.0000 |  16.9030 | 16
 37   9  11  17 |   0.0000 |  18.4580 | 18
 37   9  12  16 |   0.0000 |  19.9859 | 19
 37   9  13  15 |   0.0001 |  21.4969 | 21
 37  10   5  22 |   0.0000 |   8.3916 |  8
 37  10   6  21 |   0.0000 |  10.6354 | 10
 37  10   7  20 |   0.0000 |  12.6194 | 12
 37  10   8  19 |   0.0000 |  14.4544 | 14
 37  10   9  18 |   0.0000 |  16.1945 | 16
 37  10  10  17 |   0.0000 |  17.8715 | 17
 37  10  11  16 |   0.0000 |  19.5063 | 19
 37  10  12  15 |   0.0001 |  21.1139 | 21
 37  10  13  14 |   0.0001 |  22.7063 | 22
 37  11   5  21 |   0.0000 |   8.9029 |  8
 37  11   6  20 |   0.0000 |  11.2723 | 11
 37  11   7  19 |   0.0000 |  13.3642 | 13
 37  11   8  18 |   0.0000 |  15.2969 | 15
 37  11   9  17 |   0.0000 |  17.1292 | 17
 37  11  10  16 |   0.0000 |  18.8954 | 18
 37  11  11  15 |   0.0000 |  20.6185 | 20
 37  11  12  14 |   0.0001 |  22.3155 | 22
 37  12   5  20 |   0.0000 |   9.4384 |  9
 37  12   6  19 |   0.0000 |  11.9414 | 11
 37  12   7  18 |   0.0000 |  14.1488 | 14
 37  12   8  17 |   0.0000 |  16.1874 | 16
 37  12   9  16 |   0.0000 |  18.1203 | 18
 37  12  10  15 |   0.0000 |  19.9850 | 19
 37  12  11  14 |   0.0001 |  21.8068 | 21
 37  12  12  13 |   0.0001 |  23.6048 | 23
 37  13   5  19 |   0.0000 |  10.0028 | 10
 37  13   6  18 |   0.0000 |  12.6487 | 12
 37  13   7  17 |   0.0000 |  14.9809 | 14
 37  13   8  16 |   0.0000 |  17.1349 | 17
 37  13   9  15 |   0.0000 |  19.1787 | 19
 37  13  10  14 |   0.0000 |  21.1531 | 21
 37  13  11  13 |   0.0001 |  23.0862 | 23
 37  14   5  18 |   0.0000 |  10.6016 | 10
 37  14   6  17 |   0.0000 |  13.4015 | 13
 37  14   7  16 |   0.0000 |  15.8694 | 15
 37  14   8  15 |   0.0000 |  18.1503 | 18
 37  14   9  14 |   0.0000 |  20.3174 | 20
 37  14  10  13 |   0.0000 |  22.4153 | 22
 37  14  11  12 |   0.0001 |  24.4758 | 24
 37  15   5  17 |   0.0000 |  11.2414 | 11
 37  15   6  16 |   0.0000 |  14.2086 | 14
 37  15   7  15 |   0.0000 |  16.8254 | 16
 37  15   8  14 |   0.0000 |  19.2471 | 19
 37  15   9  13 |   0.0000 |  21.5528 | 21
 37  15  10  12 |   0.0001 |  23.7918 | 23
 37  16   5  16 |   0.0000 |  11.9304 | 11
 37  16   6  15 |   0.0000 |  15.0807 | 15
 37  16   7  14 |   0.0000 |  17.8626 | 17
 37  16   8  13 |   0.0000 |  20.4424 | 20
 37  16   9  12 |   0.0000 |  22.9060 | 22
 37  16  10  11 |   0.0001 |  25.3084 | 25
 37  17   5  15 |   0.0000 |  12.6785 | 12
 37  17   6  14 |   0.0000 |  16.0315 | 16
 37  17   7  13 |   0.0000 |  18.9984 | 18
 37  17   8  12 |   0.0000 |  21.7580 | 21
 37  17   9  11 |   0.0001 |  24.4044 | 24
 37  18   5  14 |   0.0000 |  13.4986 | 13
 37  18   6  13 |   0.0000 |  17.0784 | 17
 37  18   7  12 |   0.0000 |  20.2554 | 20
 37  18   8  11 |   0.0000 |  23.2228 | 23
 37  18   9  10 |   0.0001 |  26.0850 | 26
 37  19   5  13 |   0.0000 |  14.4071 | 14
 37  19   6  12 |   0.0000 |  18.2443 | 18
 37  19   7  11 |   0.0000 |  21.6640 | 21
 37  19   8  10 |   0.0001 |  24.8765 | 24
 37  20   5  12 |   0.0000 |  15.4263 | 15
 37  20   6  11 |   0.0000 |  19.5603 | 19
 37  20   7  10 |   0.0000 |  23.2657 | 23
 37  20   8   9 |   0.0001 |  26.7746 | 26
 37  21   5  11 |   0.0000 |  16.5864 | 16
 37  21   6  10 |   0.0000 |  21.0696 | 21
 37  21   7   9 |   0.0001 |  25.1203 | 25
 37  22   5  10 |   0.0000 |  17.9305 | 17
 37  22   6   9 |   0.0000 |  22.8352 | 22
 37  22   7   8 |   0.0001 |  27.3174 | 27
 37  23   5   9 |   0.0000 |  19.5227 | 19
 37  23   6   8 |   0.0000 |  24.9534 | 24
 37  24   5   8 |   0.0000 |  21.4627 | 21
 37  24   6   7 |   0.0001 |  27.5811 | 27
 37  25   5   7 |   0.0000 |  23.9190 | 23
 37  26   5   6 |   0.0001 |  27.2043 | 27
 38   5   5  28 |   0.0000 |   6.0378 |  6
 38   5   6  27 |   0.0000 |   7.7289 |  7
 38   5   7  26 |   0.0000 |   9.2507 |  9
 38   5   8  25 |   0.0000 |  10.6759 | 10
 38   5   9  24 |   0.0000 |  12.0394 | 12
 38   5  10  23 |   0.0000 |  13.3607 | 13
 38   5  11  22 |   0.0000 |  14.6520 | 14
 38   5  12  21 |   0.0000 |  15.9217 | 15
 38   5  13  20 |   0.0000 |  17.1757 | 17
 38   5  14  19 |   0.0000 |  18.4185 | 18
 38   5  15  18 |   0.0001 |  19.6540 | 19
 38   5  16  17 |   0.0001 |  20.8851 | 20
 38   6   5  27 |   0.0000 |   6.4768 |  6
 38   6   6  26 |   0.0000 |   8.2664 |  8
 38   6   7  25 |   0.0000 |   9.8686 |  9
 38   6   8  24 |   0.0000 |  11.3634 | 11
 38   6   9  23 |   0.0000 |  12.7894 | 12
 38   6  10  22 |   0.0000 |  14.1683 | 14
 38   6  11  21 |   0.0000 |  15.5139 | 15
 38   6  12  20 |   0.0000 |  16.8355 | 16
 38   6  13  19 |   0.0000 |  18.1401 | 18
 38   6  14  18 |   0.0000 |  19.4328 | 19
 38   6  15  17 |   0.0001 |  20.7182 | 20
 38   7   5  26 |   0.0000 |   6.9209 |  6
 38   7   6  25 |   0.0000 |   8.8122 |  8
 38   7   7  24 |   0.0000 |  10.4982 | 10
 38   7   8  23 |   0.0000 |  12.0663 | 12
 38   7   9  22 |   0.0000 |  13.5585 | 13
 38   7  10  21 |   0.0000 |  14.9991 | 14
 38   7  11  20 |   0.0000 |  16.4032 | 16
 38   7  12  19 |   0.0000 |  17.7813 | 17
 38   7  13  18 |   0.0000 |  19.1414 | 19
 38   7  14  17 |   0.0001 |  20.4894 | 20
 38   7  15  16 |   0.0001 |  21.8305 | 21
 38   8   5  25 |   0.0000 |   7.3731 |  7
 38   8   6  24 |   0.0000 |   9.3699 |  9
 38   8   7  23 |   0.0000 |  11.1436 | 11
 38   8   8  22 |   0.0000 |  12.7890 | 12
 38   8   9  21 |   0.0000 |  14.3518 | 14
 38   8  10  20 |   0.0000 |  15.8585 | 15
 38   8  11  19 |   0.0000 |  17.3259 | 17
 38   8  12  18 |   0.0000 |  18.7658 | 18
 38   8  13  17 |   0.0000 |  20.1868 | 20
 38   8  14  16 |   0.0001 |  21.5962 | 21
 38   9   5  24 |   0.0000 |   7.8366 |  7
 38   9   6  23 |   0.0000 |   9.9432 |  9
 38   9   7  22 |   0.0000 |  11.8092 | 11
 38   9   8  21 |   0.0000 |  13.5364 | 13
 38   9   9  20 |   0.0000 |  15.1746 | 15
 38   9  10  19 |   0.0000 |  16.7526 | 16
 38   9  11  18 |   0.0000 |  18.2887 | 18
 38   9  12  17 |   0.0000 |  19.7962 | 19
 38   9  13  16 |   0.0001 |  21.2848 | 21
 38   9  14  15 |   0.0001 |  22.7627 | 22
 38  10   5  23 |   0.0000 |   8.3146 |  8
 38  10   6  22 |   0.0000 |  10.5361 | 10
 38  10   7  21 |   0.0000 |  12.4994 | 12
 38  10   8  20 |   0.0000 |  14.3138 | 14
 38  10   9  19 |   0.0000 |  16.0329 | 16
 38  10  10  18 |   0.0000 |  17.6879 | 17
 38  10  11  17 |   0.0000 |  19.2991 | 19
 38  10  12  16 |   0.0000 |  20.8810 | 20
 38  10  13  15 |   0.0001 |  22.4448 | 22
 38  11   5  22 |   0.0000 |   8.8102 |  8
 38  11   6  21 |   0.0000 |  11.1527 | 11
 38  11   7  20 |   0.0000 |  13.2193 | 13
 38  11   8  19 |   0.0000 |  15.1269 | 15
 38  11   9  18 |   0.0000 |  16.9332 | 16
 38  11  10  17 |   0.0000 |  18.6722 | 18
 38  11  11  16 |   0.0000 |  20.3658 | 20
 38  11  12  15 |   0.0001 |  22.0304 | 22
 38  11  13  14 |   0.0001 |  23.6786 | 23
 38  12   5  21 |   0.0000 |   9.3273 |  9
 38  12   6  20 |   0.0000 |  11.7978 | 11
 38  12   7  19 |   0.0000 |  13.9744 | 13
 38  12   8  18 |   0.0000 |  15.9823 | 15
 38  12   9  17 |   0.0000 |  17.8834 | 17
 38  12  10  16 |   0.0000 |  19.7142 | 19
 38  12  11  15 |   0.0000 |  21.4992 | 21
 38  12  12  14 |   0.0001 |  23.2562 | 23
 38  13   5  20 |   0.0000 |   9.8698 |  9
 38  13   6  19 |   0.0000 |  12.4766 | 12
 38  13   7  18 |   0.0000 |  14.7714 | 14
 38  13   8  17 |   0.0000 |  16.8879 | 16
 38  13   9  16 |   0.0000 |  18.8925 | 18
 38  13  10  15 |   0.0000 |  20.8248 | 20
 38  13  11  14 |   0.0001 |  22.7116 | 22
 38  13  12  13 |   0.0001 |  24.5732 | 24
 38  14   5  19 |   0.0000 |  10.4427 | 10
 38  14   6  18 |   0.0000 |  13.1953 | 13
 38  14   7  17 |   0.0000 |  15.6179 | 15
 38  14   8  16 |   0.0000 |  17.8528 | 17
 38  14   9  15 |   0.0000 |  19.9715 | 19
 38  14  10  14 |   0.0000 |  22.0168 | 22
 38  14  11  13 |   0.0001 |  24.0186 | 24
 38  15   5  18 |   0.0000 |  11.0515 | 11
 38  15   6  17 |   0.0000 |  13.9614 | 13
 38  15   7  16 |   0.0000 |  16.5231 | 16
 38  15   8  15 |   0.0000 |  18.8882 | 18
 38  15   9  14 |   0.0000 |  21.1337 | 21
 38  15  10  13 |   0.0001 |  23.3064 | 23
 38  15  11  12 |   0.0001 |  25.4397 | 25
 38  16   5  17 |   0.0000 |  11.7029 | 11
 38  16   6  16 |   0.0000 |  14.7839 | 14
 38  16   7  15 |   0.0000 |  17.4982 | 17
 38  16   8  14 |   0.0000 |  20.0080 | 20
 38  16   9  13 |   0.0000 |  22.3961 | 22
 38  16  10  12 |   0.0001 |  24.7142 | 24
 38  17   5  16 |   0.0000 |  12.4052 | 12
 38  17   6  15 |   0.0000 |  15.6737 | 15
 38  17   7  14 |   0.0000 |  18.5572 | 18
 38  17   8  13 |   0.0000 |  21.2294 | 21
 38  17   9  12 |   0.0000 |  23.7801 | 23
 38  17  10  11 |   0.0001 |  26.2667 | 26
 38  18   5  15 |   0.0000 |  13.1687 | 13
 38  18   6  14 |   0.0000 |  16.6448 | 16
 38  18   7  13 |   0.0000 |  19.7182 | 19
 38  18   8  12 |   0.0000 |  22.5752 | 22
 38  18   9  11 |   0.0001 |  25.3141 | 25
 38  19   5  14 |   0.0000 |  14.0065 | 14
 38  19   6  13 |   0.0000 |  17.7150 | 17
 38  19   7  12 |   0.0000 |  21.0042 | 21
 38  19   8  11 |   0.0000 |  24.0750 | 24
 38  19   9  10 |   0.0001 |  27.0362 | 27
 38  20   5  13 |   0.0000 |  14.9355 | 14
 38  20   6  12 |   0.0000 |  18.9081 | 18
 38  20   7  11 |   0.0000 |  22.4465 | 22
 38  20   8  10 |   0.0001 |  25.7695 | 25
 38  21   5  12 |   0.0000 |  15.9786 | 15
 38  21   6  11 |   0.0000 |  20.2558 | 20
 38  21   7  10 |   0.0000 |  24.0880 | 24
 38  21   8   9 |   0.0001 |  27.7162 | 27
 38  22   5  11 |   0.0000 |  17.1669 | 17
 38  22   6  10 |   0.0000 |  21.8028 | 21
 38  22   7   9 |   0.0001 |  25.9901 | 25
 38  23   5  10 |   0.0000 |  18.5448 | 18
 38  23   6   9 |   0.0000 |  23.6137 | 23
 38  23   7   8 |   0.0001 |  28.2449 | 28
 38  24   5   9 |   0.0000 |  20.1780 | 20
 38  24   6   8 |   0.0000 |  25.7878 | 25
 38  25   5   8 |   0.0000 |  22.1695 | 22
 38  25   6   7 |   0.0001 |  28.4865 | 28
 38  26   5   7 |   0.0001 |  24.6923 | 24
 38  27   5   6 |   0.0001 |  28.0687 | 28
 39   5   5  29 |   0.0000 |   6.0126 |  6
 39   5   6  28 |   0.0000 |   7.6967 |  7
 39   5   7  27 |   0.0000 |   9.2120 |  9
 39   5   8  26 |   0.0000 |  10.6310 | 10
 39   5   9  25 |   0.0000 |  11.9883 | 11
 39   5  10  24 |   0.0000 |  13.3032 | 13
 39   5  11  23 |   0.0000 |  14.5880 | 14
 39   5  12  22 |   0.0000 |  15.8508 | 15
 39   5  13  21 |   0.0000 |  17.0974 | 17
 39   5  14  20 |   0.0000 |  18.3324 | 18
 39   5  15  19 |   0.0000 |  19.5592 | 19
 39   5  16  18 |   0.0001 |  20.7809 | 20
 39   6   5  28 |   0.0000 |   6.4450 |  6
 39   6   6  27 |   0.0000 |   8.2258 |  8
 39   6   7  26 |   0.0000 |   9.8198 |  9
 39   6   8  25 |   0.0000 |  11.3067 | 11
 39   6   9  24 |   0.0000 |  12.7247 | 12
 39   6  10  23 |   0.0000 |  14.0955 | 14
 39   6  11  22 |   0.0000 |  15.4326 | 15
 39   6  12  21 |   0.0000 |  16.7454 | 16
 39   6  13  20 |   0.0000 |  18.0404 | 18
 39   6  14  19 |   0.0000 |  19.3229 | 19
 39   6  15  18 |   0.0001 |  20.5970 | 20
 39   6  16  17 |   0.0001 |  21.8662 | 21
 39   7   5  27 |   0.0000 |   6.8814 |  6
 39   7   6  26 |   0.0000 |   8.7617 |  8
 39   7   7  25 |   0.0000 |  10.4375 | 10
 39   7   8  24 |   0.0000 |  11.9956 | 11
 39   7   9  23 |   0.0000 |  13.4779 | 13
 39   7  10  22 |   0.0000 |  14.9082 | 14
 39   7  11  21 |   0.0000 |  16.3016 | 16
 39   7  12  20 |   0.0000 |  17.6685 | 17
 39   7  13  19 |   0.0000 |  19.0163 | 19
 39   7  14  18 |   0.0000 |  20.3510 | 20
 39   7  15  17 |   0.0001 |  21.6775 | 21
 39   8   5  26 |   0.0000 |   7.3248 |  7
 39   8   6  25 |   0.0000 |   9.3079 |  9
 39   8   7  24 |   0.0000 |  11.0690 | 11
 39   8   8  23 |   0.0000 |  12.7021 | 12
 39   8   9  22 |   0.0000 |  14.2525 | 14
 39   8  10  21 |   0.0000 |  15.7464 | 15
 39   8  11  20 |   0.0000 |  17.2004 | 17
 39   8  12  19 |   0.0000 |  18.6260 | 18
 39   8  13  18 |   0.0000 |  20.0316 | 20
 39   8  14  17 |   0.0001 |  21.4240 | 21
 39   8  15  16 |   0.0001 |  22.8088 | 22
 39   9   5  25 |   0.0000 |   7.7780 |  7
 39   9   6  24 |   0.0000 |   9.8679 |  9
 39   9   7  23 |   0.0000 |  11.7184 | 11
 39   9   8  22 |   0.0000 |  13.4305 | 13
 39   9   9  21 |   0.0000 |  15.0534 | 15
 39   9  10  20 |   0.0000 |  16.6155 | 16
 39   9  11  19 |   0.0000 |  18.1349 | 18
 39   9  12  18 |   0.0000 |  19.6244 | 19
 39   9  13  17 |   0.0000 |  21.0935 | 21
 39   9  14  16 |   0.0001 |  22.5498 | 22
 39  10   5  24 |   0.0000 |   8.2439 |  8
 39  10   6  23 |   0.0000 |  10.4452 | 10
 39  10   7  22 |   0.0000 |  12.3897 | 12
 39  10   8  21 |   0.0000 |  14.1855 | 14
 39  10   9  20 |   0.0000 |  15.8859 | 15
 39  10  10  19 |   0.0000 |  17.5213 | 17
 39  10  11  18 |   0.0000 |  19.1118 | 19
 39  10  12  17 |   0.0000 |  20.6713 | 20
 39  10  13  16 |   0.0001 |  22.2104 | 22
 39  10  14  15 |   0.0001 |  23.7381 | 23
 39  11   5  23 |   0.0000 |   8.7255 |  8
 39  11   6  22 |   0.0000 |  11.0436 | 11
 39  11   7  21 |   0.0000 |  13.0873 | 13
 39  11   8  20 |   0.0000 |  14.9724 | 14
 39  11   9  19 |   0.0000 |  16.7558 | 16
 39  11  10  18 |   0.0000 |  18.4706 | 18
 39  11  11  17 |   0.0000 |  20.1386 | 20
 39  11  12  16 |   0.0000 |  21.7751 | 21
 39  11  13  15 |   0.0001 |  23.3922 | 23
 39  12   5  22 |   0.0000 |   9.2261 |  9
 39  12   6  21 |   0.0000 |  11.6673 | 11
 39  12   7  20 |   0.0000 |  13.8164 | 13
 39  12   8  19 |   0.0000 |  15.7969 | 15
 39  12   9  18 |   0.0000 |  17.6699 | 17
 39  12  10  17 |   0.0000 |  19.4711 | 19
 39  12  11  16 |   0.0000 |  21.2241 | 21
 39  12  12  15 |   0.0001 |  22.9461 | 22
 39  12  13  14 |   0.0001 |  24.6506 | 24
 39  13   5  21 |   0.0000 |   9.7493 |  9
 39  13   6  20 |   0.0000 |  12.3209 | 12
 39  13   7  19 |   0.0000 |  14.5825 | 14
 39  13   8  18 |   0.0000 |  16.6658 | 16
 39  13   9  17 |   0.0000 |  18.6360 | 18
 39  13  10  16 |   0.0000 |  20.5319 | 20
 39  13  11  15 |   0.0000 |  22.3790 | 22
 39  13  12  14 |   0.0001 |  24.1965 | 24
 39  14   5  20 |   0.0000 |  10.2994 | 10
 39  14   6  19 |   0.0000 |  13.0098 | 13
 39  14   7  18 |   0.0000 |  15.3923 | 15
 39  14   8  17 |   0.0000 |  17.5868 | 17
 39  14   9  16 |   0.0000 |  19.6634 | 19
 39  14  10  15 |   0.0000 |  21.6637 | 21
 39  14  11  14 |   0.0001 |  23.6159 | 23
 39  14  12  13 |   0.0001 |  25.5415 | 25
 39  15   5  19 |   0.0000 |  10.8810 | 10
 39  15   6  18 |   0.0000 |  13.7403 | 13
 39  15   7  17 |   0.0000 |  16.2535 | 16
 39  15   8  16 |   0.0000 |  18.5695 | 18
 39  15   9  15 |   0.0000 |  20.7633 | 20
 39  15  10  14 |   0.0000 |  22.8799 | 22
 39  15  11  13 |   0.0001 |  24.9507 | 24
 39  16   5  18 |   0.0000 |  11.5000 | 11
 39  16   6  17 |   0.0000 |  14.5201 | 14
 39  16   7  16 |   0.0000 |  17.1755 | 17
 39  16   8  15 |   0.0000 |  19.6252 | 19
 39  16   9  14 |   0.0000 |  21.9493 | 21
 39  16  10  13 |   0.0001 |  24.1971 | 24
 39  16  11  12 |   0.0001 |  26.4034 | 26
 39  17   5  17 |   0.0000 |  12.1632 | 12
 39  17   6  16 |   0.0000 |  15.3581 | 15
 39  17   7  15 |   0.0000 |  18.1699 | 18
 39  17   8  14 |   0.0000 |  20.7680 | 20
 39  17   9  13 |   0.0000 |  23.2388 | 23
 39  17  10  12 |   0.0001 |  25.6363 | 25
 39  18   5  16 |   0.0000 |  12.8791 | 12
 39  18   6  15 |   0.0000 |  16.2657 | 16
 39  18   7  14 |   0.0000 |  19.2511 | 19
 39  18   8  13 |   0.0000 |  22.0159 | 22
 39  18   9  12 |   0.0001 |  24.6539 | 24
 39  18  10  11 |   0.0001 |  27.2250 | 27
 39  19   5  15 |   0.0000 |  13.6581 | 13
 39  19   6  14 |   0.0000 |  17.2573 | 17
 39  19   7  13 |   0.0000 |  20.4374 | 20
 39  19   8  12 |   0.0000 |  23.3921 | 23
 39  19   9  11 |   0.0001 |  26.2237 | 26
 39  20   5  14 |   0.0000 |  14.5138 | 14
 39  20   6  13 |   0.0000 |  18.3511 | 18
 39  20   7  12 |   0.0000 |  21.7526 | 21
 39  20   8  11 |   0.0000 |  24.9270 | 24
 39  20   9  10 |   0.0001 |  27.9873 | 27
 39  21   5  13 |   0.0000 |  15.4635 | 15
 39  21   6  12 |   0.0000 |  19.5714 | 19
 39  21   7  11 |   0.0000 |  23.2288 | 23
 39  21   8  10 |   0.0001 |  26.6625 | 26
 39  22   5  12 |   0.0000 |  16.5306 | 16
 39  22   6  11 |   0.0000 |  20.9510 | 20
 39  22   7  10 |   0.0000 |  24.9102 | 24
 39  22   8   9 |   0.0001 |  28.6576 | 28
 39  23   5  11 |   0.0000 |  17.7472 | 17
 39  23   6  10 |   0.0000 |  22.5357 | 22
 39  23   7   9 |   0.0001 |  26.8598 | 26
 39  24   5  10 |   0.0000 |  19.1589 | 19
 39  24   6   9 |   0.0000 |  24.3921 | 24
 39  24   7   8 |   0.0001 |  29.1725 | 29
 39  25   5   9 |   0.0000 |  20.8332 | 20
 39  25   6   8 |   0.0001 |  26.6221 | 26
 39  26   5   8 |   0.0000 |  22.8761 | 22
 39  26   6   7 |   0.0001 |  29.3919 | 29
 39  27   5   7 |   0.0001 |  25.4656 | 25
 39  28   5   6 |   0.0001 |  28.9330 | 28
 40   5   5  30 |   0.0000 |   5.9891 |  5
 40   5   6  29 |   0.0000 |   7.6667 |  7
 40   5   7  28 |   0.0000 |   9.1760 |  9
 40   5   8  27 |   0.0000 |  10.5893 | 10
 40   5   9  26 |   0.0000 |  11.9409 | 11
 40   5  10  25 |   0.0000 |  13.2500 | 13
 40   5  11  24 |   0.0000 |  14.5289 | 14
 40   5  12  23 |   0.0000 |  15.7854 | 15
 40   5  13  22 |   0.0000 |  17.0255 | 17
 40   5  14  21 |   0.0000 |  18.2533 | 18
 40   5  15  20 |   0.0000 |  19.4725 | 19
 40   5  16  19 |   0.0001 |  20.6858 | 20
 40   5  17  18 |   0.0001 |  21.8956 | 21
 40   6   5  29 |   0.0000 |   6.4155 |  6
 40   6   6  28 |   0.0000 |   8.1880 |  8
 40   6   7  27 |   0.0000 |   9.7744 |  9
 40   6   8  26 |   0.0000 |  11.2540 | 11
 40   6   9  25 |   0.0000 |  12.6648 | 12
 40   6  10  24 |   0.0000 |  14.0283 | 14
 40   6  11  23 |   0.0000 |  15.3578 | 15
 40   6  12  22 |   0.0000 |  16.6625 | 16
 40   6  13  21 |   0.0000 |  17.9490 | 17
 40   6  14  20 |   0.0000 |  19.2223 | 19
 40   6  15  19 |   0.0001 |  20.4864 | 20
 40   6  16  18 |   0.0001 |  21.7446 | 21
 40   7   5  28 |   0.0000 |   6.8449 |  6
 40   7   6  27 |   0.0000 |   8.7148 |  8
 40   7   7  26 |   0.0000 |  10.3812 | 10
 40   7   8  25 |   0.0000 |  11.9303 | 11
 40   7   9  24 |   0.0000 |  13.4035 | 13
 40   7  10  23 |   0.0000 |  14.8245 | 14
 40   7  11  22 |   0.0000 |  16.2083 | 16
 40   7  12  21 |   0.0000 |  17.5650 | 17
 40   7  13  20 |   0.0000 |  18.9020 | 18
 40   7  14  19 |   0.0000 |  20.2250 | 20
 40   7  15  18 |   0.0001 |  21.5386 | 21
 40   7  16  17 |   0.0001 |  22.8468 | 22
 40   8   5  27 |   0.0000 |   7.2801 |  7
 40   8   6  26 |   0.0000 |   9.2506 |  9
 40   8   7  25 |   0.0000 |  11.0002 | 11
 40   8   8  24 |   0.0000 |  12.6219 | 12
 40   8   9  23 |   0.0000 |  14.1611 | 14
 40   8  10  22 |   0.0000 |  15.6435 | 15
 40   8  11  21 |   0.0000 |  17.0855 | 17
 40   8  12  20 |   0.0000 |  18.4982 | 18
 40   8  13  19 |   0.0000 |  19.8902 | 19
 40   8  14  18 |   0.0001 |  21.2676 | 21
 40   8  15  17 |   0.0001 |  22.6360 | 22
 40   9   5  26 |   0.0000 |   7.7238 |  7
 40   9   6  25 |   0.0000 |   9.7985 |  9
 40   9   7  24 |   0.0000 |  11.6348 | 11
 40   9   8  23 |   0.0000 |  13.3331 | 13
 40   9   9  22 |   0.0000 |  14.9422 | 14
 40   9  10  21 |   0.0000 |  16.4901 | 16
 40   9  11  20 |   0.0000 |  17.9946 | 17
 40   9  12  19 |   0.0000 |  19.4681 | 19
 40   9  13  18 |   0.0000 |  20.9200 | 20
 40   9  14  17 |   0.0001 |  22.3575 | 22
 40   9  15  16 |   0.0001 |  23.7867 | 23
 40  10   5  25 |   0.0000 |   8.1788 |  8
 40  10   6  24 |   0.0000 |  10.3616 | 10
 40  10   7  23 |   0.0000 |  12.2890 | 12
 40  10   8  22 |   0.0000 |  14.0681 | 14
 40  10   9  21 |   0.0000 |  15.7515 | 15
 40  10  10  20 |   0.0000 |  17.3695 | 17
 40  10  11  19 |   0.0000 |  18.9415 | 18
 40  10  12  18 |   0.0000 |  20.4812 | 20
 40  10  13  17 |   0.0000 |  21.9989 | 21
 40  10  14  16 |   0.0001 |  23.5028 | 23
 40  11   5  24 |   0.0000 |   8.6477 |  8
 40  11   6  23 |   0.0000 |  10.9436 | 10
 40  11   7  22 |   0.0000 |  12.9667 | 12
 40  11   8  21 |   0.0000 |  14.8315 | 14
 40  11   9  20 |   0.0000 |  16.5943 | 16
 40  11  10  19 |   0.0000 |  18.2877 | 18
 40  11  11  18 |   0.0000 |  19.9330 | 19
 40  11  12  17 |   0.0000 |  21.5450 | 21
 40  11  13  16 |   0.0001 |  23.1352 | 23
 40  11  14  15 |   0.0001 |  24.7131 | 24
 40  12   5  23 |   0.0000 |   9.1335 |  9
 40  12   6  22 |   0.0000 |  11.5482 | 11
 40  12   7  21 |   0.0000 |  13.6724 | 13
 40  12   8  20 |   0.0000 |  15.6285 | 15
 40  12   9  19 |   0.0000 |  17.4764 | 17
 40  12  10  18 |   0.0000 |  19.2515 | 19
 40  12  11  17 |   0.0000 |  20.9766 | 20
 40  12  12  16 |   0.0000 |  22.6682 | 22
 40  12  13  15 |   0.0001 |  24.3390 | 24
 40  13   5  22 |   0.0000 |   9.6395 |  9
 40  13   6  21 |   0.0000 |  12.1793 | 12
 40  13   7  20 |   0.0000 |  14.4111 | 14
 40  13   8  19 |   0.0000 |  16.4649 | 16
 40  13   9  18 |   0.0000 |  18.4048 | 18
 40  13  10  17 |   0.0000 |  20.2686 | 20
 40  13  11  16 |   0.0000 |  22.0814 | 22
 40  13  12  15 |   0.0001 |  23.8611 | 23
 40  13  13  14 |   0.0001 |  25.6224 | 25
 40  14   5  21 |   0.0000 |  10.1694 | 10
 40  14   6  20 |   0.0000 |  12.8419 | 12
 40  14   7  19 |   0.0000 |  15.1886 | 15
 40  14   8  18 |   0.0000 |  17.3475 | 17
 40  14   9  17 |   0.0000 |  19.3872 | 19
 40  14  10  16 |   0.0000 |  21.3483 | 21
 40  14  11  15 |   0.0000 |  23.2580 | 23
 40  14  12  14 |   0.0001 |  25.1364 | 25
 40  15   5  20 |   0.0000 |  10.7272 | 10
 40  15   6  19 |   0.0000 |  13.5413 | 13
 40  15   7  18 |   0.0000 |  16.0115 | 16
 40  15   8  17 |   0.0000 |  18.2844 | 18
 40  15   9  16 |   0.0000 |  20.4332 | 20
 40  15  10  15 |   0.0000 |  22.5017 | 22
 40  15  11  14 |   0.0001 |  24.5197 | 24
 40  15  12  13 |   0.0001 |  26.5096 | 26
 40  16   5  19 |   0.0000 |  11.3180 | 11
 40  16   6  18 |   0.0000 |  14.2840 | 14
 40  16   7  17 |   0.0000 |  16.8878 | 16
 40  16   8  16 |   0.0000 |  19.2851 | 19
 40  16   9  15 |   0.0000 |  21.5542 | 21
 40  16  10  14 |   0.0000 |  23.7424 | 23
 40  16  11  13 |   0.0001 |  25.8825 | 25
 40  17   5  18 |   0.0000 |  11.9474 | 11
 40  17   6  17 |   0.0000 |  15.0775 | 15
 40  17   7  16 |   0.0000 |  17.8270 | 17
 40  17   8  15 |   0.0000 |  20.3612 | 20
 40  17   9  14 |   0.0000 |  22.7642 | 22
 40  17  10  13 |   0.0001 |  25.0874 | 25
 40  17  11  12 |   0.0001 |  27.3671 | 27
 40  18   5  17 |   0.0000 |  12.6226 | 12
 40  18   6  16 |   0.0000 |  15.9313 | 15
 40  18   7  15 |   0.0000 |  18.8409 | 18
 40  18   8  14 |   0.0000 |  21.5274 | 21
 40  18   9  13 |   0.0000 |  24.0811 | 24
 40  18  10  12 |   0.0001 |  26.5582 | 26
 40  19   5  16 |   0.0000 |  13.3522 | 13
 40  19   6  15 |   0.0000 |  16.8570 | 16
 40  19   7  14 |   0.0000 |  19.9443 | 19
 40  19   8  13 |   0.0000 |  22.8019 | 22
 40  19   9  12 |   0.0001 |  25.5274 | 25
 40  19  10  11 |   0.0001 |  28.1831 | 28
 40  20   5  15 |   0.0000 |  14.1469 | 14
 40  20   6  14 |   0.0000 |  17.8692 | 17
 40  20   7  13 |   0.0000 |  21.1560 | 21
 40  20   8  12 |   0.0000 |  24.2086 | 24
 40  20   9  11 |   0.0001 |  27.1330 | 27
 40  21   5  14 |   0.0000 |  15.0205 | 15
 40  21   6  13 |   0.0000 |  18.9867 | 18
 40  21   7  12 |   0.0000 |  22.5006 | 22
 40  21   8  11 |   0.0000 |  25.7787 | 25
 40  21   9  10 |   0.0001 |  28.9384 | 28
 40  22   5  13 |   0.0000 |  15.9910 | 15
 40  22   6  12 |   0.0000 |  20.2344 | 20
 40  22   7  11 |   0.0000 |  24.0108 | 24
 40  22   8  10 |   0.0001 |  27.5553 | 27
 40  23   5  12 |   0.0000 |  17.0822 | 17
 40  23   6  11 |   0.0000 |  21.6460 | 21
 40  23   7  10 |   0.0000 |  25.7321 | 25
 40  23   8   9 |   0.0001 |  29.5990 | 29
 40  24   5  11 |   0.0000 |  18.3272 | 18
 40  24   6  10 |   0.0000 |  23.2685 | 23
 40  24   7   9 |   0.0001 |  27.7293 | 27
 40  25   5  10 |   0.0000 |  19.7728 | 19
 40  25   6   9 |   0.0000 |  25.1704 | 25
 40  25   7   8 |   0.0001 |  30.0999 | 30
 40  26   5   9 |   0.0000 |  21.4883 | 21
 40  26   6   8 |   0.0001 |  27.4563 | 27
 40  27   5   8 |   0.0000 |  23.5827 | 23
 40  27   6   7 |   0.0001 |  30.2972 | 30
 40  28   5   7 |   0.0001 |  26.2388 | 26
 40  29   5   6 |   0.0001 |  29.7974 | 29

G(16)=9 (oracle 9)  G(20)=205 (oracle 205)  G(30)=4538  G(40)=23456
