16 5 5 6 9
17 5 5 7 8
17 6 5 6 9
18 5 5 8 7
18 5 6 7 10
18 6 5 7 9
18 7 5 6 10
19 5 5 9 7
19 5 6 8 9
19 6 5 8 8
19 6 6 7 11
19 7 5 7 9
19 8 5 6 11
20 5 5 10 7
20 5 6 9 9
20 5 7 8 11
20 6 5 9 8
20 6 6 8 10
20 7 5 8 9
20 7 6 7 12
20 8 5 7 10
20 9 5 6 12
21 5 5 11 7
21 5 6 10 9
21 5 7 9 11
21 6 5 10 8
21 6 6 9 10
21 6 7 8 12
21 7 5 9 8
21 7 6 8 11
21 8 5 8 10
21 8 6 7 13
21 9 5 7 11
21 10 5 6 13
22 5 5 12 7
22 5 6 11 9
22 5 7 10 10
22 5 8 9 12
22 6 5 11 7
22 6 6 10 10
22 6 7 9 12
22 7 5 10 8
22 7 6 9 11
22 7 7 8 13
22 8 5 9 9
22 8 6 8 12
22 9 5 8 10
22 9 6 7 13
22 10 5 7 12
22 11 5 6 14
23 5 5 13 6
23 5 6 12 8
23 5 7 11 10
23 5 8 10 12
23 6 5 12 7
23 6 6 11 9
23 6 7 10 11
23 6 8 9 13
23 7 5 11 8
23 7 6 10 10
23 7 7 9 12
23 8 5 10 9
23 8 6 9 11
23 8 7 8 14
23 9 5 9 10
23 9 6 8 13
23 10 5 8 11
23 10 6 7 14
23 11 5 7 13
23 12 5 6 15
24 5 5 14 6
24 5 6 13 8
24 5 7 12 10
24 5 8 11 12
24 5 9 10 13
24 6 5 13 7
24 6 6 12 9
24 6 7 11 11
24 6 8 10 13
24 7 5 12 8
24 7 6 11 10
24 7 7 10 12
24 7 8 9 14
24 8 5 11 8
24 8 6 10 11
24 8 7 9 13
24 9 5 10 9
24 9 6 9 12
24 9 7 8 15
24 10 5 9 10
24 10 6 8 14
24 11 5 8 12
24 11 6 7 15
24 12 5 7 13
24 13 5 6 15
25 5 5 15 6
25 5 6 14 8
25 5 7 13 10
25 5 8 12 11
25 5 9 11 13
25 6 5 14 7
25 6 6 13 9
25 6 7 12 11
25 6 8 11 12
25 6 9 10 14
25 7 5 13 7
25 7 6 12 10
25 7 7 11 12
25 7 8 10 14
25 8 5 12 8
25 8 6 11 11
25 8 7 10 13
25 8 8 9 15
25 9 5 11 9
25 9 6 10 12
25 9 7 9 14
25 10 5 10 10
25 10 6 9 13
25 10 7 8 16
25 11 5 9 11
25 11 6 8 14
25 12 5 8 12
25 12 6 7 16
25 13 5 7 14
25 14 5 6 16
26 5 5 16 6
26 5 6 15 8
26 5 7 14 10
26 5 8 13 11
26 5 9 12 13
26 5 10 11 14
26 6 5 15 7
26 6 6 14 9
26 6 7 13 11
26 6 8 12 12
26 6 9 11 14
26 7 5 14 7
26 7 6 13 10
26 7 7 12 11
26 7 8 11 13
26 7 9 10 15
26 8 5 13 8
26 8 6 12 10
26 8 7 11 13
26 8 8 10 15
26 9 5 12 9
26 9 6 11 11
26 9 7 10 14
26 9 8 9 16
26 10 5 11 10
26 10 6 10 12
26 10 7 9 15
26 11 5 10 11
26 11 6 9 14
26 11 7 8 17
26 12 5 9 12
26 12 6 8 15
26 13 5 8 13
26 13 6 7 17
26 14 5 7 15
26 15 5 6 17
27 5 5 17 6
27 5 6 16 8
27 5 7 15 10
27 5 8 14 11
27 5 9 13 13
27 5 10 12 14
27 6 5 16 7
27 6 6 15 9
27 6 7 14 10
27 6 8 13 12
27 6 9 12 14
27 6 10 11 15
27 7 5 15 7
27 7 6 14 9
27 7 7 13 11
27 7 8 12 13
27 7 9 11 15
27 8 5 14 8
27 8 6 13 10
27 8 7 12 12
27 8 8 11 14
27 8 9 10 16
27 9 5 13 9
27 9 6 12 11
27 9 7 11 13
27 9 8 10 15
27 10 5 12 9
27 10 6 11 12
27 10 7 10 15
27 10 8 9 17
27 11 5 11 10
27 11 6 10 13
27 11 7 9 16
27 12 5 10 11
27 12 6 9 15
27 12 7 8 18
27 13 5 9 12
27 13 6 8 16
27 14 5 8 14
27 14 6 7 18
27 15 5 7 16
27 16 5 6 18
28 5 5 18 6
28 5 6 17 8
28 5 7 16 9
28 5 8 15 11
28 5 9 14 12
28 5 10 13 14
28 5 11 12 15
28 6 5 17 7
28 6 6 16 8
28 6 7 15 10
28 6 8 14 12
28 6 9 13 13
28 6 10 12 15
28 7 5 16 7
28 7 6 15 9
28 7 7 14 11
28 7 8 13 13
28 7 9 12 15
28 7 10 11 16
28 8 5 15 8
28 8 6 14 10
28 8 7 13 12
28 8 8 12 14
28 8 9 11 16
28 9 5 14 8
28 9 6 13 11
28 9 7 12 13
28 9 8 11 15
28 9 9 10 17
28 10 5 13 9
28 10 6 12 12
28 10 7 11 14
28 10 8 10 16
28 11 5 12 10
28 11 6 11 13
28 11 7 10 15
28 11 8 9 18
28 12 5 11 11
28 12 6 10 14
28 12 7 9 17
28 13 5 10 12
28 13 6 9 15
28 13 7 8 18
28 14 5 9 13
28 14 6 8 17
28 15 5 8 15
28 15 6 7 19
28 16 5 7 16
28 17 5 6 19
29 5 5 19 6
29 5 6 18 8
29 5 7 17 9
29 5 8 16 11
29 5 9 15 12
29 5 10 14 14
29 5 11 13 15
29 6 5 18 6
29 6 6 17 8
29 6 7 16 10
29 6 8 15 12
29 6 9 14 13
29 6 10 13 15
29 6 11 12 16
29 7 5 17 7
29 7 6 16 9
29 7 7 15 11
29 7 8 14 13
29 7 9 13 14
29 7 10 12 16
29 8 5 16 8
29 8 6 15 10
29 8 7 14 12
29 8 8 13 14
29 8 9 12 15
29 8 10 11 17
29 9 5 15 8
29 9 6 14 11
29 9 7 13 13
29 9 8 12 15
29 9 9 11 17
29 10 5 14 9
29 10 6 13 11
29 10 7 12 14
29 10 8 11 16
29 10 9 10 18
29 11 5 13 10
29 11 6 12 12
29 11 7 11 15
29 11 8 10 17
29 12 5 12 10
29 12 6 11 13
29 12 7 10 16
29 12 8 9 19
29 13 5 11 11
29 13 6 10 15
29 13 7 9 18
29 14 5 10 13
29 14 6 9 16
29 14 7 8 19
29 15 5 9 14
29 15 6 8 18
29 16 5 8 15
29 16 6 7 20
29 17 5 7 17
29 18 5 6 20
30 5 5 20 6
30 5 6 19 8
30 5 7 18 9
30 5 8 17 11
30 5 9 16 12
30 5 10 15 14
30 5 11 14 15
30 5 12 13 16
30 6 5 19 6
30 6 6 18 8
30 6 7 17 10
30 6 8 16 12
30 6 9 15 13
30 6 10 14 15
30 6 11 13 16
30 7 5 18 7
30 7 6 17 9
30 7 7 16 11
30 7 8 15 12
30 7 9 14 14
30 7 10 13 16
30 7 11 12 17
30 8 5 17 7
30 8 6 16 10
30 8 7 15 12
30 8 8 14 13
30 8 9 13 15
30 8 10 12 17
30 9 5 16 8
30 9 6 15 10
30 9 7 14 12
30 9 8 13 14
30 9 9 12 16
30 9 10 11 18
30 10 5 15 9
30 10 6 14 11
30 10 7 13 13
30 10 8 12 16
30 10 9 11 18
30 11 5 14 9
30 11 6 13 12
30 11 7 12 14
30 11 8 11 17
30 11 9 10 19
30 12 5 13 10
30 12 6 12 13
30 12 7 11 16
30 12 8 10 18
30 13 5 12 11
30 13 6 11 14
30 13 7 10 17
30 13 8 9 20
30 14 5 11 12
30 14 6 10 15
30 14 7 9 19
30 15 5 10 13
30 15 6 9 17
30 15 7 8 20
30 16 5 9 14
30 16 6 8 19
30 17 5 8 16
30 17 6 7 21
30 18 5 7 18
30 19 5 6 21
31 5 5 21 6
31 5 6 20 8
31 5 7 19 9
31 5 8 18 11
31 5 9 17 12
31 5 10 16 13
31 5 11 15 15
31 5 12 14 16
31 6 5 20 6
31 6 6 19 8
31 6 7 18 10
31 6 8 17 11
31 6 9 16 13
31 6 10 15 14
31 6 11 14 16
31 6 12 13 17
31 7 5 19 7
31 7 6 18 9
31 7 7 17 11
31 7 8 16 12
31 7 9 15 14
31 7 10 14 15
31 7 11 13 17
31 8 5 18 7
31 8 6 17 10
31 8 7 16 11
31 8 8 15 13
31 8 9 14 15
31 8 10 13 17
31 8 11 12 18
31 9 5 17 8
31 9 6 16 10
31 9 7 15 12
31 9 8 14 14
31 9 9 13 16
31 9 10 12 18
31 10 5 16 9
31 10 6 15 11
31 10 7 14 13
31 10 8 13 15
31 10 9 12 17
31 10 10 11 19
31 11 5 15 9
31 11 6 14 12
31 11 7 13 14
31 11 8 12 16
31 11 9 11 18
31 12 5 14 10
31 12 6 13 13
31 12 7 12 15
31 12 8 11 18
31 12 9 10 20
31 13 5 13 11
31 13 6 12 14
31 13 7 11 16
31 13 8 10 19
31 14 5 12 12
31 14 6 11 15
31 14 7 10 18
31 14 8 9 21
31 15 5 11 13
31 15 6 10 16
31 15 7 9 19
31 16 5 10 14
31 16 6 9 18
31 16 7 8 21
31 17 5 9 15
31 17 6 8 19
31 18 5 8 17
31 18 6 7 22
31 19 5 7 19
31 20 5 6 22
32 5 5 22 6
32 5 6 21 7
32 5 7 20 9
32 5 8 19 11
32 5 9 18 12
32 5 10 17 13
32 5 11 16 15
32 5 12 15 16
32 5 13 14 17
32 6 5 21 6
32 6 6 20 8
32 6 7 19 10
32 6 8 18 11
32 6 9 17 13
32 6 10 16 14
32 6 11 15 16
32 6 12 14 17
32 7 5 20 7
32 7 6 19 9
32 7 7 18 10
32 7 8 17 12
32 7 9 16 14
32 7 10 15 15
32 7 11 14 17
32 7 12 13 18
32 8 5 19 7
32 8 6 18 9
32 8 7 17 11
32 8 8 16 13
32 8 9 15 15
32 8 10 14 16
32 8 11 13 18
32 9 5 18 8
32 9 6 17 10
32 9 7 16 12
32 9 8 15 14
32 9 9 14 16
32 9 10 13 17
32 9 11 12 19
32 10 5 17 8
32 10 6 16 11
32 10 7 15 13
32 10 8 14 15
32 10 9 13 17
32 10 10 12 19
32 11 5 16 9
32 11 6 15 12
32 11 7 14 14
32 11 8 13 16
32 11 9 12 18
32 11 10 11 20
32 12 5 15 10
32 12 6 14 12
32 12 7 13 15
32 12 8 12 17
32 12 9 11 19
32 13 5 14 10
32 13 6 13 13
32 13 7 12 16
32 13 8 11 18
32 13 9 10 21
32 14 5 13 11
32 14 6 12 14
32 14 7 11 17
32 14 8 10 20
32 15 5 12 12
32 15 6 11 16
32 15 7 10 19
32 15 8 9 22
32 16 5 11 13
32 16 6 10 17
32 16 7 9 20
32 17 5 10 14
32 17 6 9 18
32 17 7 8 22
32 18 5 9 16
32 18 6 8 20
32 19 5 8 17
32 19 6 7 23
32 20 5 7 20
32 21 5 6 22
33 5 5 23 6
33 5 6 22 7
33 5 7 21 9
33 5 8 20 10
33 5 9 19 12
33 5 10 18 13
33 5 11 17 15
33 5 12 16 16
33 5 13 15 17
33 6 5 22 6
33 6 6 21 8
33 6 7 20 10
33 6 8 19 11
33 6 9 18 13
33 6 10 17 14
33 6 11 16 16
33 6 12 15 17
33 6 13 14 18
33 7 5 21 7
33 7 6 20 9
33 7 7 19 10
33 7 8 18 12
33 7 9 17 14
33 7 10 16 15
33 7 11 15 17
33 7 12 14 18
33 8 5 20 7
33 8 6 19 9
33 8 7 18 11
33 8 8 17 13
33 8 9 16 15
33 8 10 15 16
33 8 11 14 18
33 8 12 13 19
33 9 5 19 8
33 9 6 18 10
33 9 7 17 12
33 9 8 16 14
33 9 9 15 15
33 9 10 14 17
33 9 11 13 19
33 10 5 18 8
33 10 6 17 11
33 10 7 16 13
33 10 8 15 15
33 10 9 14 17
33 10 10 13 18
33 10 11 12 20
33 11 5 17 9
33 11 6 16 11
33 11 7 15 14
33 11 8 14 16
33 11 9 13 18
33 11 10 12 20
33 12 5 16 10
33 12 6 15 12
33 12 7 14 15
33 12 8 13 17
33 12 9 12 19
33 12 10 11 21
33 13 5 15 10
33 13 6 14 13
33 13 7 13 16
33 13 8 12 18
33 13 9 11 20
33 14 5 14 11
33 14 6 13 14
33 14 7 12 17
33 14 8 11 19
33 14 9 10 22
33 15 5 13 12
33 15 6 12 15
33 15 7 11 18
33 15 8 10 21
33 16 5 12 13
33 16 6 11 16
33 16 7 10 19
33 16 8 9 23
33 17 5 11 14
33 17 6 10 18
33 17 7 9 21
33 18 5 10 15
33 18 6 9 19
33 18 7 8 23
33 19 5 9 16
33 19 6 8 21
33 20 5 8 18
33 20 6 7 23
33 21 5 7 20
33 22 5 6 23
34 5 5 24 6
34 5 6 23 7
34 5 7 22 9
34 5 8 21 10
34 5 9 20 12
34 5 10 19 13
34 5 11 18 14
34 5 12 17 16
34 5 13 16 17
34 5 14 15 18
34 6 5 23 6
34 6 6 22 8
34 6 7 21 10
34 6 8 20 11
34 6 9 19 13
34 6 10 18 14
34 6 11 17 15
34 6 12 16 17
34 6 13 15 18
34 7 5 22 7
34 7 6 21 9
34 7 7 20 10
34 7 8 19 12
34 7 9 18 13
34 7 10 17 15
34 7 11 16 16
34 7 12 15 18
34 7 13 14 19
34 8 5 21 7
34 8 6 20 9
34 8 7 19 11
34 8 8 18 13
34 8 9 17 14
34 8 10 16 16
34 8 11 15 17
34 8 12 14 19
34 9 5 20 8
34 9 6 19 10
34 9 7 18 12
34 9 8 17 14
34 9 9 16 15
34 9 10 15 17
34 9 11 14 19
34 9 12 13 20
34 10 5 19 8
34 10 6 18 10
34 10 7 17 13
34 10 8 16 14
34 10 9 15 16
34 10 10 14 18
34 10 11 13 20
34 11 5 18 9
34 11 6 17 11
34 11 7 16 13
34 11 8 15 15
34 11 9 14 17
34 11 10 13 19
34 11 11 12 21
34 12 5 17 9
34 12 6 16 12
34 12 7 15 14
34 12 8 14 16
34 12 9 13 19
34 12 10 12 21
34 13 5 16 10
34 13 6 15 13
34 13 7 14 15
34 13 8 13 18
34 13 9 12 20
34 13 10 11 22
34 14 5 15 11
34 14 6 14 14
34 14 7 13 16
34 14 8 12 19
34 14 9 11 21
34 15 5 14 11
34 15 6 13 15
34 15 7 12 18
34 15 8 11 20
34 15 9 10 23
34 16 5 13 12
34 16 6 12 16
34 16 7 11 19
34 16 8 10 22
34 17 5 12 13
34 17 6 11 17
34 17 7 10 20
34 17 8 9 23
34 18 5 11 14
34 18 6 10 18
34 18 7 9 22
34 19 5 10 16
34 19 6 9 20
34 19 7 8 24
34 20 5 9 17
34 20 6 8 22
34 21 5 8 19
34 21 6 7 24
34 22 5 7 21
34 23 5 6 24
35 5 5 25 6
35 5 6 24 7
35 5 7 23 9
35 5 8 22 10
35 5 9 21 12
35 5 10 20 13
35 5 11 19 14
35 5 12 18 16
35 5 13 17 17
35 5 14 16 18
35 6 5 24 6
35 6 6 23 8
35 6 7 22 10
35 6 8 21 11
35 6 9 20 13
35 6 10 19 14
35 6 11 18 15
35 6 12 17 17
35 6 13 16 18
35 6 14 15 19
35 7 5 23 7
35 7 6 22 8
35 7 7 21 10
35 7 8 20 12
35 7 9 19 13
35 7 10 18 15
35 7 11 17 16
35 7 12 16 18
35 7 13 15 19
35 8 5 22 7
35 8 6 21 9
35 8 7 20 11
35 8 8 19 13
35 8 9 18 14
35 8 10 17 16
35 8 11 16 17
35 8 12 15 19
35 8 13 14 20
35 9 5 21 8
35 9 6 20 10
35 9 7 19 12
35 9 8 18 13
35 9 9 17 15
35 9 10 16 17
35 9 11 15 18
35 9 12 14 20
35 10 5 20 8
35 10 6 19 10
35 10 7 18 12
35 10 8 17 14
35 10 9 16 16
35 10 10 15 18
35 10 11 14 19
35 10 12 13 21
35 11 5 19 9
35 11 6 18 11
35 11 7 17 13
35 11 8 16 15
35 11 9 15 17
35 11 10 14 19
35 11 11 13 21
35 12 5 18 9
35 12 6 17 12
35 12 7 16 14
35 12 8 15 16
35 12 9 14 18
35 12 10 13 20
35 12 11 12 22
35 13 5 17 10
35 13 6 16 13
35 13 7 15 15
35 13 8 14 17
35 13 9 13 19
35 13 10 12 21
35 14 5 16 10
35 14 6 15 13
35 14 7 14 16
35 14 8 13 18
35 14 9 12 21
35 14 10 11 23
35 15 5 15 11
35 15 6 14 14
35 15 7 13 17
35 15 8 12 20
35 15 9 11 22
35 16 5 14 12
35 16 6 13 15
35 16 7 12 18
35 16 8 11 21
35 16 9 10 24
35 17 5 13 13
35 17 6 12 16
35 17 7 11 20
35 17 8 10 23
35 18 5 12 14
35 18 6 11 18
35 18 7 10 21
35 18 8 9 24
35 19 5 11 15
35 19 6 10 19
35 19 7 9 23
35 20 5 10 16
35 20 6 9 21
35 20 7 8 25
35 21 5 9 18
35 21 6 8 23
35 22 5 8 20
35 22 6 7 25
35 23 5 7 22
35 24 5 6 25
36 5 5 26 6
36 5 6 25 7
36 5 7 24 9
36 5 8 23 10
36 5 9 22 12
36 5 10 21 13
36 5 11 20 14
36 5 12 19 16
36 5 13 18 17
36 5 14 17 18
36 5 15 16 19
36 6 5 25 6
36 6 6 24 8
36 6 7 23 9
36 6 8 22 11
36 6 9 21 12
36 6 10 20 14
36 6 11 19 15
36 6 12 18 17
36 6 13 17 18
36 6 14 16 19
36 7 5 24 7
36 7 6 23 8
36 7 7 22 10
36 7 8 21 12
36 7 9 20 13
36 7 10 19 15
36 7 11 18 16
36 7 12 17 18
36 7 13 16 19
36 7 14 15 20
36 8 5 23 7
36 8 6 22 9
36 8 7 21 11
36 8 8 20 12
36 8 9 19 14
36 8 10 18 16
36 8 11 17 17
36 8 12 16 19
36 8 13 15 20
36 9 5 22 7
36 9 6 21 10
36 9 7 20 12
36 9 8 19 13
36 9 9 18 15
36 9 10 17 17
36 9 11 16 18
36 9 12 15 20
36 9 13 14 21
36 10 5 21 8
36 10 6 20 10
36 10 7 19 12
36 10 8 18 14
36 10 9 17 16
36 10 10 16 18
36 10 11 15 19
36 10 12 14 21
36 11 5 20 9
36 11 6 19 11
36 11 7 18 13
36 11 8 17 15
36 11 9 16 17
36 11 10 15 19
36 11 11 14 20
36 11 12 13 22
36 12 5 19 9
36 12 6 18 12
36 12 7 17 14
36 12 8 16 16
36 12 9 15 18
36 12 10 14 20
36 12 11 13 22
36 13 5 18 10
36 13 6 17 12
36 13 7 16 15
36 13 8 15 17
36 13 9 14 19
36 13 10 13 21
36 13 11 12 23
36 14 5 17 10
36 14 6 16 13
36 14 7 15 16
36 14 8 14 18
36 14 9 13 20
36 14 10 12 22
36 15 5 16 11
36 15 6 15 14
36 15 7 14 17
36 15 8 13 19
36 15 9 12 22
36 15 10 11 24
36 16 5 15 12
36 16 6 14 15
36 16 7 13 18
36 16 8 12 20
36 16 9 11 23
36 17 5 14 12
36 17 6 13 16
36 17 7 12 19
36 17 8 11 22
36 17 9 10 25
36 18 5 13 13
36 18 6 12 17
36 18 7 11 20
36 18 8 10 23
36 19 5 12 14
36 19 6 11 18
36 19 7 10 22
36 19 8 9 25
36 20 5 11 16
36 20 6 10 20
36 20 7 9 24
36 21 5 10 17
36 21 6 9 22
36 21 7 8 26
36 22 5 9 18
36 22 6 8 24
36 23 5 8 20
36 23 6 7 26
36 24 5 7 23
36 25 5 6 26
37 5 5 27 6
37 5 6 26 7
37 5 7 25 9
37 5 8 24 10
37 5 9 23 12
37 5 10 22 13
37 5 11 21 14
37 5 12 20 15
37 5 13 19 17
37 5 14 18 18
37 5 15 17 19
37 6 5 26 6
37 6 6 25 8
37 6 7 24 9
37 6 8 23 11
37 6 9 22 12
37 6 10 21 14
37 6 11 20 15
37 6 12 19 16
37 6 13 18 18
37 6 14 17 19
37 6 15 16 20
37 7 5 25 6
37 7 6 24 8
37 7 7 23 10
37 7 8 22 12
37 7 9 21 13
37 7 10 20 15
37 7 11 19 16
37 7 12 18 17
37 7 13 17 19
37 7 14 16 20
37 8 5 24 7
37 8 6 23 9
37 8 7 22 11
37 8 8 21 12
37 8 9 20 14
37 8 10 19 15
37 8 11 18 17
37 8 12 17 18
37 8 13 16 20
37 8 14 15 21
37 9 5 23 7
37 9 6 22 10
37 9 7 21 11
37 9 8 20 13
37 9 9 19 15
37 9 10 18 16
37 9 11 17 18
37 9 12 16 19
37 9 13 15 21
37 10 5 22 8
37 10 6 21 10
37 10 7 20 12
37 10 8 19 14
37 10 9 18 16
37 10 10 17 17
37 10 11 16 19
37 10 12 15 21
37 10 13 14 22
37 11 5 21 8
37 11 6 20 11
37 11 7 19 13
37 11 8 18 15
37 11 9 17 17
37 11 10 16 18
37 11 11 15 20
37 11 12 14 22
37 12 5 20 9
37 12 6 19 11
37 12 7 18 14
37 12 8 17 16
37 12 9 16 18
37 12 10 15 19
37 12 11 14 21
37 12 12 13 23
37 13 5 19 10
37 13 6 18 12
37 13 7 17 14
37 13 8 16 17
37 13 9 15 19
37 13 10 14 21
37 13 11 13 23
37 14 5 18 10
37 14 6 17 13
37 14 7 16 15
37 14 8 15 18
37 14 9 14 20
37 14 10 13 22
37 14 11 12 24
37 15 5 17 11
37 15 6 16 14
37 15 7 15 16
37 15 8 14 19
37 15 9 13 21
37 15 10 12 23
37 16 5 16 11
37 16 6 15 15
37 16 7 14 17
37 16 8 13 20
37 16 9 12 22
37 16 10 11 25
37 17 5 15 12
37 17 6 14 16
37 17 7 13 18
37 17 8 12 21
37 17 9 11 24
37 18 5 14 13
37 18 6 13 17
37 18 7 12 20
37 18 8 11 23
37 18 9 10 26
37 19 5 13 14
37 19 6 12 18
37 19 7 11 21
37 19 8 10 24
37 20 5 12 15
37 20 6 11 19
37 20 7 10 23
37 20 8 9 26
37 21 5 11 16
37 21 6 10 21
37 21 7 9 25
37 22 5 10 17
37 22 6 9 22
37 22 7 8 27
37 23 5 9 19
37 23 6 8 24
37 24 5 8 21
37 24 6 7 27
37 25 5 7 23
37 26 5 6 27
38 5 5 28 6
38 5 6 27 7
38 5 7 26 9
38 5 8 25 10
38 5 9 24 12
38 5 10 23 13
38 5 11 22 14
38 5 12 21 15
38 5 13 20 17
38 5 14 19 18
38 5 15 18 19
38 5 16 17 20
38 6 5 27 6
38 6 6 26 8
38 6 7 25 9
38 6 8 24 11
38 6 9 23 12
38 6 10 22 14
38 6 11 21 15
38 6 12 20 16
38 6 13 19 18
38 6 14 18 19
38 6 15 17 20
38 7 5 26 6
38 7 6 25 8
38 7 7 24 10
38 7 8 23 12
38 7 9 22 13
38 7 10 21 14
38 7 11 20 16
38 7 12 19 17
38 7 13 18 19
38 7 14 17 20
38 7 15 16 21
38 8 5 25 7
38 8 6 24 9
38 8 7 23 11
38 8 8 22 12
38 8 9 21 14
38 8 10 20 15
38 8 11 19 17
38 8 12 18 18
38 8 13 17 20
38 8 14 16 21
38 9 5 24 7
38 9 6 23 9
38 9 7 22 11
38 9 8 21 13
38 9 9 20 15
38 9 10 19 16
38 9 11 18 18
38 9 12 17 19
38 9 13 16 21
38 9 14 15 22
38 10 5 23 8
38 10 6 22 10
38 10 7 21 12
38 10 8 20 14
38 10 9 19 16
38 10 10 18 17
38 10 11 17 19
38 10 12 16 20
38 10 13 15 22
38 11 5 22 8
38 11 6 21 11
38 11 7 20 13
38 11 8 19 15
38 11 9 18 16
38 11 10 17 18
38 11 11 16 20
38 11 12 15 22
38 11 13 14 23
38 12 5 21 9
38 12 6 20 11
38 12 7 19 13
38 12 8 18 15
38 12 9 17 17
38 12 10 16 19
38 12 11 15 21
38 12 12 14 23
38 13 5 20 9
38 13 6 19 12
38 13 7 18 14
38 13 8 17 16
38 13 9 16 18
38 13 10 15 20
38 13 11 14 22
38 13 12 13 24
38 14 5 19 10
38 14 6 18 13
38 14 7 17 15
38 14 8 16 17
38 14 9 15 19
38 14 10 14 22
38 14 11 13 24
38 15 5 18 11
38 15 6 17 13
38 15 7 16 16
38 15 8 15 18
38 15 9 14 21
38 15 10 13 23
38 15 11 12 25
38 16 5 17 11
38 16 6 16 14
38 16 7 15 17
38 16 8 14 20
38 16 9 13 22
38 16 10 12 24
38 17 5 16 12
38 17 6 15 15
38 17 7 14 18
38 17 8 13 21
38 17 9 12 23
38 17 10 11 26
38 18 5 15 13
38 18 6 14 16
38 18 7 13 19
38 18 8 12 22
38 18 9 11 25
38 19 5 14 14
38 19 6 13 17
38 19 7 12 21
38 19 8 11 24
38 19 9 10 27
38 20 5 13 14
38 20 6 12 18
38 20 7 11 22
38 20 8 10 25
38 21 5 12 15
38 21 6 11 20
38 21 7 10 24
38 21 8 9 27
38 22 5 11 17
38 22 6 10 21
38 22 7 9 25
38 23 5 10 18
38 23 6 9 23
38 23 7 8 28
38 24 5 9 20
38 24 6 8 25
38 25 5 8 22
38 25 6 7 28
38 26 5 7 24
38 27 5 6 28
