extended sweep: 2705 solutions in 1.5s
criterion d=3: 2705/2705 rows agree; mismatches: []
criterion d=7: mismatches: [('internal', 2, 1, 1681), ('criterion', 2, 1, 1681), ('internal', 8, 1, 6721), ('criterion', 8, 1, 6721), ('internal', 10, 1, 8401)] (count 2573)
minimality exact: 2705/2705 rows; violations: []
excess distribution over all rows: {0: 1612, 1: 563, 2: 351, 3: 63, 4: 58, 5: 39, 6: 4, 7: 13, 9: 1, 14: 1}
r=1: max excess 7 at k = [119]
r=121: max excess 9 at k = [293]
r=169: max excess 7 at k = [25, 80, 261]
r=289: max excess 7 at k = [194]
r=361: max excess 14 at k = [141]
r=529: max excess 7 at k = [209, 288]
r=1: no period P<=59 over k <= 450
r=121: no period P<=59 over k <= 450
r=169: no period P<=59 over k <= 450
r=289: no period P<=59 over k <= 450
r=361: no period P<=59 over k <= 450
r=529: no period P<=59 over k <= 450
full residue classes inside {e=0}: [(1, 11, 8), (1, 11, 10), (1, 17, 12), (1, 17, 14), (1, 22, 8), (1, 22, 10), (1, 22, 19), (1, 22, 21), (1, 23, 15), (1, 23, 21), (1, 29, 1), (1, 29, 4), (1, 33, 8), (1, 33, 10), (1, 33, 19), (1, 33, 21), (1, 33, 30), (1, 33, 32), (1, 34, 12), (1, 34, 14), (1, 34, 29), (1, 34, 31), (1, 36, 19), (1, 41, 2), (1, 41, 8), (1, 44, 8), (1, 44, 10), (1, 44, 19), (1, 44, 21), (1, 44, 30), (1, 44, 32), (1, 44, 41), (1, 44, 43), (1, 46, 15), (1, 46, 21), (1, 46, 38), (1, 46, 44), (1, 47, 8), (1, 47, 32), (1, 51, 12), (1, 51, 14), (1, 51, 29), (1, 51, 31), (1, 51, 46), (1, 51, 48), (1, 52, 48), (1, 53, 20), (1, 53, 27), (1, 53, 44), (1, 54, 1), (1, 54, 25), (1, 55, 8), (1, 55, 10), (1, 55, 19), (1, 55, 21), (1, 55, 30), (1, 55, 32), (1, 55, 41), (1, 55, 43), (1, 55, 52), (1, 55, 54), (1, 56, 52), (1, 58, 1), (1, 58, 4), (1, 58, 25), (1, 58, 30), (1, 58, 33), (1, 59, 21), (1, 59, 25), (1, 59, 31), (1, 59, 32), (121, 11, 0), (121, 11, 2), (121, 17, 7), (121, 17, 9), (121, 22, 0), (121, 22, 2), (121, 22, 11), (121, 22, 13), (121, 23, 5), (121, 23, 11), (121, 29, 5), (121, 29, 8), (121, 33, 0), (121, 33, 2), (121, 33, 11), (121, 33, 13), (121, 33, 22), (121, 33, 24), (121, 34, 7), (121, 34, 9), (121, 34, 24), (121, 34, 26), (121, 39, 35), (121, 41, 2), (121, 41, 37), (121, 44, 0), (121, 44, 2), (121, 44, 11), (121, 44, 13), (121, 44, 22), (121, 44, 24), (121, 44, 33), (121, 44, 35), (121, 46, 5), (121, 46, 11), (121, 46, 28), (121, 46, 34), (121, 47, 5), (121, 47, 28), (121, 51, 7), (121, 51, 9), (121, 51, 24), (121, 51, 26), (121, 51, 41), (121, 51, 43), (121, 52, 22), (121, 52, 42), (121, 53, 35), (121, 53, 42), (121, 54, 38), (121, 55, 0), (121, 55, 2), (121, 55, 11), (121, 55, 13), (121, 55, 22), (121, 55, 24), (121, 55, 33), (121, 55, 35), (121, 55, 44), (121, 55, 46), (121, 58, 5), (121, 58, 8), (121, 58, 34), (121, 58, 37), (121, 59, 4), (121, 59, 8), (121, 59, 52), (121, 60, 0), (169, 11, 1), (169, 11, 10), (169, 17, 5), (169, 17, 7), (169, 22, 1), (169, 22, 10), (169, 22, 12), (169, 22, 21), (169, 23, 1), (169, 23, 7), (169, 29, 24), (169, 29, 27), (169, 33, 1), (169, 33, 10), (169, 33, 12), (169, 33, 21), (169, 33, 23), (169, 33, 32), (169, 34, 5), (169, 34, 7), (169, 34, 22), (169, 34, 24), (169, 40, 20), (169, 41, 10), (169, 41, 16), (169, 42, 1), (169, 44, 1), (169, 44, 10), (169, 44, 12), (169, 44, 21), (169, 44, 23), (169, 44, 32), (169, 44, 34), (169, 44, 43), (169, 46, 1), (169, 46, 7), (169, 46, 24), (169, 46, 30), (169, 46, 44), (169, 47, 13), (169, 47, 36), (169, 49, 38), (169, 50, 1), (169, 51, 5), (169, 51, 7), (169, 51, 22), (169, 51, 24), (169, 51, 39), (169, 51, 41), (169, 51, 45), (169, 52, 16), (169, 52, 38), (169, 53, 41), (169, 53, 48), (169, 55, 1), (169, 55, 10), (169, 55, 12), (169, 55, 21), (169, 55, 23), (169, 55, 32), (169, 55, 34), (169, 55, 43), (169, 55, 45), (169, 55, 54), (169, 58, 24), (169, 58, 27), (169, 58, 53), (169, 58, 56), (169, 59, 9), (169, 59, 13), (169, 59, 23), (289, 11, 2), (289, 11, 4), (289, 17, 0), (289, 17, 2), (289, 22, 2), (289, 22, 4), (289, 22, 13), (289, 22, 15), (289, 23, 14), (289, 23, 20), (289, 29, 2), (289, 29, 28), (289, 33, 2), (289, 33, 4), (289, 33, 13), (289, 33, 15), (289, 33, 24), (289, 33, 26), (289, 34, 0), (289, 34, 2), (289, 34, 17), (289, 34, 19), (289, 41, 4), (289, 41, 10), (289, 44, 2), (289, 44, 4), (289, 44, 13), (289, 44, 15), (289, 44, 24), (289, 44, 26), (289, 44, 35), (289, 44, 37), (289, 46, 14), (289, 46, 20), (289, 46, 37), (289, 46, 43), (289, 47, 9), (289, 47, 33), (289, 50, 9), (289, 51, 0), (289, 51, 2), (289, 51, 17), (289, 51, 19), (289, 51, 34), (289, 51, 36), (289, 53, 3), (289, 53, 10), (289, 53, 32), (289, 54, 36), (289, 55, 2), (289, 55, 4), (289, 55, 13), (289, 55, 15), (289, 55, 24), (289, 55, 26), (289, 55, 35), (289, 55, 37), (289, 55, 46), (289, 55, 48), (289, 56, 9), (289, 57, 4), (289, 58, 2), (289, 58, 28), (289, 58, 31), (289, 58, 57), (289, 59, 20), (289, 59, 51), (289, 59, 55), (361, 11, 6), (361, 11, 8), (361, 17, 14), (361, 17, 16), (361, 22, 6), (361, 22, 8), (361, 22, 17), (361, 22, 19), (361, 23, 8), (361, 23, 14), (361, 29, 13), (361, 29, 16), (361, 33, 6), (361, 33, 8), (361, 33, 17), (361, 33, 19), (361, 33, 28), (361, 33, 30), (361, 34, 14), (361, 34, 16), (361, 34, 31), (361, 34, 33), (361, 41, 25), (361, 41, 31), (361, 44, 6), (361, 44, 8), (361, 44, 17), (361, 44, 19), (361, 44, 28), (361, 44, 30), (361, 44, 39), (361, 44, 41), (361, 46, 8), (361, 46, 14), (361, 46, 31), (361, 46, 37), (361, 47, 21), (361, 47, 45), (361, 48, 29), (361, 50, 6), (361, 51, 14), (361, 51, 16), (361, 51, 31), (361, 51, 33), (361, 51, 48), (361, 51, 50), (361, 53, 12), (361, 53, 19), (361, 55, 6), (361, 55, 8), (361, 55, 17), (361, 55, 19), (361, 55, 28), (361, 55, 30), (361, 55, 39), (361, 55, 41), (361, 55, 50), (361, 55, 52), (361, 58, 13), (361, 58, 16), (361, 58, 42), (361, 58, 45), (361, 59, 29), (361, 59, 33), (529, 11, 8), (529, 11, 10), (529, 17, 7), (529, 17, 9), (529, 22, 8), (529, 22, 10), (529, 22, 19), (529, 22, 21), (529, 23, 0), (529, 23, 17), (529, 29, 7), (529, 29, 10), (529, 33, 8), (529, 33, 10), (529, 33, 19), (529, 33, 21), (529, 33, 30), (529, 33, 32), (529, 34, 7), (529, 34, 9), (529, 34, 24), (529, 34, 26), (529, 41, 33), (529, 41, 39), (529, 44, 8), (529, 44, 10), (529, 44, 19), (529, 44, 21), (529, 44, 30), (529, 44, 32), (529, 44, 41), (529, 44, 43), (529, 46, 0), (529, 46, 17), (529, 46, 23), (529, 46, 40), (529, 47, 2), (529, 47, 26), (529, 48, 32), (529, 51, 7), (529, 51, 9), (529, 51, 24), (529, 51, 26), (529, 51, 41), (529, 51, 43), (529, 53, 33), (529, 53, 40), (529, 55, 8), (529, 55, 10), (529, 55, 19), (529, 55, 21), (529, 55, 30), (529, 55, 32), (529, 55, 41), (529, 55, 43), (529, 55, 52), (529, 55, 54), (529, 58, 7), (529, 58, 10), (529, 58, 36), (529, 58, 39), (529, 59, 17), (529, 59, 21), (529, 60, 58)]
