r=1: x(k) = [211, 421, 636, 841, 1053, 1261, 1473, 1681, 1895, 2101, 2312, 2521, 2734, 2941, 3151, 3362, 3572, 3782, 3991, 4201, 4411, 4625, 4832, 5041, 5251, 5463, 5671, 5882, 6091, 6301, 6511, 6721, 6931, 7142, 7353]
r=1: excess e(k) = [0, 0, 5, 0, 2, 0, 2, 0, 4, 0, 1, 0, 3, 0, 0, 1, 1, 1, 0, 0, 0, 4, 1, 0, 0, 2, 0, 1, 0, 0, 0, 0, 0, 1, 2]
r=1: d(k)=4x-n = [3, 3, 23, 3, 11, 3, 11, 3, 19, 3, 7, 3, 15, 3, 3, 7, 7, 7, 3, 3, 3, 19, 7, 3, 3, 11, 3, 7, 3, 3, 3, 3, 3, 7, 11]
r=121: x(k) = [31, 242, 451, 662, 871, 1081, 1292, 1501, 1711, 1921, 2132, 2341, 2551, 2761, 2973, 3185, 3391, 3605, 3813, 4022, 4233, 4443, 4651, 4862, 5071, 5282, 5491, 5703, 5911, 6123, 6333, 6546, 6752, 6961, 7171, 7381]
r=121: excess e(k) = [0, 1, 0, 1, 0, 0, 1, 0, 0, 0, 1, 0, 0, 0, 2, 4, 0, 4, 2, 1, 2, 2, 0, 1, 0, 1, 0, 2, 0, 2, 2, 5, 1, 0, 0, 0]
r=121: d(k)=4x-n = [3, 7, 3, 7, 3, 3, 7, 3, 3, 3, 7, 3, 3, 3, 11, 19, 3, 19, 11, 7, 11, 11, 3, 7, 3, 7, 3, 11, 3, 11, 11, 23, 7, 3, 3, 3]
r=169: x(k) = [44, 253, 465, 676, 884, 1093, 1305, 1513, 1723, 1933, 2143, 2354, 2563, 2773, 2985, 3193, 3403, 3614, 3825, 4035, 4243, 4453, 4663, 4873, 5083, 5300, 5504, 5713, 5925, 6134, 6343, 6555, 6763, 6973, 7183, 7395]
r=169: excess e(k) = [1, 0, 2, 3, 1, 0, 2, 0, 0, 0, 0, 1, 0, 0, 2, 0, 0, 1, 2, 2, 0, 0, 0, 0, 0, 7, 1, 0, 2, 1, 0, 2, 0, 0, 0, 2]
r=169: d(k)=4x-n = [7, 3, 11, 15, 7, 3, 11, 3, 3, 3, 3, 7, 3, 3, 11, 3, 3, 7, 11, 11, 3, 3, 3, 3, 3, 31, 7, 3, 11, 7, 3, 11, 3, 3, 3, 11]
r=289: x(k) = [73, 285, 493, 703, 913, 1126, 1334, 1544, 1755, 1963, 2173, 2384, 2595, 2803, 3013, 3223, 3434, 3643, 3854, 4063, 4273, 4484, 4693, 4905, 5113, 5324, 5533, 5744, 5953, 6164, 6373, 6583, 6793, 7003, 7213, 7423]
r=289: excess e(k) = [0, 2, 0, 0, 0, 3, 1, 1, 2, 0, 0, 1, 2, 0, 0, 0, 1, 0, 1, 0, 0, 1, 0, 2, 0, 1, 0, 1, 0, 1, 0, 0, 0, 0, 0, 0]
r=289: d(k)=4x-n = [3, 11, 3, 3, 3, 15, 7, 7, 11, 3, 3, 7, 11, 3, 3, 3, 7, 3, 7, 3, 3, 7, 3, 11, 3, 7, 3, 7, 3, 7, 3, 3, 3, 3, 3, 3]
r=361: x(k) = [92, 306, 512, 722, 932, 1143, 1351, 1563, 1771, 1981, 2193, 2405, 2611, 2821, 3031, 3242, 3451, 3661, 3871, 4081, 4291, 4501, 4711, 4923, 5133, 5341, 5551, 5763, 5971, 6181, 6391, 6601, 6812, 7021, 7236, 7442]
r=361: excess e(k) = [1, 5, 1, 1, 1, 2, 0, 2, 0, 0, 2, 4, 0, 0, 0, 1, 0, 0, 0, 0, 0, 0, 0, 2, 2, 0, 0, 2, 0, 0, 0, 0, 1, 0, 5, 1]
r=361: d(k)=4x-n = [7, 23, 7, 7, 7, 11, 3, 11, 3, 3, 11, 19, 3, 3, 3, 7, 3, 3, 3, 3, 3, 3, 3, 11, 11, 3, 3, 11, 3, 3, 3, 3, 7, 3, 23, 7]
r=529: x(k) = [133, 346, 553, 765, 975, 1185, 1394, 1603, 1813, 2023, 2233, 2444, 2654, 2863, 3075, 3284, 3494, 3703, 3914, 4123, 4334, 4543, 4756, 4963, 5173, 5385, 5593, 5805, 6014, 6225, 6433, 6646, 6853, 7063, 7274, 7483]
r=529: excess e(k) = [0, 3, 0, 2, 2, 2, 1, 0, 0, 0, 0, 1, 1, 0, 2, 1, 1, 0, 1, 0, 1, 0, 3, 0, 0, 2, 0, 2, 1, 2, 0, 3, 0, 0, 1, 0]
r=529: d(k)=4x-n = [3, 15, 3, 11, 11, 11, 7, 3, 3, 3, 3, 7, 7, 3, 11, 7, 7, 3, 7, 3, 7, 3, 15, 3, 3, 11, 3, 11, 7, 11, 3, 15, 3, 3, 7, 3]

saved code/out/open_class_sequences.json
