# A 2-(22,4,2) design; lines are 4-subsets of {0..21}
0 1 7 17
0 1 16 18
0 2 3 11
0 2 16 20
0 3 13 14
0 4 9 12
0 4 10 20
0 5 8 21
0 5 17 19
0 6 8 10
0 6 13 18
0 7 9 19
0 11 15 21
0 12 14 15
1 2 3 8
1 2 13 15
1 3 10 11
1 4 13 20
1 4 19 21
1 5 7 14
1 5 11 16
1 6 12 15
1 6 17 20
1 8 10 19
1 9 12 18
1 9 14 21
2 4 8 18
2 4 18 19
2 5 9 17
2 5 13 16
2 6 7 21
2 6 9 14
2 7 15 20
2 10 12 19
2 10 14 21
2 11 12 17
3 4 7 12
3 4 14 17
3 5 9 20
3 5 10 12
3 6 15 19
3 6 18 21
3 7 19 20
3 8 13 17
3 9 15 16
3 16 18 21
4 5 6 8
4 5 11 15
4 6 7 11
4 9 10 13
4 14 15 16
4 16 17 21
5 6 14 19
5 7 13 18
5 10 15 18
5 12 20 21
6 9 10 16
6 11 12 13
6 16 17 20
7 8 12 16
7 8 15 21
7 9 11 18
7 10 13 16
7 10 14 17
8 9 11 20
8 9 15 17
8 11 13 14
8 12 16 19
8 14 18 20
9 13 19 21
10 11 20 21
10 15 17 18
11 14 16 19
11 17 18 19
12 13 17 21
12 14 18 20
13 15 19 20
