=== rook(3): srg(9,4,1,2), negative eigenvalue s=-2 ===
  sanity degree check: min deg = 4, max deg = 4, expected k=4 OK
  sanity is_srg: True
  --- automorphism 'Z2 transpose' order=2 (genuine automorphism: True)
      orbit count = 6, orbit lengths = [1, 2, 2, 1, 2, 1]
      (a) orbit-matrix row sums all equal degree k=4: OK
      (b) orbit matrix constant on orbits: True  [orbit matrix constant on all 6 orbits (checked every vertex)]
      orbit matrix M (6x6):
          0  2  2  0  0  0
          1  0  1  1  1  0
          1  1  0  0  1  1
          0  2  0  0  2  0
          0  1  1  1  0  1
          0  0  2  0  2  0
      (c) f(fixed)=3, g(mapped-to-adjacent)=0
          Delta=(lam-mu)^2+4(k-mu)=(1-2)^2+4(4-2) -> 9, sqrt(Delta)=3
          (k-s)-(-s*f+g) = (4-(-2)) - (2*3+0) = 0
          DKW congruence k-s ≡ -s*f+g (mod 3): OK  (divisible)
  --- automorphism 'Z3 row-shift' order=3 (genuine automorphism: True)
      orbit count = 3, orbit lengths = [3, 3, 3]
      (a) orbit-matrix row sums all equal degree k=4: OK
      (b) orbit matrix constant on orbits: True  [orbit matrix constant on all 3 orbits (checked every vertex)]
      orbit matrix M (3x3):
          2  1  1
          1  2  1
          1  1  2
      (c) f(fixed)=0, g(mapped-to-adjacent)=9
          Delta=(lam-mu)^2+4(k-mu)=(1-2)^2+4(4-2) -> 9, sqrt(Delta)=3
          (k-s)-(-s*f+g) = (4-(-2)) - (2*0+9) = -3
          DKW congruence k-s ≡ -s*f+g (mod 3): OK  (divisible)

=== bvls_graph(): srg(243,22,1,2), negative eigenvalue s=-5 ===
  sanity degree check: min deg = 22, max deg = 22, expected k=22 OK
  sanity is_srg: True
  --- automorphism 'Z2 negation' order=2 (genuine automorphism: True)
      orbit count = 122, orbit lengths = [1, 2, 2, 2, 2, 2, 2, 2, 2, 2, 2, 2, 2, 2, 2, 2, 2, 2, 2, 2, 2, 2, 2, 2, 2, 2, 2, 2, 2, 2, 2, 2, 2, 2, 2, 2, 2, 2, 2, 2, 2, 2, 2, 2, 2, 2, 2, 2, 2, 2, 2, 2, 2, 2, 2, 2, 2, 2, 2, 2, 2, 2, 2, 2, 2, 2, 2, 2, 2, 2, 2, 2, 2, 2, 2, 2, 2, 2, 2, 2, 2, 2, 2, 2, 2, 2, 2, 2, 2, 2, 2, 2, 2, 2, 2, 2, 2, 2, 2, 2, 2, 2, 2, 2, 2, 2, 2, 2, 2, 2, 2, 2, 2, 2, 2, 2, 2, 2, 2, 2, 2, 2]
      (a) orbit-matrix row sums all equal degree k=22: OK
      (b) orbit matrix constant on orbits: True  [orbit matrix constant on all 122 orbits (checked every vertex)]
      orbit matrix M (122x122):
          0  2  2  0  0  2  0  0  0  0  0  0  0  0  2  0  0  0  0  0  0  0  0  0  0  0  0  0  0  0  2  0  0  0  0  0  0  0  0  0  0  2  0  0  0  0  0  0  0  0  0  0  0  0  2  0  0  0  0  0  0  0  0  0  0  0  0  0  0  0  0  0  0  0  0  0  2  0  0  0  0  0  0  0  0  0  0  0  0  2  0  0  0  0  0  0  0  0  0  0  0  0  0  0  0  0  2  0  0  0  0  0  0  0  0  0  0  0  0  0  2  0
          1  1  0  1  1  0  1  1  0  0  0  0  0  0  0  1  1  0  0  0  0  0  0  0  0  0  0  0  0  1  0  1  0  0  0  0  0  0  0  0  0  0  1  1  0  0  0  0  0  0  0  0  0  1  0  1  0  0  0  0  0  0  0  0  0  0  0  0  0  0  0  0  0  0  1  1  0  0  0  0  0  0  0  0  0  0  0  0  0  0  1  1  0  0  0  0  0  0  0  0  0  0  0  0  1  1  0  0  0  0  0  0  0  0  0  0  0  0  0  1  0  1
          1  0  1  1  1  0  0  0  1  0  0  1  0  0  0  0  0  1  0  0  1  0  0  0  1  0  0  1  0  0  0  0  0  0  0  0  0  0  0  0  0  0  0  0  1  0  0  1  0  0  0  1  0  0  0  0  0  1  0  0  0  0  0  0  0  0  0  0  0  0  1  0  0  1  0  0  0  0  0  0  0  0  0  0  0  0  1  0  0  0  0  0  1  0  0  0  0  0  0  0  0  0  0  0  0  0  0  0  0  1  0  0  1  0  1  0  0  1  0  0  0  0
          0  1  1  0  2  0  0  0  0  1  0  0  0  1  0  0  0  0  1  0  0  0  1  0  0  1  1  0  0  0  0  0  0  0  0  0  0  0  0  0  0  0  0  0  0  1  0  0  0  1  1  0  0  0  0  0  0  0  1  0  0  0  0  0  0  0  0  0  1  0  0  0  1  0  0  0  0  0  0  0  0  0  0  0  0  0  0  0  1  0  0  0  0  1  0  0  0  0  0  0  0  0  0  0  0  0  0  1  0  0  0  1  0  0  0  1  1  0  0  0  0  0
          0  1  1  2  0  0  0  0  0  0  1  0  1  0  0  0  0  0  0  1  0  1  0  1  0  0  0  0  1  0  0  0  0  0  0  0  0  0  0  0  0  0  0  0  0  0  1  0  1  0  0  0  1  0  0  0  1  0  0  0  0  0  0  0  0  0  0  0  0  1  0  1  0  0  0  0  0  0  0  0  0  0  0  0  0  0  0  1  0  0  0  0  0  0  1  0  0  0  0  0  0  0  0  0  0  0  0  0  1  0  1  0  0  1  0  0  0  0  1  0  0  0
          1  0  0  0  0  1  1  1  1  0  0  1  0  0  0  0  0  0  0  0  0  1  0  1  0  0  0  0  0  0  0  0  1  0  0  0  0  0  0  1  0  0  0  0  0  1  0  0  0  0  1  0  0  0  0  0  0  0  0  1  0  0  0  1  0  0  0  0  0  0  0  1  0  0  0  0  0  0  0  0  1  0  0  0  0  1  0  0  0  0  0  0  0  0  1  0  0  1  0  0  0  0  1  0  0  0  0  0  0  0  0  1  0  0  0  1  0  0  0  0  0  0
          0  1  0  0  0  1  0  2  0  1  0  0  1  0  0  0  0  0  0  0  1  0  0  0  1  0  0  0  0  0  0  0  0  0  1  0  0  0  0  0  1  0  0  0  1  0  0  0  0  0  0  1  0  0  0  0  0  0  0  0  0  1  0  0  1  0  0  0  0  0  0  0  1  0  0  0  0  0  0  0  0  0  1  1  0  0  0  0  0  0  0  0  0  1  0  0  1  0  0  0  0  0  0  1  0  0  0  0  0  0  1  0  0  1  0  0  0  0  0  0  0  0
          0  1  0  0  0  1  2  0  0  0  1  0  0  1  0  0  0  0  0  0  0  0  1  0  0  1  0  0  0  0  0  0  0  1  0  0  0  0  1  0  0  0  0  0  0  0  1  0  0  0  0  0  1  0  0  0  0  0  0  0  1  0  1  0  0  0  0  0  0  0  0  0  0  1  0  0  0  0  0  0  0  1  0  0  1  0  0  0  0  0  0  0  1  0  0  1  0  0  0  0  0  1  0  0  0  0  0  0  0  0  0  0  1  0  1  0  0  0  0  0  0  0
          0  0  1  0  0  1  0  0  0  1  1  2  0  0  0  0  0  0  1  0  0  0  0  0  0  0  1  0  0  0  0  0  0  1  0  0  0  0  1  0  0  0  1  0  0  0  0  0  0  0  0  0  0  1  0  0  0  0  0  0  0  0  0  0  0  1  1  0  0  0  0  0  0  0  1  0  0  1  0  1  0  0  0  0  0  0  0  0  0  0  0  1  0  0  0  0  1  0  0  0  0  0  0  1  0  0  0  0  1  0  0  0  0  0  0  0  0  0  1  0  0  0
          0  0  0  1  0  0  1  0  1  0  1  0  1  1  0  0  0  1  0  0  0  0  0  0  0  0  0  1  0  0  0  0  0  0  1  0  0  0  0  0  1  1  0  0  0  0  0  0  0  0  0  0  0  0  1  0  0  0  0  0  0  0  0  0  0  0  0  2  0  0  0  0  0  0  0  1  0  1  0  1  0  0  0  0  0  0  0  0  0  0  1  0  0  0  0  0  0  1  0  0  0  0  1  0  0  0  0  1  0  0  0  0  0  0  0  0  1  0  0  0  0  0
          0  0  0  0  1  0  0  1  1  1  0  0  1  1  0  0  0  0  0  1  0  0  0  0  0  0  0  0  1  0  0  0  1  0  0  0  0  0  0  1  0  0  0  1  0  0  0  0  0  0  0  0  0  0  0  1  0  0  0  0  0  0  0  0  0  1  1  0  0  0  0  0  0  0  0  0  1  0  2  0  0  0  0  0  0  0  0  0  0  1  0  0  0  0  0  1  0  0  0  0  0  1  0  0  0  0  0  0  0  1  0  0  0  0  0  0  0  1  0  0  0  0
          0  0  1  0  0  1  0  0  2  0  0  0  1  1  0  1  0  0  0  0  0  0  0  0  0  0  0  0  0  1  0  0  0  0  0  1  1  0  0  0  0  0  0  0  0  0  0  0  1  0  0  0  0  0  0  0  1  0  0  0  1  0  1  0  0  0  0  0  1  0  0  0  0  0  0  0  0  0  0  0  0  0  1  1  0  0  0  0  1  0  0  0  0  0  0  0  0  0  0  1  1  0  0  0  0  1  0  0  0  0  0  0  0  0  0  0  0  0  0  0  0  1
          0  0  0  0  1  0  1  0  0  1  1  1  0  1  1  0  0  0  0  0  0  0  0  0  0  0  0  0  0  0  1  0  0  0  0  0  0  2  0  0  0  0  0  0  0  0  0  1  0  0  0  0  0  0  0  0  0  1  0  0  0  1  0  0  1  0  0  0  0  1  0  0  0  0  0  0  0  0  0  0  1  0  0  0  0  1  0  1  0  0  0  0  0  0  0  0  0  0  0  1  1  0  0  0  1  0  0  0  0  0  0  0  0  0  0  0  0  0  0  1  0  0
          0  0  0  1  0  0  0  1  0  1  1  1  1  0  0  0  1  0  0  0  0  0  0  0  0  0  0  0  0  0  0  1  0  0  0  1  1  0  0  0  0  0  0  0  0  0  0  0  0  1  0  0  0  0  0  0  0  0  1  1  0  0  0  1  0  0  0  0  0  0  1  0  0  0  0  0  0  0  0  0  0  1  0  0  1  0  1  0  0  0  0  0  0  0  0  0  0  0  2  0  0  0  0  0  0  0  1  0  0  0  0  0  0  0  0  0  0  0  0  0  1  0
          1  0  0  0  0  0  0  0  0  0  0  0  1  0  1  1  1  1  0  0  1  0  0  1  0  0  0  0  0  0  0  0  1  0  0  0  0  1  0  0  0  0  0  0  0  0  0  0  0  1  0  0  1  0  0  0  0  0  0  0  0  0  1  0  0  0  1  0  1  0  0  0  0  0  0  0  0  0  0  1  0  1  0  0  0  0  0  0  0  0  0  0  0  1  0  1  0  0  0  0  0  0  0  1  0  0  0  0  1  0  0  0  0  0  0  0  1  0  0  0  0  0
          0  1  0  0  0  0  0  0  0  0  0  1  0  0  1  0  2  0  1  0  0  1  0  0  1  0  0  0  0  0  0  0  0  1  0  0  1  0  0  0  0  0  0  0  0  0  0  0  1  0  1  0  0  0  0  0  0  0  0  0  0  0  0  0  1  0  0  1  0  1  0  0  0  0  0  0  0  0  1  0  0  0  1  0  0  0  0  0  0  0  0  0  1  0  0  0  0  1  0  0  0  1  0  0  0  0  0  1  0  0  0  0  0  0  0  0  0  1  0  0  0  0
          0  1  0  0  0  0  0  0  0  0  0  0  0  1  1  2  0  0  0  1  0  0  1  0  0  1  0  0  0  0  0  0  0  0  1  1  0  0  0  0  0  0  0  0  0  0  0  1  0  0  0  1  0  0  0  0  0  0  0  0  0  0  0  1  0  1  0  0  0  0  1  0  0  0  0  0  0  1  0  0  1  0  0  0  0  0  0  0  0  0  0  0  0  0  1  0  1  0  0  0  0  0  1  0  0  0  0  0  0  1  0  0  0  0  0  0  0  0  1  0  0  0
          0  0  1  0  0  0  0  0  0  1  0  0  0  0  1  0  0  0  1  1  2  0  0  0  0  0  1  0  0  0  0  0  0  0  1  1  0  0  0  0  0  0  0  0  0  0  1  0  0  0  0  0  0  0  0  1  0  0  0  1  1  0  0  0  0  0  0  0  0  0  0  1  0  0  0  0  0  0  0  0  0  0  0  0  1  1  0  0  0  0  1  0  0  0  0  0  0  1  0  0  0  1  0  0  0  1  0  0  0  0  0  0  0  0  0  0  0  0  0  1  0  0
          0  0  0  1  0  0  0  0  1  0  0  0  0  0  0  1  0  1  0  1  0  1  1  0  0  0  0  1  0  0  0  0  0  1  0  0  1  0  0  0  0  0  0  0  0  1  0  0  0  0  0  0  0  1  0  0  0  0  0  0  0  2  0  0  0  0  0  0  0  0  0  0  1  0  0  0  0  0  0  0  0  0  0  0  1  1  0  0  0  1  0  0  0  0  0  1  0  0  0  0  0  0  0  1  1  0  0  0  0  0  0  0  0  0  0  0  0  0  0  0  1  0
          0  0  0  0  1  0  0  0  0  0  1  0  0  0  0  0  1  1  1  0  0  1  1  0  0  0  0  0  1  0  0  0  1  0  0  0  0  1  0  0  0  0  0  0  1  0  0  0  0  0  0  0  0  0  1  0  0  0  0  1  1  0  0  0  0  0  0  0  0  0  0  0  0  1  0  0  0  0  0  0  0  0  0  2  0  0  0  0  0  0  0  1  0  0  0  0  1  0  0  0  0  0  1  0  0  0  1  0  0  0  0  0  0  0  0  0  0  0  0  0  0  1
          0  0  1  0  0  0  1  0  0  0  0  0  0  0  1  0  0  2  0  0  0  1  1  0  0  0  0  0  0  1  0  0  0  0  0  0  0  0  1  0  1  0  0  1  0  0  0  0  0  0  0  0  0  0  0  0  0  0  1  0  0  0  0  1  0  1  0  0  0  0  0  0  0  0  1  0  0  0  1  0  0  0  1  0  0  0  0  1  0  0  0  0  0  0  0  0  0  0  1  0  1  0  0  0  0  0  0  0  0  0  0  1  0  1  0  0  0  0  0  0  0  0
          0  0  0  0  1  1  0  0  0  0  0  0  0  0  0  1  0  0  1  1  1  0  1  0  0  0  0  0  0  0  1  0  0  0  0  0  0  0  0  2  0  0  1  0  0  0  0  0  0  0  0  0  0  0  0  0  1  0  0  0  0  0  0  0  1  0  0  1  0  0  0  0  0  0  0  1  0  0  0  1  0  1  0  0  0  0  1  0  0  0  0  0  0  0  0  0  0  0  1  0  1  0  0  0  0  0  0  0  0  0  1  0  0  0  1  0  0  0  0  0  0  0
          0  0  0  1  0  0  0  1  0  0  0  0  0  0  0  0  1  0  1  1  1  1  0  0  0  0  0  0  0  0  0  1  0  0  0  0  0  0  1  0  1  1  0  0  0  0  0  0  0  0  0  0  0  0  0  0  0  1  0  0  0  0  1  0  0  0  1  0  0  0  0  0  0  0  0  0  1  1  0  0  1  0  0  0  0  0  0  0  1  0  0  0  0  0  0  0  0  0  0  2  0  0  0  0  0  0  0  0  0  0  0  0  1  0  0  1  0  0  0  0  0  0
          0  0  0  0  1  1  0  0  0  0  0  0  0  0  1  0  0  0  0  0  0  0  0  0  1  1  1  0  1  1  0  0  2  0  0  0  0  0  0  0  0  0  0  0  0  0  0  0  1  0  0  0  0  1  0  0  0  0  0  0  0  1  0  0  0  0  0  1  0  0  1  0  0  0  0  0  0  1  0  0  0  0  0  0  1  0  0  0  0  0  1  0  0  0  0  0  0  0  1  1  0  0  0  0  0  0  0  0  0  0  0  0  1  1  0  0  0  0  0  0  0  0
          0  0  1  0  0  0  1  0  0  0  0  0  0  0  0  1  0  0  0  0  0  0  0  1  0  1  0  2  0  0  1  0  0  1  1  0  0  0  0  0  0  0  0  0  0  0  0  0  0  1  0  0  0  0  0  1  0  0  0  1  0  0  0  0  0  0  1  0  0  1  0  0  0  0  0  0  0  0  1  0  0  0  0  1  0  0  0  0  0  0  0  1  0  0  0  0  0  0  1  1  0  0  0  0  0  0  0  0  0  0  1  0  0  0  0  1  0  0  0  0  0  0
          0  0  0  1  0  0  0  1  0  0  0  0  0  0  0  0  1  0  0  0  0  0  0  1  1  0  1  0  1  0  0  1  0  1  1  0  0  0  0  0  0  0  0  0  0  0  0  1  0  0  0  0  0  0  1  0  0  0  0  0  1  0  0  0  0  1  0  0  1  0  0  0  0  0  0  0  0  0  0  1  0  0  0  0  0  1  0  0  0  1  0  0  0  0  0  0  0  0  0  0  2  0  0  0  0  0  0  0  0  0  0  1  0  0  1  0  0  0  0  0  0  0
          0  0  0  1  0  0  0  0  1  0  0  0  0  0  0  0  0  1  0  0  0  0  0  1  0  1  0  1  1  1  0  0  0  0  0  1  0  0  1  0  0  0  1  0  0  0  0  0  0  0  1  0  0  0  0  0  0  0  0  0  0  0  0  0  2  0  0  0  0  0  0  0  0  0  0  0  1  0  0  0  1  1  0  0  0  0  0  0  0  0  0  0  0  1  0  0  1  0  0  0  0  1  0  0  0  0  1  0  0  0  0  0  0  0  0  0  0  0  0  1  0  0
          0  0  1  0  0  0  0  0  0  1  0  0  0  0  0  0  0  0  1  0  0  0  0  0  2  0  1  0  1  0  1  0  0  0  0  0  1  0  0  0  1  0  0  1  0  0  0  0  0  0  0  0  1  0  0  0  0  0  0  0  0  0  1  1  0  0  0  0  0  0  0  0  0  0  0  1  0  0  0  0  1  1  0  0  0  0  0  0  0  0  0  0  0  0  1  1  0  0  0  0  0  0  1  0  1  0  0  0  0  0  0  0  0  0  0  0  0  0  0  0  0  1
          0  0  0  0  1  0  0  0  0  0  1  0  0  0  0  0  0  0  0  1  0  0  0  1  0  1  1  1  0  0  0  1  0  0  0  0  0  1  0  1  0  1  0  0  0  0  0  0  0  0  0  1  0  0  0  0  0  0  0  0  0  0  1  1  0  0  0  0  0  0  0  0  0  0  1  0  0  0  0  0  0  0  2  0  0  0  0  0  0  0  0  0  1  0  0  0  0  1  0  0  0  0  0  1  0  1  0  0  0  0  0  0  0  0  0  0  0  0  0  0  1  0
          0  1  0  0  0  0  0  0  0  0  0  1  0  0  0  0  0  0  0  0  1  0  0  1  0  0  1  0  0  0  1  2  0  0  0  1  0  0  1  0  0  0  0  0  0  1  0  0  0  0  0  0  0  0  0  0  1  0  0  0  0  1  0  0  0  0  0  1  0  0  0  0  0  1  0  0  0  0  1  0  0  0  0  1  0  0  0  1  0  0  0  0  0  0  0  1  0  0  0  0  0  0  1  0  0  0  0  0  0  1  0  0  0  0  0  0  1  0  0  0  0  0
          1  0  0  0  0  0  0  0  0  0  0  0  1  0  0  0  0  0  0  0  0  1  0  0  1  0  0  1  0  1  1  1  0  0  0  0  0  1  0  1  0  0  0  0  0  0  1  0  0  0  0  0  0  0  0  0  0  0  1  0  1  0  0  0  0  1  0  0  0  0  0  0  1  0  0  0  0  1  0  0  0  0  0  0  1  0  0  0  1  0  0  0  0  0  0  0  1  0  0  0  0  1  0  0  0  0  0  1  0  0  0  0  0  0  0  0  0  0  1  0  0  0
          0  1  0  0  0  0  0  0  0  0  0  0  0  1  0  0  0  0  0  0  0  0  1  0  0  1  0  0  1  2  1  0  0  0  0  0  1  0  0  0  1  0  0  0  1  0  0  0  0  0  0  0  0  0  0  0  0  1  0  1  0  0  0  0  0  0  1  0  0  0  0  1  0  0  0  0  0  0  0  1  0  0  0  0  0  1  1  0  0  0  0  0  0  0  0  0  0  1  0  0  0  0  0  1  0  0  0  0  1  0  0  0  0  0  0  0  0  1  0  0  0  0
          0  0  0  0  0  1  0  0  0  0  1  0  0  0  1  0  0  0  0  1  0  0  0  2  0  0  0  0  0  0  0  0  0  1  1  1  0  0  1  0  0  0  0  1  1  0  0  0  0  0  0  0  0  0  0  0  0  1  1  0  0  0  0  0  0  0  0  0  0  0  0  0  1  0  0  1  0  0  0  0  0  0  0  0  0  0  1  0  1  0  0  0  0  0  0  0  0  0  0  0  0  0  0  0  1  0  0  1  0  0  0  0  0  0  0  0  0  1  0  0  0  1
          0  0  0  0  0  0  0  1  1  0  0  0  0  0  0  1  0  0  1  0  0  0  0  0  1  1  0  0  0  0  0  0  1  0  1  0  1  0  0  1  0  1  0  0  0  0  1  0  0  0  0  0  0  0  0  0  0  1  1  0  0  0  0  0  0  0  0  0  0  0  0  0  0  1  1  0  0  0  0  0  0  0  0  0  0  0  0  2  0  0  0  0  0  0  0  0  0  0  0  0  0  0  0  0  0  0  1  0  1  0  0  0  0  0  0  0  1  0  0  1  0  0
          0  0  0  0  0  0  1  0  0  1  0  0  0  0  0  0  1  1  0  0  0  0  0  0  1  1  0  0  0  0  0  0  1  1  0  0  0  1  0  0  1  0  1  0  0  1  0  0  0  0  0  0  0  0  0  0  2  0  0  0  0  0  0  0  0  0  0  0  0  0  0  1  0  0  0  0  1  0  0  0  0  0  0  0  0  0  1  0  1  0  0  0  0  0  0  0  0  0  0  0  0  0  0  0  0  1  0  0  0  1  0  0  0  0  0  0  0  0  1  0  1  0
          0  0  0  0  0  0  0  0  0  0  0  1  0  1  0  0  1  1  0  0  0  0  0  0  0  0  1  0  0  1  0  0  1  0  0  0  1  1  1  0  0  1  0  0  0  0  1  0  0  0  0  1  0  0  0  1  0  0  0  0  0  0  0  0  0  0  0  0  0  0  0  0  1  0  0  1  0  0  0  0  0  0  0  0  0  0  0  0  0  1  0  0  0  0  1  0  0  0  0  0  0  0  0  0  0  0  0  0  0  0  2  0  0  0  1  1  0  0  0  0  0  0
          0  0  0  0  0  0  0  0  0  0  0  1  0  1  0  1  0  0  1  0  0  0  0  0  0  0  0  1  0  0  0  1  0  1  0  1  0  1  0  1  0  0  0  1  1  0  0  0  0  0  0  0  1  0  1  0  0  0  0  0  0  0  0  0  0  0  0  0  0  0  0  1  0  0  0  0  1  0  0  0  0  0  0  0  0  0  0  0  0  0  1  0  0  1  0  0  0  0  0  0  0  0  0  0  0  0  0  0  0  0  0  1  1  2  0  0  0  0  0  0  0  0
          0  0  0  0  0  0  0  0  0  0  0  0  2  0  1  0  0  0  0  1  0  0  0  0  0  0  0  0  1  0  1  0  0  0  1  1  1  0  0  0  1  0  1  0  0  1  0  0  0  0  1  0  0  1  0  0  0  0  0  0  0  0  0  0  0  0  0  0  0  0  0  0  0  1  1  0  0  0  0  0  0  0  0  0  0  0  0  0  0  0  0  1  1  0  0  0  0  0  0  0  0  0  0  0  0  0  0  0  0  0  0  1  1  0  1  1  0  0  0  0  0  0
          0  0  0  0  0  0  0  1  1  0  0  0  0  0  0  0  0  0  0  0  1  0  1  0  0  0  1  0  0  1  0  0  1  0  0  1  0  0  0  1  1  0  0  0  0  0  0  1  0  1  0  0  1  0  1  0  0  0  0  0  0  0  0  0  0  0  0  0  0  2  0  0  0  0  0  0  0  0  0  0  0  0  0  0  0  0  0  0  0  0  0  1  1  0  0  0  0  0  0  0  0  0  0  0  1  0  0  1  0  0  0  0  0  0  0  0  0  0  1  0  1  0
          0  0  0  0  0  1  0  0  0  0  1  0  0  0  0  0  0  0  0  0  0  2  0  0  0  0  0  0  1  0  1  0  0  1  0  0  1  0  1  0  1  0  0  0  0  0  0  1  0  1  0  1  0  0  0  1  0  0  0  0  0  0  0  0  0  0  0  0  1  0  1  0  0  0  0  0  0  0  0  0  0  0  0  0  0  0  0  0  0  0  1  0  0  1  0  0  0  0  0  0  0  0  0  0  0  1  0  0  0  1  0  0  0  0  0  0  1  0  0  1  0  0
          0  0  0  0  0  0  1  0  0  1  0  0  0  0  0  0  0  0  0  0  1  0  1  0  0  0  0  1  0  0  0  1  0  0  1  0  0  1  1  1  0  0  0  0  0  0  0  0  2  0  1  0  0  1  0  0  0  0  0  0  0  0  0  0  0  0  0  0  1  0  1  0  0  0  0  0  0  0  0  0  0  0  0  0  0  0  0  0  0  1  0  0  0  0  1  0  0  0  0  0  0  0  0  0  0  0  1  0  1  0  0  0  0  0  0  0  0  1  0  0  0  1
          1  0  0  0  0  0  0  0  0  1  0  0  0  0  0  0  0  0  0  0  0  0  1  0  0  0  0  0  1  0  0  0  0  1  0  1  0  0  0  0  0  1  1  1  1  0  0  1  0  0  1  0  0  0  0  0  0  0  0  1  0  0  0  0  0  0  0  1  1  0  0  0  0  0  0  0  0  0  0  0  0  0  1  0  1  0  0  1  0  0  0  0  0  0  0  1  0  0  0  1  0  0  0  0  0  0  0  0  0  0  1  0  0  0  0  0  0  0  1  0  0  0
          0  1  0  0  0  0  0  0  1  0  0  0  0  0  0  0  0  0  0  0  0  1  0  0  0  0  1  0  0  0  0  0  0  0  1  0  0  1  0  0  0  1  0  2  0  1  0  0  1  0  0  1  0  0  0  0  0  0  0  0  1  0  0  0  0  0  1  0  0  1  0  0  0  0  0  0  0  0  0  0  0  1  0  0  0  1  1  0  0  0  0  0  0  0  0  0  1  0  1  0  0  0  0  0  0  0  0  0  0  0  0  0  1  0  0  0  1  0  0  0  0  0
          0  1  0  0  0  0  0  0  0  0  1  0  0  0  0  0  0  0  0  0  1  0  0  0  0  0  0  1  0  0  0  0  1  0  0  0  1  0  0  0  0  1  2  0  0  0  1  0  0  1  0  0  1  0  0  0  0  0  0  0  0  1  0  0  0  1  0  0  0  0  1  0  0  0  0  0  0  0  0  0  1  0  0  1  0  0  0  0  1  0  0  0  0  0  0  0  0  1  0  0  1  0  0  0  0  0  0  0  0  0  0  1  0  0  0  0  0  1  0  0  0  0
          0  0  1  0  0  0  1  0  0  0  0  0  0  0  0  0  0  0  0  1  0  0  0  0  0  0  0  0  0  0  0  1  1  0  0  0  1  0  0  0  0  1  0  0  0  1  1  2  0  0  0  0  0  1  0  0  0  0  0  0  0  0  1  0  1  0  0  0  0  0  0  1  0  0  0  0  0  0  1  1  0  0  0  0  0  0  0  0  0  0  0  0  0  1  0  0  1  0  1  0  0  0  0  0  0  0  0  1  0  0  0  0  0  0  0  0  0  0  0  0  0  1
          0  0  0  1  0  1  0  0  0  0  0  0  0  0  0  0  0  0  1  0  0  0  0  0  0  0  0  0  0  1  0  0  0  0  1  0  0  1  0  0  0  0  1  0  1  0  1  0  1  1  0  0  0  0  1  0  0  0  0  0  0  0  0  2  0  0  0  0  0  0  0  0  1  0  0  0  0  0  1  1  0  0  0  0  0  0  0  0  0  0  0  0  1  0  0  1  0  0  0  1  0  0  0  0  0  0  0  0  0  1  0  0  0  0  0  0  0  0  0  1  0  0
          0  0  0  0  1  0  0  1  0  0  0  0  0  0  0  0  0  1  0  0  0  0  0  0  0  0  0  0  0  0  1  0  0  1  0  1  0  0  0  0  0  0  0  1  1  1  0  0  1  1  0  0  0  0  0  1  0  0  0  0  0  0  1  0  1  0  0  0  0  0  0  0  0  1  0  0  0  2  0  0  0  0  0  0  0  0  0  0  0  0  0  0  0  0  1  0  0  1  0  0  1  0  0  0  0  0  0  0  1  0  0  0  0  0  0  0  0  0  0  0  1  0
          0  0  1  0  0  0  0  0  0  0  0  0  1  0  0  0  1  0  0  0  0  0  0  0  0  1  0  0  0  0  0  0  0  0  0  0  0  0  1  1  0  1  0  0  2  0  0  0  1  1  0  0  0  0  0  0  1  0  0  0  0  1  0  0  0  1  0  0  0  0  0  0  0  0  1  0  0  0  0  0  0  1  0  0  0  1  0  0  0  0  1  0  0  0  0  0  0  0  0  0  0  1  1  0  1  0  0  0  0  0  0  0  0  0  0  1  0  0  0  0  0  0
          0  0  0  0  1  0  0  0  0  0  0  1  0  0  0  1  0  0  0  0  0  0  0  1  0  0  0  0  0  0  0  0  0  0  0  0  0  0  0  0  2  0  1  0  0  1  1  1  0  1  0  0  0  0  0  0  0  1  0  0  1  0  0  0  0  0  1  0  0  0  0  0  0  0  0  1  0  0  0  0  0  0  1  0  1  0  0  0  0  1  0  0  0  0  0  0  0  0  0  0  0  1  1  0  0  0  1  0  0  0  0  0  0  1  0  0  0  0  0  0  0  0
          0  0  0  1  0  0  0  0  0  0  0  0  0  1  1  0  0  0  0  0  0  0  0  0  1  0  0  0  0  0  0  0  0  0  0  0  0  0  1  1  0  0  0  1  0  1  1  1  1  0  0  0  0  0  0  0  0  0  1  1  0  0  0  0  0  0  0  1  0  0  0  0  0  0  0  0  1  0  0  0  1  0  0  1  0  0  0  0  0  0  0  1  0  0  0  0  0  0  0  0  0  0  0  2  0  1  0  0  0  0  0  0  0  0  1  0  0  0  0  0  0  0
          0  0  0  1  0  1  0  0  0  0  0  0  0  0  0  1  0  0  0  0  0  0  0  0  0  0  1  0  0  0  0  0  0  0  0  0  0  1  0  0  1  1  0  0  0  0  0  0  0  0  0  1  1  1  0  0  1  0  1  2  0  0  0  0  0  0  0  0  0  0  0  0  0  1  0  0  0  1  1  0  0  0  0  0  0  0  0  0  0  0  0  0  0  1  0  0  0  0  0  0  1  1  0  0  1  0  0  0  0  0  0  0  0  0  0  0  0  1  0  0  0  0
          0  0  1  0  0  0  1  0  0  0  0  0  0  0  0  0  1  0  0  0  0  0  0  0  0  0  0  0  1  0  0  0  0  0  0  1  0  0  0  1  0  0  1  0  0  0  0  0  0  0  1  0  1  0  1  0  0  2  0  0  1  1  0  0  0  0  0  0  0  0  0  0  1  0  0  0  0  1  1  0  0  0  0  0  0  0  0  0  0  0  0  0  0  0  1  0  0  0  1  0  0  0  0  1  0  1  0  0  0  0  0  0  0  0  0  0  1  0  0  0  0  0
          0  0  0  0  1  0  0  1  0  0  0  0  0  0  1  0  0  0  0  0  0  0  0  0  0  0  0  1  0  0  0  0  0  0  0  0  1  0  1  0  0  0  0  1  0  0  0  0  0  0  1  1  0  0  0  1  1  0  1  0  1  1  0  0  0  0  0  0  0  0  0  1  0  0  0  0  0  0  0  2  0  0  0  0  0  0  0  0  0  0  0  0  1  0  0  0  0  0  0  1  0  0  1  0  0  0  1  0  0  0  0  0  0  0  0  0  0  0  1  0  0  0
          0  1  0  0  0  0  0  0  1  0  0  0  0  0  0  0  0  0  1  0  0  0  0  1  0  0  0  0  0  0  0  0  0  0  0  0  0  1  0  0  1  0  0  0  1  0  0  0  0  0  1  0  0  0  1  2  1  0  0  0  0  0  1  0  0  1  0  0  0  0  1  0  0  0  0  0  0  0  0  0  1  0  0  0  1  0  0  1  0  0  0  0  0  0  0  0  0  0  1  0  0  0  0  1  0  0  0  1  0  0  0  0  0  0  1  0  0  0  0  0  0  0
          1  0  0  0  0  0  0  0  0  1  0  0  0  0  0  0  0  0  0  1  0  0  0  0  0  1  0  0  0  0  0  0  0  0  0  0  1  0  1  0  0  0  0  0  0  1  0  0  0  0  0  1  0  1  1  1  0  1  0  0  0  0  0  1  0  0  0  1  0  1  0  0  0  0  0  0  0  0  0  0  0  1  0  1  0  0  0  0  1  0  0  0  0  0  0  0  0  0  0  0  1  1  0  0  0  0  0  0  1  0  0  0  0  1  0  0  0  0  0  0  0  0
          0  1  0  0  0  0  0  0  0  0  1  0  0  0  0  0  0  1  0  0  0  0  0  0  1  0  0  0  0  0  0  0  0  0  0  1  0  0  0  1  0  0  0  0  0  0  1  0  0  0  0  0  1  2  1  0  0  0  1  0  0  0  0  0  1  0  1  0  1  0  0  0  0  0  0  0  0  0  0  0  0  0  1  0  0  1  1  0  0  0  0  0  0  0  0  0  0  0  0  1  0  0  1  0  0  0  0  0  0  1  0  0  0  0  0  1  0  0  0  0  0  0
          0  0  0  0  1  0  0  0  0  0  0  1  0  0  0  0  0  0  0  0  0  1  0  0  0  0  0  0  0  1  0  0  0  0  2  0  0  0  0  0  0  0  0  0  0  0  0  1  0  0  1  0  1  1  0  0  0  1  1  0  0  0  1  0  0  1  0  0  0  0  0  0  0  0  0  0  1  0  0  0  0  1  0  1  0  0  0  0  0  0  1  0  0  0  0  1  0  1  0  0  0  0  0  0  0  0  0  0  0  0  1  0  0  0  0  0  0  0  0  0  1  0
          0  0  1  0  0  0  0  0  0  0  0  0  1  0  0  0  0  0  0  0  0  0  1  0  0  0  0  0  0  0  0  1  1  1  0  0  0  0  0  0  0  0  0  0  0  0  0  0  1  0  0  2  0  0  1  0  1  0  1  0  0  0  0  0  1  0  1  0  0  0  0  0  0  0  0  1  0  0  0  0  1  0  0  0  1  0  0  0  0  0  0  1  0  0  0  1  0  1  0  0  0  0  0  0  0  0  0  0  0  0  0  1  0  0  0  0  0  0  0  1  0  0
          0  0  0  1  0  0  0  0  0  0  0  0  0  1  0  0  0  0  0  0  1  0  0  0  0  0  0  0  0  0  1  0  1  1  0  0  0  0  0  0  0  0  0  0  0  0  0  0  0  1  1  0  1  0  0  1  1  1  0  0  0  0  0  1  0  0  0  1  0  0  0  0  0  0  1  0  0  0  0  0  0  0  1  0  0  1  0  0  0  1  0  0  0  0  0  0  2  0  0  0  0  0  0  0  0  0  0  0  0  0  0  0  1  0  0  0  0  0  0  0  0  1
          0  0  0  0  0  1  0  0  0  0  0  0  0  1  0  0  0  1  0  1  0  0  0  0  1  0  0  0  0  0  0  1  0  0  0  0  0  0  0  0  0  1  0  0  0  0  0  0  0  1  2  0  0  0  0  0  0  0  0  0  1  1  1  0  0  1  0  0  0  1  0  0  0  0  0  1  0  0  0  0  0  0  0  0  0  0  1  0  0  0  0  1  0  0  0  0  0  0  0  0  0  0  0  0  0  0  0  0  1  1  0  0  0  1  0  0  0  0  0  1  0  0
          0  0  0  0  0  0  0  1  0  0  0  1  0  0  0  0  0  1  0  1  0  0  0  0  0  1  0  0  0  0  1  0  0  0  0  0  0  0  0  0  0  0  1  0  0  0  0  0  1  0  0  1  1  0  0  0  0  0  0  1  0  1  0  1  0  0  1  0  1  0  0  0  0  0  0  0  1  0  0  0  0  0  0  0  0  0  0  1  0  0  1  0  0  0  0  0  0  0  0  0  0  0  0  0  0  0  0  2  0  0  0  0  0  0  1  0  0  0  0  0  0  1
          0  0  0  0  0  0  1  0  0  0  0  0  1  0  0  0  0  0  2  0  0  0  0  1  0  0  0  0  0  1  0  0  0  0  0  0  0  0  0  0  0  0  0  1  0  0  0  1  0  0  0  1  1  0  0  0  0  0  0  1  1  0  0  0  1  0  0  1  0  0  1  0  0  0  1  0  0  0  0  0  0  0  0  0  0  0  0  0  1  1  0  0  0  0  0  0  0  0  0  0  0  0  0  0  0  0  0  0  1  1  0  0  0  0  0  1  0  0  0  0  1  0
          0  0  0  0  0  0  0  1  0  0  0  1  0  0  1  0  0  0  0  0  0  0  1  0  0  0  0  1  1  0  0  0  0  0  0  0  0  0  0  0  0  0  0  0  1  0  1  0  0  0  0  0  0  1  0  0  1  0  0  1  0  0  0  1  1  1  0  0  0  1  0  0  0  0  0  1  0  0  0  0  0  0  0  0  0  0  0  0  1  1  0  0  0  0  0  0  0  0  0  0  0  0  0  0  0  1  0  0  0  0  0  0  1  0  0  0  2  0  0  0  0  0
          0  0  0  0  0  1  0  0  0  0  0  0  0  1  0  0  1  0  0  0  1  0  0  0  0  0  0  1  1  0  0  0  0  0  0  0  0  0  0  0  0  0  0  0  0  2  0  0  0  0  0  0  0  0  1  0  0  0  1  0  1  0  1  0  1  0  1  0  0  0  1  0  0  0  1  0  0  0  0  0  0  0  0  0  0  0  0  1  0  0  1  0  0  0  0  0  0  0  0  0  0  0  0  0  1  0  0  0  0  0  1  0  0  0  0  0  0  1  1  0  0  0
          0  0  0  0  0  0  1  0  0  0  0  0  1  0  0  1  0  0  0  0  0  1  0  0  0  0  2  0  0  0  0  0  0  0  0  0  0  0  0  0  0  0  0  0  1  0  1  0  0  0  0  0  0  0  0  1  0  1  0  0  0  1  1  1  0  0  0  1  1  0  0  0  0  0  0  0  1  0  0  0  0  0  0  0  0  0  1  0  0  0  0  1  0  0  0  0  0  0  0  0  0  0  0  0  0  0  1  0  0  0  0  1  0  0  0  0  0  1  1  0  0  0
          0  0  0  0  0  0  0  0  1  0  1  0  0  0  0  0  1  0  0  0  1  0  0  0  0  1  0  0  0  0  1  0  0  0  0  0  0  0  0  0  0  0  0  1  0  0  0  1  0  0  0  0  0  1  0  0  1  0  0  1  0  0  1  0  0  0  1  1  0  0  0  0  2  0  0  0  0  0  0  0  0  0  0  0  0  0  0  0  0  0  0  0  1  0  1  0  0  0  0  0  0  0  0  0  0  0  1  0  0  0  0  1  0  1  0  0  0  0  0  1  0  0
          0  0  0  0  0  0  0  0  1  0  1  0  0  0  1  0  0  0  0  0  0  0  1  0  1  0  0  0  0  0  0  1  0  0  0  0  0  0  0  0  0  0  1  0  0  0  0  0  1  0  0  0  0  0  0  1  0  1  0  0  1  0  0  1  0  1  0  1  0  0  0  1  0  1  0  0  0  0  0  0  0  0  0  0  0  0  0  0  0  0  0  0  0  2  0  0  0  0  0  0  0  0  0  0  1  0  0  0  0  0  1  0  0  0  0  1  0  0  0  0  1  0
          0  0  0  0  0  0  0  0  0  2  0  0  0  0  0  1  0  0  0  0  0  1  0  1  0  0  0  0  0  1  0  0  0  0  0  0  0  0  0  0  0  1  0  0  0  0  0  0  0  1  0  0  0  0  1  0  0  0  1  0  0  1  0  0  1  1  1  0  0  0  0  1  0  1  0  0  0  0  0  0  0  0  0  0  0  0  0  0  0  0  0  0  1  0  1  0  0  0  0  0  0  0  0  0  0  1  0  0  0  0  0  0  1  0  1  0  0  0  0  0  0  1
          0  0  0  1  0  0  0  0  0  0  0  1  0  0  1  0  0  0  0  0  0  0  0  0  0  1  0  0  0  0  0  0  0  0  0  0  0  0  0  1  1  1  0  0  0  0  0  0  0  0  0  0  0  0  0  1  0  0  0  0  1  0  0  0  1  0  0  0  0  1  1  1  1  0  1  0  0  1  0  0  0  0  0  1  0  0  1  0  0  0  0  0  0  0  0  2  0  0  0  0  0  0  0  0  0  0  0  0  0  0  0  1  0  0  0  0  0  0  0  0  0  1
          0  0  0  0  1  0  0  0  0  0  0  0  1  0  0  1  0  0  0  0  0  0  0  0  1  0  0  0  0  0  0  0  0  0  0  0  0  0  2  0  0  0  1  0  0  0  0  0  0  0  0  0  0  0  1  0  0  0  0  1  0  0  1  0  0  0  0  0  1  0  1  1  1  0  0  1  0  0  1  0  0  0  0  0  0  1  0  1  0  0  0  0  0  0  0  0  1  1  0  0  0  0  0  0  0  0  0  0  0  0  0  0  1  0  0  0  0  0  0  0  1  0
          0  0  1  0  0  0  0  0  0  0  0  0  0  1  0  0  1  0  0  0  0  0  0  1  0  0  0  0  0  0  0  0  0  0  0  0  0  0  0  1  1  0  0  1  0  0  0  0  0  0  0  0  0  1  0  0  0  0  0  0  0  1  0  1  0  0  0  0  1  1  0  0  0  2  0  0  1  0  0  1  0  0  0  0  1  0  0  0  1  0  0  0  0  0  0  0  1  1  0  0  0  0  0  0  0  0  0  0  0  0  1  0  0  0  0  0  0  0  0  1  0  0
          0  0  0  0  1  1  0  0  0  0  0  0  0  0  0  0  0  1  0  0  0  0  0  0  0  0  0  0  0  0  0  1  0  0  1  0  1  0  0  0  0  0  0  0  1  0  0  0  0  0  0  0  1  0  0  0  0  0  0  0  0  0  0  0  0  0  1  1  1  1  0  0  1  1  1  0  0  0  0  0  2  0  0  0  0  0  0  0  0  1  0  0  0  0  0  0  0  0  1  0  0  1  0  0  0  1  0  0  0  0  0  0  0  0  0  0  0  0  1  0  0  0
          0  0  0  1  0  0  1  0  0  0  0  0  0  0  0  0  0  0  1  0  0  0  0  0  0  0  0  0  0  0  1  0  1  0  0  1  0  0  0  0  0  0  0  0  0  1  0  0  0  0  0  1  0  0  0  0  0  0  0  0  0  0  0  0  0  2  0  0  1  1  0  1  0  1  0  1  0  0  0  0  0  1  1  0  0  0  0  0  0  0  1  0  0  0  0  0  0  0  0  1  0  0  0  1  0  0  1  0  0  0  0  0  0  0  0  0  0  1  0  0  0  0
          0  0  1  0  0  0  0  1  0  0  0  0  0  0  0  0  0  0  0  1  0  0  0  0  0  0  0  0  0  1  0  0  0  1  0  0  0  1  0  0  0  0  0  0  0  0  1  0  0  0  1  0  0  0  0  0  0  0  0  0  0  0  0  0  0  0  1  1  0  0  2  1  1  0  0  0  1  0  0  0  0  1  1  0  0  0  0  0  0  0  0  1  0  0  0  0  0  0  0  0  1  0  1  0  1  0  0  0  0  0  0  0  0  0  0  0  1  0  0  0  0  0
          0  1  0  0  0  0  0  0  1  0  0  0  0  0  0  0  0  0  0  0  1  0  0  0  0  0  0  0  1  0  0  0  0  1  0  0  0  1  0  0  0  0  0  0  0  0  0  1  0  0  0  0  0  0  0  0  0  0  1  0  0  1  0  1  0  0  0  0  1  0  0  1  0  0  0  2  1  1  0  0  0  0  0  1  0  0  0  0  0  0  0  0  1  0  0  0  0  0  1  0  0  1  0  0  0  0  0  0  1  0  0  0  0  0  0  1  0  0  0  0  0  0
          0  1  0  0  0  0  0  0  0  1  0  0  0  0  0  0  0  0  0  0  0  1  0  0  0  0  0  1  0  0  0  0  1  0  0  1  0  0  0  0  0  0  0  0  0  0  0  0  1  0  0  0  0  0  0  0  0  1  0  1  0  0  1  0  0  0  0  0  0  1  0  0  1  0  2  0  1  0  0  1  0  0  0  0  1  0  0  0  0  0  0  0  0  1  0  0  0  0  0  0  1  0  1  0  0  0  0  0  0  1  0  0  0  0  1  0  0  0  0  0  0  0
          1  0  0  0  0  0  0  0  0  0  1  0  0  0  0  0  0  0  0  0  0  0  1  0  0  0  1  0  0  0  0  0  0  0  1  0  1  0  0  0  0  0  0  0  0  0  0  0  0  1  0  0  0  0  0  0  1  0  0  0  1  0  0  0  1  0  0  0  0  0  1  0  0  1  1  1  1  0  1  0  0  0  0  0  0  1  0  0  0  0  0  0  0  0  1  0  0  0  0  1  0  0  0  1  0  0  0  1  0  0  0  0  0  1  0  0  0  0  0  0  0  0
          0  0  0  0  0  0  0  0  1  1  0  0  0  0  0  0  1  0  0  0  0  0  1  1  0  0  0  0  0  0  1  0  0  0  0  0  0  0  0  0  0  0  0  0  0  0  2  0  0  0  1  1  0  0  0  0  0  0  0  0  0  0  0  0  0  0  0  0  1  0  0  0  0  0  1  0  0  0  1  1  1  0  0  1  0  0  1  0  0  0  1  0  0  0  0  0  0  0  0  0  0  0  0  0  1  0  0  0  0  0  0  0  1  1  0  0  0  0  0  0  1  0
          0  0  0  0  0  0  0  0  0  0  2  0  0  0  0  1  0  0  0  0  1  0  0  0  1  0  0  0  0  1  0  0  0  0  0  0  0  0  0  0  0  0  0  0  1  1  0  0  0  0  1  1  0  0  0  0  0  0  0  0  0  0  0  0  0  0  0  0  0  1  0  0  0  0  0  0  1  1  0  1  0  1  0  0  1  0  0  1  0  1  0  0  0  0  0  0  0  0  0  0  0  0  0  0  0  1  0  0  0  0  0  1  0  0  0  1  0  0  0  0  0  1
          0  0  0  0  0  0  0  0  1  1  0  0  0  0  1  0  0  0  0  0  0  1  0  0  0  1  0  0  0  0  0  1  0  0  0  0  0  0  0  0  0  0  0  0  1  1  0  0  0  0  0  0  2  0  0  0  0  0  0  0  0  0  0  0  0  0  0  0  0  0  1  0  0  0  0  1  0  1  1  0  0  0  1  0  0  1  0  0  1  0  0  1  0  0  0  0  0  0  0  0  0  0  0  0  0  0  1  0  0  0  1  0  0  0  1  0  0  0  0  1  0  0
          0  0  0  0  0  1  0  0  0  0  0  0  1  0  0  0  1  0  0  0  0  0  1  0  0  0  1  1  0  0  0  0  0  0  0  0  0  0  0  0  0  0  0  1  0  0  0  0  0  1  0  0  0  1  0  0  0  1  0  0  0  0  0  0  0  0  0  0  0  0  0  2  0  0  0  0  0  1  0  0  0  1  1  1  0  0  0  1  0  1  0  0  0  0  0  0  0  0  0  0  0  0  0  0  0  0  0  1  0  1  0  0  0  0  1  0  0  0  0  1  0  0
          0  0  0  0  0  0  0  1  0  0  0  0  0  1  1  0  0  0  0  0  0  1  0  0  0  0  1  1  0  0  0  0  0  0  0  0  0  0  0  0  0  0  1  0  0  0  0  1  0  0  0  0  0  0  1  0  1  0  0  0  0  0  0  0  0  0  0  0  0  0  0  0  1  1  0  0  0  0  1  0  1  0  1  0  1  0  1  0  0  0  1  0  0  0  0  0  0  0  0  0  0  0  0  0  0  0  0  0  2  0  0  0  0  0  0  1  0  0  0  0  0  1
          0  0  0  0  0  0  1  0  0  0  0  1  0  0  0  1  0  0  0  0  1  0  0  0  0  0  0  0  2  0  0  0  0  0  0  0  0  0  0  0  0  1  0  0  0  0  0  0  1  0  0  0  0  0  0  1  0  0  1  0  0  0  0  0  0  0  0  0  0  0  0  0  1  1  0  0  0  0  0  1  1  1  0  0  0  1  0  0  1  0  0  1  0  0  0  0  0  0  0  0  0  0  0  0  0  0  0  1  0  1  0  0  0  1  0  0  0  0  0  0  1  0
          0  0  0  0  0  0  1  0  0  0  0  1  0  0  0  0  0  0  0  2  0  0  0  0  1  0  0  0  0  1  0  0  0  0  0  0  0  0  0  0  0  0  0  1  0  0  0  0  0  1  0  0  0  0  1  0  1  0  0  0  0  0  0  0  0  0  0  0  1  0  0  0  0  0  1  0  0  1  0  0  1  0  0  0  1  1  0  0  0  0  0  0  1  1  0  0  0  0  0  0  0  0  0  0  0  0  1  0  0  0  1  0  0  0  0  0  1  1  0  0  0  0
          0  0  0  0  0  0  0  1  0  0  0  0  0  1  0  0  0  1  1  0  0  0  0  1  0  0  0  0  0  0  1  0  0  0  0  0  0  0  0  0  0  1  0  0  0  0  0  0  1  0  0  0  0  1  0  0  0  1  0  0  0  0  0  0  0  0  0  0  0  0  1  0  0  0  0  1  0  0  1  0  0  1  0  1  0  1  0  0  0  0  0  0  1  1  0  0  0  0  0  0  0  0  0  0  0  1  0  0  0  0  0  1  0  0  0  0  0  0  2  0  0  0
          0  0  0  0  0  1  0  0  0  0  0  0  1  0  0  0  0  1  1  0  0  0  0  0  0  1  0  0  0  0  0  1  0  0  0  0  0  0  0  0  0  0  1  0  0  0  0  1  0  0  0  0  0  0  0  1  0  0  1  0  0  0  0  0  0  0  0  0  0  1  0  0  0  0  0  0  1  0  0  1  0  0  1  1  1  0  0  0  0  0  0  0  0  0  2  0  0  0  0  0  0  0  0  0  1  0  0  0  0  0  0  0  1  0  0  0  1  1  0  0  0  0
          0  0  1  0  0  0  0  0  0  0  0  0  0  1  0  0  0  0  0  0  0  1  0  0  0  0  0  0  0  0  0  1  1  0  1  0  0  0  0  0  0  0  1  0  0  0  0  0  0  0  0  0  0  0  0  1  0  0  0  1  0  0  0  0  1  0  0  0  1  0  0  0  0  0  0  0  0  1  0  0  0  1  0  0  0  0  0  1  1  1  0  0  2  0  0  0  0  0  0  0  0  0  1  1  1  0  0  0  0  0  0  0  0  1  0  0  0  0  0  0  0  0
          0  0  0  0  1  0  0  0  0  0  0  0  1  0  0  0  0  0  0  0  1  0  0  0  0  0  0  0  0  1  0  0  0  2  0  0  0  0  0  0  0  1  0  0  0  0  0  0  0  0  0  0  0  1  0  0  0  0  0  0  1  0  0  1  0  0  0  0  0  1  0  0  0  0  0  0  0  0  1  0  1  0  0  0  0  0  1  0  1  0  1  0  0  1  1  0  0  0  0  0  0  0  1  1  0  0  1  0  0  0  0  0  0  0  1  0  0  0  0  0  0  0
          0  0  0  1  0  0  0  0  0  0  0  1  0  0  0  0  0  0  0  0  0  0  1  0  0  0  0  0  0  0  1  0  1  0  1  0  0  0  0  0  0  0  0  1  0  0  0  0  0  0  0  0  0  0  1  0  0  0  0  0  0  1  1  0  0  0  0  0  0  0  1  0  0  0  0  0  0  0  0  1  0  0  1  0  0  0  1  1  0  0  0  1  0  1  1  0  0  0  0  0  0  2  0  0  0  1  0  0  0  0  0  0  0  0  0  1  0  0  0  0  0  0
          1  0  0  0  0  0  0  0  0  0  1  0  0  0  0  0  0  0  1  0  0  0  0  0  0  1  0  0  0  0  0  0  0  0  0  1  0  0  0  0  1  0  0  0  0  0  0  0  1  0  0  0  0  0  0  0  0  0  1  0  0  1  1  0  0  0  0  0  0  0  0  1  0  0  0  0  0  0  1  0  1  0  0  0  0  0  1  0  0  1  1  1  1  0  0  0  1  0  0  0  1  0  0  0  0  0  0  0  0  0  1  0  0  0  0  0  1  0  0  0  0  0
          0  1  0  0  0  0  0  0  0  1  0  0  0  0  0  0  0  1  0  0  0  0  0  1  0  0  0  0  0  0  0  0  0  0  0  0  1  0  0  1  0  0  0  0  0  0  0  1  0  0  0  0  0  0  0  0  1  0  0  0  1  0  0  1  0  0  0  0  0  0  0  0  1  0  0  0  0  1  0  0  0  1  0  0  0  0  0  1  0  1  0  2  0  1  0  0  0  1  0  1  0  0  0  0  0  0  0  0  0  0  0  0  1  0  0  0  0  1  0  0  0  0
          0  1  0  0  0  0  0  0  1  0  0  0  0  0  0  0  0  0  0  1  0  0  0  0  1  0  0  0  0  0  0  0  0  0  0  0  0  1  1  0  0  0  0  0  0  0  0  0  0  1  0  0  0  0  0  0  0  1  0  1  0  0  0  0  1  0  0  0  0  0  0  0  0  1  0  0  0  0  0  1  0  0  1  0  0  0  0  0  1  1  2  0  0  0  1  1  0  0  1  0  0  0  0  0  0  0  0  0  0  0  0  1  0  0  0  0  0  0  1  0  0  0
          0  0  1  0  0  0  0  1  0  0  0  0  0  0  0  1  0  0  0  0  0  0  0  0  0  0  0  0  1  0  0  0  0  0  0  0  0  1  1  0  0  0  0  0  0  1  0  0  0  0  0  0  1  0  0  0  0  0  0  0  0  0  0  0  0  1  0  1  0  0  0  0  0  0  1  0  0  0  0  0  0  0  0  1  1  0  2  0  0  1  0  0  0  1  1  0  0  1  0  1  0  0  0  0  0  0  0  1  0  0  0  0  0  0  0  0  0  0  0  1  0  0
          0  0  0  1  0  0  1  0  0  0  0  0  0  0  1  0  0  0  0  0  0  0  0  0  0  0  1  0  0  0  0  0  0  0  0  0  1  0  0  1  0  0  0  0  1  0  0  0  0  0  1  0  0  0  0  0  0  0  0  0  0  0  0  0  0  0  2  0  0  0  0  0  0  0  0  1  0  0  0  0  0  0  0  1  1  0  0  1  1  0  1  0  1  0  1  0  1  0  0  0  1  0  0  0  0  0  0  0  0  1  0  0  0  0  0  0  0  0  0  0  1  0
          0  0  0  0  1  1  0  0  0  0  0  0  0  0  0  0  1  0  0  0  0  0  0  0  0  0  0  1  0  0  0  0  0  0  0  1  0  0  0  0  1  0  0  0  0  0  1  0  0  0  0  1  0  0  0  0  0  0  0  0  0  0  0  0  0  1  0  1  0  0  0  0  0  0  0  0  1  0  0  0  0  0  0  0  0  2  0  1  1  0  0  1  1  1  0  1  0  0  1  0  0  0  0  0  0  0  0  0  1  0  0  0  0  0  0  0  0  0  0  0  0  1
          0  0  0  0  0  0  0  1  0  0  1  0  0  0  1  0  0  0  1  0  0  0  0  0  0  0  0  1  0  1  0  0  0  0  0  0  0  0  0  0  0  1  0  0  0  1  0  0  0  0  0  0  0  0  0  0  1  1  0  0  0  0  0  0  0  0  0  0  2  0  0  0  0  0  0  0  0  0  0  0  0  0  0  0  0  0  0  0  0  0  0  1  0  0  1  0  1  1  1  0  0  1  0  0  1  0  0  0  0  1  0  0  0  1  1  0  0  0  0  0  0  0
          0  0  0  0  0  0  1  0  1  0  0  0  0  0  0  0  1  0  0  1  0  0  0  0  0  0  1  0  0  0  1  0  0  0  0  0  0  0  0  0  0  0  1  0  1  0  0  0  0  0  0  0  0  0  0  0  0  0  2  0  0  0  0  0  0  0  0  0  0  1  1  0  0  0  0  0  0  0  0  0  0  0  0  0  0  0  0  0  0  1  0  0  0  1  0  1  0  1  0  1  0  0  1  0  0  1  0  0  1  0  0  0  0  1  1  0  0  0  0  0  0  0
          0  0  0  0  0  1  0  0  0  1  0  0  0  0  0  1  0  1  0  0  0  0  0  0  0  0  0  0  1  0  0  1  0  0  0  0  0  0  0  0  0  0  0  1  0  0  1  0  0  0  0  0  0  0  0  0  1  1  0  0  0  0  0  0  0  0  0  0  0  1  1  0  0  0  0  0  0  0  0  0  0  0  0  0  0  0  0  0  0  0  1  0  1  0  0  1  1  0  0  0  1  0  0  1  0  0  1  1  0  0  0  0  0  0  0  2  0  0  0  0  0  0
          0  0  0  0  0  0  0  0  0  0  0  0  0  2  0  0  0  0  0  0  1  1  0  1  1  0  0  0  0  0  0  0  0  0  0  0  0  0  0  0  0  0  1  0  1  0  0  0  0  0  0  1  0  1  0  0  0  0  0  0  0  0  0  0  0  0  0  0  0  0  0  1  0  0  1  0  0  0  0  0  0  0  0  0  0  0  0  0  0  0  0  1  0  0  1  1  0  0  0  1  1  1  0  0  0  0  1  1  0  0  0  0  0  0  0  0  1  0  0  0  1  0
          0  0  0  0  0  0  0  0  0  0  0  1  1  0  0  0  0  0  0  0  0  0  2  1  1  0  0  0  0  0  0  0  0  0  0  0  0  0  0  0  0  1  0  0  0  1  0  0  0  0  0  0  1  0  0  1  0  0  0  0  0  0  0  0  0  0  0  0  0  0  0  0  1  0  0  0  1  0  0  0  0  0  0  0  0  0  0  0  0  0  1  0  1  0  0  0  1  0  1  0  1  0  1  0  0  1  0  0  1  0  0  0  0  0  0  0  0  1  0  1  0  0
          0  0  0  0  0  0  0  0  0  0  0  1  1  0  0  0  0  0  0  0  1  1  0  0  0  2  0  0  0  0  0  0  0  0  0  0  0  0  0  0  0  0  0  1  0  0  1  0  0  0  1  0  0  0  1  0  0  0  0  0  0  0  0  0  0  0  0  0  0  0  0  0  0  1  0  1  0  0  0  0  0  0  0  0  0  0  0  0  0  1  0  0  0  1  0  0  0  1  1  1  0  0  0  1  1  0  0  0  0  1  0  0  0  0  0  0  0  0  1  0  0  1
          0  0  0  0  0  0  0  1  0  0  1  0  0  0  0  1  0  1  0  0  0  0  0  0  0  0  1  0  0  0  1  0  0  0  0  0  0  0  0  0  0  0  0  0  0  0  0  1  1  0  1  0  0  0  1  0  0  0  0  0  0  0  0  0  0  0  0  0  0  0  0  1  0  0  1  0  0  0  0  0  0  0  0  0  0  0  0  0  2  0  0  0  0  0  0  1  0  0  1  0  0  0  1  1  0  0  0  0  0  0  1  0  1  0  0  0  0  1  0  1  0  0
          0  0  0  0  0  1  0  0  0  1  0  0  0  0  0  0  1  0  0  1  0  0  0  0  0  0  0  1  0  1  0  0  0  0  0  0  0  0  0  0  0  0  0  0  0  0  0  1  1  0  0  0  1  0  0  1  0  0  0  0  0  0  0  0  0  0  0  0  0  0  0  0  0  1  0  1  0  0  0  0  0  0  0  0  0  0  1  1  0  0  0  0  0  0  0  0  1  0  0  1  0  1  0  1  0  0  0  0  0  0  0  2  0  0  0  0  1  0  0  0  1  0
          0  0  0  0  0  0  1  0  1  0  0  0  0  0  1  0  0  0  1  0  0  0  0  0  0  0  0  0  1  0  0  1  0  0  0  0  0  0  0  0  0  0  0  0  0  0  0  0  0  2  0  1  0  1  0  0  0  0  0  0  0  0  0  0  0  0  0  0  0  0  0  0  1  0  0  0  1  0  0  0  0  0  0  0  0  0  1  1  0  0  0  0  0  0  0  0  0  1  0  0  1  1  1  0  0  0  0  0  0  0  1  0  1  0  0  0  0  0  1  0  0  1
          0  1  0  0  0  0  0  0  0  0  0  0  1  0  0  0  0  0  1  0  0  0  0  0  0  0  0  1  0  0  0  0  1  0  0  0  0  0  1  0  0  0  0  0  0  0  0  1  0  0  1  0  0  0  0  0  0  0  0  0  0  0  0  1  0  0  1  0  0  0  0  0  0  1  0  0  0  1  0  0  0  0  0  0  0  1  1  0  0  0  0  0  0  0  0  1  0  0  0  0  1  0  0  0  0  2  1  1  0  0  1  0  0  1  0  0  0  0  0  0  0  0
          0  1  0  0  0  0  0  0  0  0  0  1  0  0  0  0  0  1  0  0  0  0  0  0  0  0  0  0  1  0  0  0  0  0  1  0  0  0  0  1  0  0  0  0  0  0  0  0  0  1  0  1  0  0  0  0  0  0  0  0  0  0  1  0  0  0  0  1  0  0  0  1  0  0  0  0  0  0  1  0  0  0  0  0  1  0  0  0  1  0  0  0  0  0  0  0  1  0  0  1  0  0  0  0  2  0  1  0  1  0  0  1  0  0  1  0  0  0  0  0  0  0
          1  0  0  0  0  0  0  0  0  0  0  0  0  1  0  0  0  0  0  1  0  0  0  0  0  0  1  0  0  0  0  0  0  1  0  0  0  0  0  0  1  0  0  0  0  0  0  0  1  0  0  0  1  0  0  0  0  0  0  0  0  0  0  0  1  1  0  0  0  0  0  0  1  0  0  0  0  0  0  1  0  0  0  1  0  0  0  1  0  0  0  0  0  0  0  0  0  1  1  0  0  0  0  0  1  1  1  0  0  1  0  0  1  0  0  1  0  0  0  0  0  0
          0  0  0  1  0  0  0  0  0  1  0  0  0  0  0  1  0  0  0  0  0  0  0  0  0  0  0  0  0  0  1  0  1  0  0  0  0  0  1  0  0  0  0  0  1  0  0  0  0  0  0  0  0  1  0  0  0  0  0  0  2  0  0  0  0  0  0  0  0  0  0  0  0  0  0  0  1  0  0  0  1  0  1  0  0  0  0  0  0  0  0  0  1  0  0  0  0  1  1  0  0  0  0  0  1  0  0  0  1  1  1  1  0  0  0  0  1  0  0  0  0  0
          0  0  0  0  1  0  0  0  1  0  0  0  0  0  1  0  0  0  0  0  0  0  0  0  0  0  0  0  0  0  0  1  0  1  0  0  0  0  0  0  1  0  0  0  0  0  1  0  0  0  0  0  0  0  1  0  0  0  0  1  0  1  0  0  0  0  0  0  0  0  0  0  0  0  1  0  0  0  0  0  0  2  0  0  0  0  0  0  0  0  0  0  0  0  1  0  1  0  0  1  0  0  0  0  0  1  0  1  0  1  1  1  0  0  0  0  0  1  0  0  0  0
          0  0  1  0  0  0  0  0  0  0  1  0  0  0  0  0  1  0  0  0  0  0  0  0  0  0  0  0  0  1  0  0  0  0  1  0  0  0  0  1  0  0  0  0  0  1  0  0  0  0  0  0  0  0  0  1  0  0  0  1  0  1  0  0  0  0  0  0  0  0  0  0  0  0  0  1  0  0  0  0  1  0  1  0  0  0  0  0  0  0  0  0  0  1  0  1  0  0  0  0  1  0  0  0  0  0  1  1  1  0  0  0  2  0  0  0  0  0  1  0  0  0
          0  0  0  0  1  0  1  0  0  0  0  0  0  0  0  0  0  0  0  0  0  1  0  0  1  0  0  0  0  0  0  0  0  0  0  2  0  0  0  0  0  1  0  0  0  0  0  0  0  0  0  0  0  0  0  0  1  0  0  0  0  0  0  1  0  0  1  0  0  0  1  0  0  0  0  0  0  0  0  1  0  0  0  1  0  0  0  0  0  1  0  0  0  0  0  0  0  0  0  0  0  1  0  1  1  0  0  1  1  0  0  1  1  0  0  0  0  0  0  1  0  0
          0  0  0  1  0  1  0  0  0  0  0  0  0  0  0  0  0  0  0  0  1  0  0  0  0  1  0  0  0  0  0  0  0  0  0  0  1  1  0  0  0  0  0  1  0  0  0  0  0  0  0  0  0  0  0  0  0  1  0  0  0  0  0  0  1  1  0  0  1  0  0  0  0  0  0  0  0  0  1  0  0  0  0  0  1  0  0  0  0  0  0  1  0  0  0  0  0  0  0  0  0  0  2  0  0  1  0  1  1  0  1  0  1  0  0  0  0  0  0  0  1  0
          0  0  1  0  0  0  0  1  0  0  0  0  0  0  0  0  0  0  0  0  0  0  1  1  0  0  0  0  0  0  0  0  0  0  0  0  1  1  0  0  0  0  1  0  0  0  0  0  0  0  0  0  0  0  0  0  0  0  1  0  0  0  1  0  0  0  0  1  0  1  0  0  0  0  0  0  0  1  0  0  0  0  0  0  0  1  0  0  0  0  1  0  0  0  0  0  0  0  0  0  0  1  0  1  0  0  1  0  0  2  1  1  0  0  0  0  0  0  0  0  0  1
          0  0  0  0  1  0  1  0  0  0  0  0  0  0  0  0  0  0  0  0  1  0  0  1  0  0  0  0  0  0  0  0  0  0  0  0  2  0  0  0  0  0  0  0  0  0  0  0  1  0  0  0  0  0  1  0  0  0  0  1  0  0  0  0  0  1  0  0  0  0  0  0  0  0  0  0  1  1  0  0  0  0  1  0  0  0  1  0  0  0  0  0  0  0  0  1  1  0  0  0  0  0  0  0  1  0  0  0  0  0  0  0  0  0  1  1  1  0  1  1  0  0
          0  0  1  0  0  0  0  1  0  0  0  0  0  0  0  0  0  0  0  0  0  1  0  0  0  1  0  0  0  0  0  0  0  0  0  1  0  1  0  0  0  0  0  0  0  0  0  0  0  1  0  0  0  1  0  0  0  0  0  0  1  0  0  0  0  0  0  1  0  0  0  0  0  0  0  1  0  0  0  1  1  0  0  0  0  0  0  1  0  0  0  0  0  0  0  1  1  0  0  0  0  0  0  0  0  1  0  0  0  0  0  0  0  1  0  1  0  2  0  0  1  0
          0  0  0  1  0  1  0  0  0  0  0  0  0  0  0  0  0  0  0  0  0  0  1  0  1  0  0  0  0  0  0  0  0  0  0  1  0  1  0  0  0  0  0  0  0  0  0  1  0  0  0  0  0  0  0  1  0  0  0  0  0  1  0  0  0  0  1  0  0  0  0  0  0  0  1  0  0  0  1  0  0  1  0  0  0  0  0  0  1  0  0  0  0  0  0  0  0  2  0  0  0  0  0  0  0  0  1  0  0  0  0  0  0  1  1  0  1  0  1  0  0  1
          0  0  0  1  0  0  0  0  0  1  0  0  0  0  1  0  0  0  0  0  0  0  0  0  0  0  0  0  0  1  0  0  0  1  0  0  0  0  0  1  0  0  1  0  0  0  0  0  0  0  0  1  0  0  0  0  0  0  0  0  0  0  2  0  0  0  0  0  0  0  0  0  0  1  0  0  0  0  0  0  0  0  0  1  0  1  0  0  0  1  0  0  0  0  0  0  0  0  1  0  0  0  1  0  0  0  0  1  0  0  0  0  0  1  0  1  0  1  1  1  0  0
          0  0  1  0  0  0  0  0  0  0  1  0  0  0  0  1  0  0  0  0  0  0  0  0  0  0  0  0  0  0  0  1  1  0  0  0  0  0  0  0  1  0  0  1  0  0  0  0  0  0  1  0  0  0  0  0  0  0  0  0  0  0  0  1  1  0  0  0  0  0  0  0  1  0  0  0  0  0  0  0  0  0  0  1  0  1  0  0  0  0  1  0  0  0  0  0  0  0  0  1  0  1  0  0  0  0  0  0  1  0  0  0  0  0  2  0  1  0  1  0  1  0
          0  0  0  0  1  0  0  0  1  0  0  0  0  0  0  0  1  0  0  0  0  0  0  0  0  0  0  0  0  0  1  0  0  0  1  0  0  0  1  0  0  1  0  0  0  0  0  0  0  0  0  0  1  0  0  0  0  0  0  0  0  0  0  1  1  0  0  0  0  0  0  1  0  0  0  0  0  0  0  0  0  0  0  0  2  0  0  0  0  0  0  1  0  0  0  0  0  0  0  0  1  0  0  1  0  0  0  0  0  1  0  0  0  1  0  1  1  1  0  0  0  1
          0  1  0  0  0  0  0  0  0  0  0  0  1  0  0  0  0  1  0  0  0  0  0  0  0  0  1  0  0  0  0  0  0  1  0  0  0  0  0  1  0  0  0  0  0  1  0  0  0  0  0  0  0  0  0  0  0  1  0  1  0  0  0  0  0  1  0  0  0  0  1  0  0  0  0  0  0  0  0  1  1  0  0  0  0  0  0  0  0  0  0  0  1  0  0  0  0  0  0  1  0  1  0  0  0  0  0  0  0  0  1  0  0  1  0  0  1  0  0  0  1  2
          1  0  0  0  0  0  0  0  0  0  0  0  0  1  0  0  0  0  1  0  0  0  0  0  0  0  0  0  1  0  0  0  0  0  1  0  0  0  1  0  0  0  0  0  0  0  1  0  0  0  0  0  0  0  0  0  1  0  0  0  0  1  0  0  0  0  1  0  0  1  0  0  0  0  0  0  0  1  0  0  0  0  1  0  0  0  0  0  0  0  0  0  0  1  0  0  0  0  1  0  0  0  1  0  0  0  0  0  0  0  0  1  0  0  1  0  0  1  0  1  1  1
          0  1  0  0  0  0  0  0  0  0  0  1  0  0  0  0  0  0  0  1  0  0  0  0  0  0  0  1  0  0  0  0  1  0  0  0  0  0  0  0  1  0  0  0  1  0  0  0  0  0  0  0  0  0  0  0  0  0  1  0  1  0  0  0  0  0  0  1  1  0  0  0  0  0  0  0  0  0  1  0  0  1  0  0  0  0  0  0  0  0  0  0  0  0  1  0  0  0  0  0  1  0  0  1  0  0  0  0  0  0  0  0  1  0  0  1  0  0  1  2  1  0
      (c) f(fixed)=1, g(mapped-to-adjacent)=22
          Delta=(lam-mu)^2+4(k-mu)=(1-2)^2+4(22-2) -> 81, sqrt(Delta)=9
          (k-s)-(-s*f+g) = (22-(-5)) - (5*1+22) = 0
          DKW congruence k-s ≡ -s*f+g (mod 9): OK  (divisible)
  --- automorphism 'Z3 translation' order=3 (genuine automorphism: True)
      orbit count = 81, orbit lengths = [3, 3, 3, 3, 3, 3, 3, 3, 3, 3, 3, 3, 3, 3, 3, 3, 3, 3, 3, 3, 3, 3, 3, 3, 3, 3, 3, 3, 3, 3, 3, 3, 3, 3, 3, 3, 3, 3, 3, 3, 3, 3, 3, 3, 3, 3, 3, 3, 3, 3, 3, 3, 3, 3, 3, 3, 3, 3, 3, 3, 3, 3, 3, 3, 3, 3, 3, 3, 3, 3, 3, 3, 3, 3, 3, 3, 3, 3, 3, 3, 3]
      (a) orbit-matrix row sums all equal degree k=22: OK
      (b) orbit matrix constant on orbits: True  [orbit matrix constant on all 81 orbits (checked every vertex)]
      orbit matrix M (81x81):
          2  1  1  1  0  0  1  0  0  1  0  0  0  1  0  0  0  0  1  0  0  0  0  0  0  0  1  1  0  0  0  0  0  0  0  1  0  0  0  0  0  1  0  1  0  0  1  0  1  0  0  0  0  0  1  0  0  0  1  0  0  0  0  0  0  1  0  0  0  1  0  0  0  0  0  0  0  1  0  1  0
          1  2  1  0  1  0  0  1  0  0  1  0  0  0  1  0  0  0  0  1  0  0  0  0  1  0  0  0  1  0  0  0  0  1  0  0  0  0  0  1  0  0  0  0  1  0  0  1  0  1  0  0  0  0  0  1  0  0  0  1  0  0  0  1  0  0  0  0  0  0  1  0  0  0  0  1  0  0  0  0  1
          1  1  2  0  0  1  0  0  1  0  0  1  1  0  0  0  0  0  0  0  1  0  0  0  0  1  0  0  0  1  0  0  0  0  1  0  0  0  0  0  1  0  1  0  0  1  0  0  0  0  1  0  0  0  0  0  1  1  0  0  0  0  0  0  1  0  0  0  0  0  0  1  0  0  0  0  1  0  1  0  0
          1  0  0  2  1  1  1  0  0  0  0  0  1  0  0  0  1  0  0  0  1  1  0  0  0  0  0  0  0  1  1  0  0  0  0  0  0  1  0  0  0  0  0  0  1  0  0  0  0  1  0  1  0  0  0  0  0  1  0  0  0  1  0  1  0  0  0  0  1  0  0  0  0  1  0  0  0  0  0  0  1
          0  1  0  1  2  1  0  1  0  0  0  0  0  1  0  0  0  1  1  0  0  0  1  0  0  0  0  1  0  0  0  1  0  0  0  0  0  0  1  0  0  0  1  0  0  0  0  0  0  0  1  0  1  0  0  0  0  0  1  0  0  0  1  0  1  0  1  0  0  0  0  0  0  0  1  0  0  0  1  0  0
          0  0  1  1  1  2  0  0  1  0  0  0  0  0  1  1  0  0  0  1  0  0  0  1  0  0  0  0  1  0  0  0  1  0  0  0  1  0  0  0  0  0  0  1  0  0  0  0  1  0  0  0  0  1  0  0  0  0  0  1  1  0  0  0  0  1  0  1  0  0  0  0  1  0  0  0  0  0  0  1  0
          1  0  0  1  0  0  2  1  1  0  1  0  0  0  0  1  0  0  0  0  0  0  0  1  1  0  0  0  0  0  0  0  1  1  0  0  0  0  1  0  1  0  0  0  0  1  0  0  0  0  0  0  1  0  0  1  0  0  0  0  1  0  0  0  0  0  1  0  0  0  0  1  0  0  1  0  1  0  0  0  0
          0  1  0  0  1  0  1  2  1  0  0  1  0  0  0  0  1  0  0  0  0  1  0  0  0  1  0  0  0  0  1  0  0  0  1  0  1  0  0  0  0  1  0  0  0  0  1  0  0  0  0  0  0  1  0  0  1  0  0  0  0  1  0  0  0  0  0  1  0  1  0  0  1  0  0  0  0  1  0  0  0
          0  0  1  0  0  1  1  1  2  1  0  0  0  0  0  0  0  1  0  0  0  0  1  0  0  0  1  0  0  0  0  1  0  0  0  1  0  1  0  1  0  0  0  0  0  0  0  1  0  0  0  1  0  0  1  0  0  0  0  0  0  0  1  0  0  0  0  0  1  0  1  0  0  1  0  1  0  0  0  0  0
          1  0  0  0  0  0  0  0  1  2  1  1  1  0  0  1  0  0  1  0  0  0  1  0  0  0  0  0  1  0  1  0  0  0  0  0  1  0  0  0  0  0  0  0  1  0  0  0  0  0  1  0  1  0  0  0  0  0  0  1  0  1  0  1  0  0  0  1  0  0  0  0  0  0  1  0  0  0  1  0  0
          0  1  0  0  0  0  1  0  0  1  2  1  0  1  0  0  1  0  0  1  0  0  0  1  0  0  0  0  0  1  0  1  0  0  0  0  0  1  0  0  0  0  1  0  0  0  0  0  1  0  0  0  0  1  0  0  0  1  0  0  0  0  1  0  1  0  0  0  1  0  0  0  1  0  0  0  0  0  0  1  0
          0  0  1  0  0  0  0  1  0  1  1  2  0  0  1  0  0  1  0  0  1  1  0  0  0  0  0  1  0  0  0  0  1  0  0  0  0  0  1  0  0  0  0  1  0  0  0  0  0  1  0  1  0  0  0  0  0  0  1  0  1  0  0  0  0  1  1  0  0  0  0  0  0  1  0  0  0  0  0  0  1
          0  0  1  1  0  0  0  0  0  1  0  0  2  1  1  1  0  0  0  0  0  1  0  0  0  1  0  0  0  0  0  1  0  1  0  0  0  0  1  1  0  0  0  0  0  0  1  0  0  0  0  0  0  1  0  1  0  0  0  0  0  0  1  0  0  0  1  0  0  0  1  0  1  0  0  0  0  1  0  0  0
          1  0  0  0  1  0  0  0  0  0  1  0  1  2  1  0  1  0  0  0  0  0  1  0  0  0  1  0  0  0  0  0  1  0  1  0  1  0  0  0  1  0  0  0  0  0  0  1  0  0  0  1  0  0  0  0  1  0  0  0  1  0  0  0  0  0  0  1  0  0  0  1  0  1  0  1  0  0  0  0  0
          0  1  0  0  0  1  0  0  0  0  0  1  1  1  2  0  0  1  0  0  0  0  0  1  1  0  0  0  0  0  1  0  0  0  0  1  0  1  0  0  0  1  0  0  0  1  0  0  0  0  0  0  1  0  1  0  0  0  0  0  0  1  0  0  0  0  0  0  1  1  0  0  0  0  1  0  1  0  0  0  0
          0  0  0  0  0  1  1  0  0  1  0  0  1  0  0  2  1  1  0  1  0  0  0  0  1  0  0  1  0  0  0  0  0  0  1  0  0  0  0  0  0  1  1  0  0  0  0  1  0  1  0  0  0  0  0  0  1  0  1  0  0  0  0  0  1  0  0  0  0  1  0  0  0  0  0  1  0  0  0  0  1
          0  0  0  1  0  0  0  1  0  0  1  0  0  1  0  1  2  1  0  0  1  0  0  0  0  1  0  0  1  0  0  0  0  0  0  1  0  0  0  1  0  0  0  1  0  1  0  0  0  0  1  0  0  0  1  0  0  0  0  1  0  0  0  0  0  1  0  0  0  0  1  0  0  0  0  0  1  0  1  0  0
          0  0  0  0  1  0  0  0  1  0  0  1  0  0  1  1  1  2  1  0  0  0  0  0  0  0  1  0  0  1  0  0  0  1  0  0  0  0  0  0  1  0  0  0  1  0  1  0  1  0  0  0  0  0  0  1  0  1  0  0  0  0  0  1  0  0  0  0  0  0  0  1  0  0  0  0  0  1  0  1  0
          1  0  0  0  1  0  0  0  0  1  0  0  0  0  0  0  0  1  2  1  1  1  0  0  1  0  0  0  0  0  0  0  1  0  1  0  0  1  0  1  0  0  0  0  0  1  0  0  0  0  0  0  0  1  0  0  1  0  0  0  1  0  0  0  0  0  0  0  1  0  1  0  1  0  0  0  1  0  0  0  0
          0  1  0  0  0  1  0  0  0  0  1  0  0  0  0  1  0  0  1  2  1  0  1  0  0  1  0  0  0  0  1  0  0  0  0  1  0  0  1  0  1  0  0  0  0  0  1  0  0  0  0  1  0  0  1  0  0  0  0  0  0  1  0  0  0  0  1  0  0  0  0  1  0  1  0  0  0  1  0  0  0
          0  0  1  1  0  0  0  0  0  0  0  1  0  0  0  0  1  0  1  1  2  0  0  1  0  0  1  0  0  0  0  1  0  1  0  0  1  0  0  0  0  1  0  0  0  0  0  1  0  0  0  0  1  0  0  1  0  0  0  0  0  0  1  0  0  0  0  1  0  1  0  0  0  0  1  1  0  0  0  0  0
          0  0  0  1  0  0  0  1  0  0  0  1  1  0  0  0  0  0  1  0  0  2  1  1  1  0  0  0  1  0  0  0  0  0  0  1  0  0  0  0  1  0  1  0  0  0  0  1  1  0  0  0  0  0  1  0  0  0  0  1  0  0  0  0  1  0  0  0  0  0  0  1  0  0  0  1  0  0  0  1  0
          0  0  0  0  1  0  0  0  1  1  0  0  0  1  0  0  0  0  0  1  0  1  2  1  0  1  0  0  0  1  0  0  0  1  0  0  0  0  0  0  0  1  0  1  0  1  0  0  0  1  0  0  0  0  0  1  0  1  0  0  0  0  0  0  0  1  0  0  0  1  0  0  0  0  0  0  1  0  0  0  1
          0  0  0  0  0  1  1  0  0  0  1  0  0  0  1  0  0  0  0  0  1  1  1  2  0  0  1  1  0  0  0  0  0  0  1  0  0  0  0  1  0  0  0  0  1  0  1  0  0  0  1  0  0  0  0  0  1  0  1  0  0  0  0  1  0  0  0  0  0  0  1  0  0  0  0  0  0  1  1  0  0
          0  1  0  0  0  0  1  0  0  0  0  0  0  0  1  1  0  0  1  0  0  1  0  0  2  1  1  0  0  1  0  1  0  0  0  0  1  0  0  0  0  0  0  1  0  0  0  0  0  0  1  1  0  0  0  0  0  1  0  0  0  0  1  0  0  1  0  1  0  0  0  0  0  1  0  0  0  0  1  0  0
          0  0  1  0  0  0  0  1  0  0  0  0  1  0  0  0  1  0  0  1  0  0  1  0  1  2  1  1  0  0  0  0  1  0  0  0  0  1  0  0  0  0  0  0  1  0  0  0  1  0  0  0  1  0  0  0  0  0  1  0  1  0  0  1  0  0  0  0  1  0  0  0  0  0  1  0  0  0  0  1  0
          1  0  0  0  0  0  0  0  1  0  0  0  0  1  0  0  0  1  0  0  1  0  0  1  1  1  2  0  1  0  1  0  0  0  0  0  0  0  1  0  0  0  1  0  0  0  0  0  0  1  0  0  0  1  0  0  0  0  0  1  0  1  0  0  1  0  1  0  0  0  0  0  1  0  0  0  0  0  0  0  1
          1  0  0  0  1  0  0  0  0  0  0  1  0  0  0  1  0  0  0  0  0  0  0  1  0  1  0  2  1  1  1  0  0  1  0  0  1  0  0  0  1  0  0  0  0  1  0  0  0  0  0  0  0  1  1  0  0  0  0  0  0  0  1  0  0  0  0  0  1  0  1  0  0  1  0  1  0  0  0  0  0
          0  1  0  0  0  1  0  0  0  1  0  0  0  0  0  0  1  0  0  0  0  1  0  0  0  0  1  1  2  1  0  1  0  0  1  0  0  1  0  0  0  1  0  0  0  0  1  0  0  0  0  1  0  0  0  1  0  0  0  0  1  0  0  0  0  0  1  0  0  0  0  1  0  0  1  0  1  0  0  0  0
          0  0  1  1  0  0  0  0  0  0  1  0  0  0  0  0  0  1  0  0  0  0  1  0  1  0  0  1  1  2  0  0  1  0  0  1  0  0  1  1  0  0  0  0  0  0  0  1  0  0  0  0  1  0  0  0  1  0  0  0  0  1  0  0  0  0  0  1  0  1  0  0  1  0  0  0  0  1  0  0  0
          0  0  0  1  0  0  0  1  0  1  0  0  0  0  1  0  0  0  0  1  0  0  0  0  0  0  1  1  0  0  2  1  1  1  0  0  0  0  0  1  0  0  0  1  0  0  0  1  1  0  0  0  0  0  0  0  1  1  0  0  0  0  0  0  1  0  0  0  0  0  0  1  0  0  0  0  1  0  1  0  0
          0  0  0  0  1  0  0  0  1  0  1  0  1  0  0  0  0  0  0  0  1  0  0  0  1  0  0  0  1  0  1  2  1  0  1  0  0  0  0  0  1  0  0  0  1  1  0  0  0  1  0  0  0  0  1  0  0  0  1  0  0  0  0  0  0  1  0  0  0  1  0  0  0  0  0  0  0  1  0  1  0
          0  0  0  0  0  1  1  0  0  0  0  1  0  1  0  0  0  0  1  0  0  0  0  0  0  1  0  0  0  1  1  1  2  0  0  1  0  0  0  0  0  1  1  0  0  0  1  0  0  0  1  0  0  0  0  1  0  0  0  1  0  0  0  1  0  0  0  0  0  0  1  0  0  0  0  1  0  0  0  0  1
          0  1  0  0  0  0  1  0  0  0  0  0  1  0  0  0  0  1  0  0  1  0  1  0  0  0  0  1  0  0  1  0  0  2  1  1  0  1  0  0  0  0  1  0  0  0  0  0  0  0  1  1  0  0  0  0  0  0  0  1  1  0  0  0  0  1  0  1  0  0  0  0  1  0  0  0  0  0  0  1  0
          0  0  1  0  0  0  0  1  0  0  0  0  0  1  0  1  0  0  1  0  0  0  0  1  0  0  0  0  1  0  0  1  0  1  2  1  0  0  1  0  0  0  0  1  0  0  0  0  1  0  0  0  1  0  0  0  0  1  0  0  0  1  0  1  0  0  0  0  1  0  0  0  0  1  0  0  0  0  0  0  1
          1  0  0  0  0  0  0  0  1  0  0  0  0  0  1  0  1  0  0  1  0  1  0  0  0  0  0  0  0  1  0  0  1  1  1  2  1  0  0  0  0  0  0  0  1  0  0  0  0  1  0  0  0  1  0  0  0  0  1  0  0  0  1  0  1  0  1  0  0  0  0  0  0  0  1  0  0  0  1  0  0
          0  0  0  0  0  1  0  1  0  1  0  0  0  1  0  0  0  0  0  0  1  0  0  0  1  0  0  1  0  0  0  0  0  0  0  1  2  1  1  1  0  0  1  0  0  1  0  0  0  1  0  0  0  0  0  1  0  1  0  0  0  0  0  1  0  0  0  0  0  0  0  1  0  0  0  0  0  1  0  1  0
          0  0  0  1  0  0  0  0  1  0  1  0  0  0  1  0  0  0  1  0  0  0  0  0  0  1  0  0  1  0  0  0  0  1  0  0  1  2  1  0  1  0  0  1  0  0  1  0  0  0  1  0  0  0  0  0  1  0  1  0  0  0  0  0  1  0  0  0  0  1  0  0  0  0  0  1  0  0  0  0  1
          0  0  0  0  1  0  1  0  0  0  0  1  1  0  0  0  0  0  0  1  0  0  0  0  0  0  1  0  0  1  0  0  0  0  1  0  1  1  2  0  0  1  0  0  1  0  0  1  1  0  0  0  0  0  1  0  0  0  0  1  0  0  0  0  0  1  0  0  0  0  1  0  0  0  0  0  1  0  1  0  0
          0  1  0  0  0  0  0  0  1  0  0  0  1  0  0  0  1  0  1  0  0  0  0  1  0  0  0  0  0  1  1  0  0  0  0  0  1  0  0  2  1  1  1  0  0  0  0  0  1  0  0  0  1  0  0  0  0  0  1  0  1  0  0  0  0  1  1  0  0  0  0  0  0  1  0  0  0  0  0  0  1
          0  0  1  0  0  0  1  0  0  0  0  0  0  1  0  0  0  1  0  1  0  1  0  0  0  0  0  1  0  0  0  1  0  0  0  0  0  1  0  1  2  1  0  1  0  0  0  0  0  1  0  0  0  1  0  0  0  0  0  1  0  1  0  1  0  0  0  1  0  0  0  0  0  0  1  0  0  0  1  0  0
          1  0  0  0  0  0  0  1  0  0  0  0  0  0  1  1  0  0  0  0  1  0  1  0  0  0  0  0  1  0  0  0  1  0  0  0  0  0  1  1  1  2  0  0  1  0  0  0  0  0  1  1  0  0  0  0  0  1  0  0  0  0  1  0  1  0  0  0  1  0  0  0  1  0  0  0  0  0  0  1  0
          0  0  1  0  1  0  0  0  0  0  1  0  0  0  0  1  0  0  0  0  0  1  0  0  0  0  1  0  0  0  0  0  1  1  0  0  1  0  0  1  0  0  2  1  1  0  1  0  0  0  0  1  0  0  1  0  0  0  0  0  0  1  0  0  0  0  0  0  1  1  0  0  0  0  1  0  1  0  0  0  0
          1  0  0  0  0  1  0  0  0  0  0  1  0  0  0  0  1  0  0  0  0  0  1  0  1  0  0  0  0  0  1  0  0  0  1  0  0  1  0  0  1  0  1  2  1  0  0  1  0  0  0  0  1  0  0  1  0  0  0  0  0  0  1  0  0  0  1  0  0  0  1  0  1  0  0  0  0  1  0  0  0
          0  1  0  1  0  0  0  0  0  1  0  0  0  0  0  0  0  1  0  0  0  0  0  1  0  1  0  0  0  0  0  1  0  0  0  1  0  0  1  0  0  1  1  1  2  1  0  0  0  0  0  0  0  1  0  0  1  0  0  0  1  0  0  0  0  0  0  1  0  0  0  1  0  1  0  1  0  0  0  0  0
          0  0  1  0  0  0  1  0  0  0  0  0  0  0  1  0  1  0  1  0  0  0  1  0  0  0  0  1  0  0  0  1  0  0  0  0  1  0  0  0  0  0  0  0  1  2  1  1  1  0  0  1  0  0  0  0  0  0  0  1  0  1  0  0  1  0  1  0  0  0  0  0  1  0  0  0  0  0  0  0  1
          1  0  0  0  0  0  0  1  0  0  0  0  1  0  0  0  0  1  0  1  0  0  0  1  0  0  0  0  1  0  0  0  1  0  0  0  0  1  0  0  0  0  1  0  0  1  2  1  0  1  0  0  1  0  0  0  0  1  0  0  0  0  1  0  0  1  0  1  0  0  0  0  0  1  0  0  0  0  1  0  0
          0  1  0  0  0  0  0  0  1  0  0  0  0  1  0  1  0  0  0  0  1  1  0  0  0  0  0  0  0  1  1  0  0  0  0  0  0  0  1  0  0  0  0  1  0  1  1  2  0  0  1  0  0  1  0  0  0  0  1  0  1  0  0  1  0  0  0  0  1  0  0  0  0  0  1  0  0  0  0  1  0
          1  0  0  0  0  1  0  0  0  0  1  0  0  0  0  0  0  1  0  0  0  1  0  0  0  1  0  0  0  0  1  0  0  0  1  0  0  0  1  1  0  0  0  0  0  1  0  0  2  1  1  1  0  0  0  1  0  0  0  0  0  0  1  0  0  0  0  1  0  1  0  0  0  0  1  1  0  0  0  0  0
          0  1  0  1  0  0  0  0  0  0  0  1  0  0  0  1  0  0  0  0  0  0  1  0  0  0  1  0  0  0  0  1  0  0  0  1  1  0  0  0  1  0  0  0  0  0  1  0  1  2  1  0  1  0  0  0  1  0  0  0  1  0  0  0  0  0  0  0  1  0  1  0  1  0  0  0  1  0  0  0  0
          0  0  1  0  1  0  0  0  0  1  0  0  0  0  0  0  1  0  0  0  0  0  0  1  1  0  0  0  0  0  0  0  1  1  0  0  0  1  0  0  0  1  0  0  0  0  0  1  1  1  2  0  0  1  1  0  0  0  0  0  0  1  0  0  0  0  1  0  0  0  0  1  0  1  0  0  0  1  0  0  0
          0  0  0  1  0  0  0  0  1  0  0  1  0  1  0  0  0  0  0  1  0  0  0  0  1  0  0  0  1  0  0  0  0  1  0  0  0  0  0  0  0  1  1  0  0  1  0  0  1  0  0  2  1  1  0  0  1  0  1  0  0  0  0  1  0  0  0  0  0  0  1  0  0  0  0  0  0  1  1  0  0
          0  0  0  0  1  0  1  0  0  1  0  0  0  0  1  0  0  0  0  0  1  0  0  0  0  1  0  0  0  1  0  0  0  0  1  0  0  0  0  1  0  0  0  1  0  0  1  0  0  1  0  1  2  1  1  0  0  0  0  1  0  0  0  0  1  0  0  0  0  0  0  1  0  0  0  1  0  0  0  1  0
          0  0  0  0  0  1  0  1  0  0  1  0  1  0  0  0  0  0  1  0  0  0  0  0  0  0  1  1  0  0  0  0  0  0  0  1  0  0  0  0  1  0  0  0  1  0  0  1  0  0  1  1  1  2  0  1  0  1  0  0  0  0  0  0  0  1  0  0  0  1  0  0  0  0  0  0  1  0  0  0  1
          1  0  0  0  0  0  0  0  1  0  0  0  0  0  1  0  1  0  0  1  0  1  0  0  0  0  0  1  0  0  0  1  0  0  0  0  0  0  1  0  0  0  1  0  0  0  0  0  0  0  1  0  1  0  2  1  1  1  0  0  1  0  0  1  0  0  0  1  0  0  0  0  1  0  0  0  0  0  0  0  1
          0  1  0  0  0  0  1  0  0  0  0  0  1  0  0  0  0  1  0  0  1  0  1  0  0  0  0  0  1  0  0  0  1  0  0  0  1  0  0  0  0  0  0  1  0  0  0  0  1  0  0  0  0  1  1  2  1  0  1  0  0  1  0  0  1  0  0  0  1  0  0  0  0  1  0  0  0  0  1  0  0
          0  0  1  0  0  0  0  1  0  0  0  0  0  1  0  1  0  0  1  0  0  0  0  1  0  0  0  0  0  1  1  0  0  0  0  0  0  1  0  0  0  0  0  0  1  0  0  0  0  1  0  1  0  0  1  1  2  0  0  1  0  0  1  0  0  1  1  0  0  0  0  0  0  0  1  0  0  0  0  1  0
          0  0  1  1  0  0  0  0  0  0  1  0  0  0  0  0  0  1  0  0  0  0  1  0  1  0  0  0  0  0  1  0  0  0  1  0  1  0  0  0  0  1  0  0  0  0  1  0  0  0  0  0  0  1  1  0  0  2  1  1  1  0  0  0  0  0  1  0  0  0  1  0  0  0  1  1  0  0  0  0  0
          1  0  0  0  1  0  0  0  0  0  0  1  0  0  0  1  0  0  0  0  0  0  0  1  0  1  0  0  0  0  0  1  0  0  0  1  0  1  0  1  0  0  0  0  0  0  0  1  0  0  0  1  0  0  0  1  0  1  2  1  0  1  0  0  0  0  0  1  0  0  0  1  1  0  0  0  1  0  0  0  0
          0  1  0  0  0  1  0  0  0  1  0  0  0  0  0  0  1  0  0  0  0  1  0  0  0  0  1  0  0  0  0  0  1  1  0  0  0  0  1  0  1  0  0  0  0  1  0  0  0  0  0  0  1  0  0  0  1  1  1  2  0  0  1  0  0  0  0  0  1  1  0  0  0  1  0  0  0  1  0  0  0
          0  0  0  0  0  1  1  0  0  0  0  1  0  1  0  0  0  0  1  0  0  0  0  0  0  1  0  0  1  0  0  0  0  1  0  0  0  0  0  1  0  0  0  0  1  0  0  1  0  1  0  0  0  0  1  0  0  1  0  0  2  1  1  0  1  0  0  0  0  1  0  0  0  0  0  0  0  1  1  0  0
          0  0  0  1  0  0  0  1  0  1  0  0  0  0  1  0  0  0  0  1  0  0  0  0  0  0  1  0  0  1  0  0  0  0  1  0  0  0  0  0  1  0  1  0  0  1  0  0  0  0  1  0  0  0  0  1  0  0  1  0  1  2  1  0  0  1  0  0  0  0  1  0  0  0  0  1  0  0  0  1  0
          0  0  0  0  1  0  0  0  1  0  1  0  1  0  0  0  0  0  0  0  1  0  0  0  1  0  0  1  0  0  0  0  0  0  0  1  0  0  0  0  0  1  0  1  0  0  1  0  1  0  0  0  0  0  0  0  1  0  0  1  1  1  2  1  0  0  0  0  0  0  0  1  0  0  0  0  1  0  0  0  1
          0  1  0  1  0  0  0  0  0  1  0  0  0  0  0  0  0  1  0  0  0  0  0  1  0  1  0  0  0  0  0  0  1  0  1  0  1  0  0  0  1  0  0  0  0  0  0  1  0  0  0  1  0  0  1  0  0  0  0  0  0  0  1  2  1  1  1  0  0  1  0  0  1  0  0  0  1  0  0  0  0
          0  0  1  0  1  0  0  0  0  0  1  0  0  0  0  1  0  0  0  0  0  1  0  0  0  0  1  0  0  0  1  0  0  0  0  1  0  1  0  0  0  1  0  0  0  1  0  0  0  0  0  0  1  0  0  1  0  0  0  0  1  0  0  1  2  1  0  1  0  0  1  0  0  1  0  0  0  1  0  0  0
          1  0  0  0  0  1  0  0  0  0  0  1  0  0  0  0  1  0  0  0  0  0  1  0  1  0  0  0  0  0  0  1  0  1  0  0  0  0  1  1  0  0  0  0  0  0  1  0  0  0  0  0  0  1  0  0  1  0  0  0  0  1  0  1  1  2  0  0  1  0  0  1  0  0  1  1  0  0  0  0  0
          0  0  0  0  1  0  1  0  0  0  0  1  1  0  0  0  0  0  0  1  0  0  0  0  0  0  1  0  1  0  0  0  0  0  0  1  0  0  0  1  0  0  0  1  0  1  0  0  0  0  1  0  0  0  0  0  1  1  0  0  0  0  0  1  0  0  2  1  1  1  0  0  0  0  0  1  0  0  0  1  0
          0  0  0  0  0  1  0  1  0  1  0  0  0  1  0  0  0  0  0  0  1  0  0  0  1  0  0  0  0  1  0  0  0  1  0  0  0  0  0  0  1  0  0  0  1  0  1  0  1  0  0  0  0  0  1  0  0  0  1  0  0  0  0  0  1  0  1  2  1  0  1  0  0  0  0  0  1  0  0  0  1
          0  0  0  1  0  0  0  0  1  0  1  0  0  0  1  0  0  0  1  0  0  0  0  0  0  1  0  1  0  0  0  0  0  0  1  0  0  0  0  0  0  1  1  0  0  0  0  1  0  1  0  0  0  0  0  1  0  0  0  1  0  0  0  0  0  1  1  1  2  0  0  1  0  0  0  0  0  1  1  0  0
          1  0  0  0  0  0  0  1  0  0  0  0  0  0  1  1  0  0  0  0  1  0  1  0  0  0  0  0  0  1  0  1  0  0  0  0  0  1  0  0  0  0  1  0  0  0  0  0  1  0  0  0  0  1  0  0  0  0  0  1  1  0  0  1  0  0  1  0  0  2  1  1  0  1  0  0  0  0  1  0  0
          0  1  0  0  0  0  0  0  1  0  0  0  1  0  0  0  1  0  1  0  0  0  0  1  0  0  0  1  0  0  0  0  1  0  0  0  0  0  1  0  0  0  0  1  0  0  0  0  0  1  0  1  0  0  0  0  0  1  0  0  0  1  0  0  1  0  0  1  0  1  2  1  0  0  1  0  0  0  0  1  0
          0  0  1  0  0  0  1  0  0  0  0  0  0  1  0  0  0  1  0  1  0  1  0  0  0  0  0  0  1  0  1  0  0  0  0  0  1  0  0  0  0  0  0  0  1  0  0  0  0  0  1  0  1  0  0  0  0  0  1  0  0  0  1  0  0  1  0  0  1  1  1  2  1  0  0  0  0  0  0  0  1
          0  0  0  0  0  1  0  1  0  0  1  0  1  0  0  0  0  0  1  0  0  0  0  0  0  0  1  0  0  1  0  0  0  1  0  0  0  0  0  0  0  1  0  1  0  1  0  0  0  1  0  0  0  0  1  0  0  0  1  0  0  0  0  1  0  0  0  0  0  0  0  1  2  1  1  1  0  0  1  0  0
          0  0  0  1  0  0  0  0  1  0  0  1  0  1  0  0  0  0  0  1  0  0  0  0  1  0  0  1  0  0  0  0  0  0  1  0  0  0  0  1  0  0  0  0  1  0  1  0  0  0  1  0  0  0  0  1  0  0  0  1  0  0  0  0  1  0  0  0  0  1  0  0  1  2  1  0  1  0  0  1  0
          0  0  0  0  1  0  1  0  0  1  0  0  0  0  1  0  0  0  0  0  1  0  0  0  0  1  0  0  1  0  0  0  0  0  0  1  0  0  0  0  1  0  1  0  0  0  0  1  1  0  0  0  0  0  0  0  1  1  0  0  0  0  0  0  0  1  0  0  0  0  1  0  1  1  2  0  0  1  0  0  1
          0  1  0  0  0  0  0  0  1  0  0  0  0  1  0  1  0  0  0  0  1  1  0  0  0  0  0  1  0  0  0  0  1  0  0  0  0  1  0  0  0  0  0  0  1  0  0  0  1  0  0  0  1  0  0  0  0  1  0  0  0  1  0  0  0  1  1  0  0  0  0  0  1  0  0  2  1  1  1  0  0
          0  0  1  0  0  0  1  0  0  0  0  0  0  0  1  0  1  0  1  0  0  0  1  0  0  0  0  0  1  0  1  0  0  0  0  0  0  0  1  0  0  0  1  0  0  0  0  0  0  1  0  0  0  1  0  0  0  0  1  0  0  0  1  1  0  0  0  1  0  0  0  0  0  1  0  1  2  1  0  1  0
          1  0  0  0  0  0  0  1  0  0  0  0  1  0  0  0  0  1  0  1  0  0  0  1  0  0  0  0  0  1  0  1  0  0  0  0  1  0  0  0  0  0  0  1  0  0  0  0  0  0  1  1  0  0  0  0  0  0  0  1  1  0  0  0  1  0  0  0  1  0  0  0  0  0  1  1  1  2  0  0  1
          0  0  1  0  1  0  0  0  0  1  0  0  0  0  0  0  1  0  0  0  0  0  0  1  1  0  0  0  0  0  1  0  0  0  0  1  0  0  1  0  1  0  0  0  0  0  1  0  0  0  0  1  0  0  0  1  0  0  0  0  1  0  0  0  0  0  0  0  1  1  0  0  1  0  0  1  0  0  2  1  1
          1  0  0  0  0  1  0  0  0  0  1  0  0  0  0  0  0  1  0  0  0  1  0  0  0  1  0  0  0  0  0  1  0  1  0  0  1  0  0  0  0  1  0  0  0  0  0  1  0  0  0  0  1  0  0  0  1  0  0  0  0  1  0  0  0  0  1  0  0  0  1  0  0  1  0  0  1  0  1  2  1
          0  1  0  1  0  0  0  0  0  0  0  1  0  0  0  1  0  0  0  0  0  0  1  0  0  0  1  0  0  0  0  0  1  0  1  0  0  1  0  1  0  0  0  0  0  1  0  0  0  0  0  0  0  1  1  0  0  0  0  0  0  0  1  0  0  0  0  1  0  0  0  1  0  0  1  0  0  1  1  1  2
      (c) f(fixed)=0, g(mapped-to-adjacent)=243
          Delta=(lam-mu)^2+4(k-mu)=(1-2)^2+4(22-2) -> 81, sqrt(Delta)=9
          (k-s)-(-s*f+g) = (22-(-5)) - (5*0+243) = -216
          DKW congruence k-s ≡ -s*f+g (mod 9): OK  (divisible)

