0 1 3 7 5 3  count=9
0 1 4 4 5 2 3  count=144
0 1 4 5 1 5 3  count=36
0 1 4 5 2 2 2 3  count=324
0 1 5 1 4 5 3  count=36
0 1 5 1 5 2 2 3  count=81
0 1 5 2 1 5 2 3  count=81
0 1 5 2 2 1 5 3  count=81
0 1 5 2 2 2 2 2 3  count=729
0 2 1 4 4 5 3  count=144
0 2 1 4 5 2 2 3  count=324
0 2 1 5 1 5 2 3  count=81
0 2 1 5 2 1 5 3  count=81
0 2 1 5 2 2 2 2 3  count=729
0 2 2 1 4 5 2 3  count=324
0 2 2 1 5 1 5 3  count=81
0 2 2 1 5 2 2 2 3  count=729
0 2 2 2 1 4 5 3  count=324
0 2 2 2 1 5 2 2 3  count=729
0 2 2 2 2 1 5 2 3  count=729
0 2 2 2 2 2 1 5 3  count=729
0 2 2 2 2 2 2 2 2 3  count=6561
