0 1 3 6 7 5 3  count=30
0 1 3 7 4 5 2 3  count=108
0 1 3 7 5 1 5 3  count=27
0 1 3 7 5 2 2 2 3  count=243
0 1 4 3 7 5 2 3  count=108
0 1 4 4 4 4 5 3  count=768
0 1 4 4 4 5 2 2 3  count=1728
0 1 4 4 5 1 5 2 3  count=432
0 1 4 4 5 2 1 5 3  count=432
0 1 4 4 5 2 2 2 2 3  count=3888
0 1 4 5 1 4 5 2 3  count=432
0 1 4 5 1 5 1 5 3  count=108
0 1 4 5 1 5 2 2 2 3  count=972
0 1 4 5 2 1 4 5 3  count=432
0 1 4 5 2 1 5 2 2 3  count=972
0 1 4 5 2 2 1 5 2 3  count=972
0 1 4 5 2 2 2 1 5 3  count=972
0 1 4 5 2 2 2 2 2 2 3  count=8748
0 1 5 1 3 7 5 3  count=27
0 1 5 1 4 4 5 2 3  count=432
0 1 5 1 4 5 1 5 3  count=108
0 1 5 1 4 5 2 2 2 3  count=972
0 1 5 1 5 1 4 5 3  count=108
0 1 5 1 5 1 5 2 2 3  count=243
0 1 5 1 5 2 1 5 2 3  count=243
0 1 5 1 5 2 2 1 5 3  count=243
0 1 5 1 5 2 2 2 2 2 3  count=2187
0 1 5 2 1 4 4 5 3  count=432
0 1 5 2 1 4 5 2 2 3  count=972
0 1 5 2 1 5 1 5 2 3  count=243
0 1 5 2 1 5 2 1 5 3  count=243
0 1 5 2 1 5 2 2 2 2 3  count=2187
0 1 5 2 2 1 4 5 2 3  count=972
0 1 5 2 2 1 5 1 5 3  count=243
0 1 5 2 2 1 5 2 2 2 3  count=2187
0 1 5 2 2 2 1 4 5 3  count=972
0 1 5 2 2 2 1 5 2 2 3  count=2187
0 1 5 2 2 2 2 1 5 2 3  count=2187
0 1 5 2 2 2 2 2 1 5 3  count=2187
0 1 5 2 2 2 2 2 2 2 2 3  count=19683
0 2 1 3 7 4 5 3  count=108
0 2 1 3 7 5 2 2 3  count=243
0 2 1 4 3 7 5 3  count=108
0 2 1 4 4 4 5 2 3  count=1728
0 2 1 4 4 5 1 5 3  count=432
0 2 1 4 4 5 2 2 2 3  count=3888
0 2 1 4 5 1 4 5 3  count=432
0 2 1 4 5 1 5 2 2 3  count=972
0 2 1 4 5 2 1 5 2 3  count=972
0 2 1 4 5 2 2 1 5 3  count=972
0 2 1 4 5 2 2 2 2 2 3  count=8748
0 2 1 5 1 4 4 5 3  count=432
0 2 1 5 1 4 5 2 2 3  count=972
0 2 1 5 1 5 1 5 2 3  count=243
0 2 1 5 1 5 2 1 5 3  count=243
0 2 1 5 1 5 2 2 2 2 3  count=2187
0 2 1 5 2 1 4 5 2 3  count=972
0 2 1 5 2 1 5 1 5 3  count=243
0 2 1 5 2 1 5 2 2 2 3  count=2187
0 2 1 5 2 2 1 4 5 3  count=972
0 2 1 5 2 2 1 5 2 2 3  count=2187
0 2 1 5 2 2 2 1 5 2 3  count=2187
0 2 1 5 2 2 2 2 1 5 3  count=2187
0 2 1 5 2 2 2 2 2 2 2 3  count=19683
0 2 2 1 3 7 5 2 3  count=243
0 2 2 1 4 4 4 5 3  count=1728
0 2 2 1 4 4 5 2 2 3  count=3888
0 2 2 1 4 5 1 5 2 3  count=972
0 2 2 1 4 5 2 1 5 3  count=972
0 2 2 1 4 5 2 2 2 2 3  count=8748
0 2 2 1 5 1 4 5 2 3  count=972
0 2 2 1 5 1 5 1 5 3  count=243
0 2 2 1 5 1 5 2 2 2 3  count=2187
0 2 2 1 5 2 1 4 5 3  count=972
0 2 2 1 5 2 1 5 2 2 3  count=2187
0 2 2 1 5 2 2 1 5 2 3  count=2187
0 2 2 1 5 2 2 2 1 5 3  count=2187
0 2 2 1 5 2 2 2 2 2 2 3  count=19683
0 2 2 2 1 3 7 5 3  count=243
0 2 2 2 1 4 4 5 2 3  count=3888
0 2 2 2 1 4 5 1 5 3  count=972
0 2 2 2 1 4 5 2 2 2 3  count=8748
0 2 2 2 1 5 1 4 5 3  count=972
0 2 2 2 1 5 1 5 2 2 3  count=2187
0 2 2 2 1 5 2 1 5 2 3  count=2187
0 2 2 2 1 5 2 2 1 5 3  count=2187
0 2 2 2 1 5 2 2 2 2 2 3  count=19683
0 2 2 2 2 1 4 4 5 3  count=3888
0 2 2 2 2 1 4 5 2 2 3  count=8748
0 2 2 2 2 1 5 1 5 2 3  count=2187
0 2 2 2 2 1 5 2 1 5 3  count=2187
0 2 2 2 2 1 5 2 2 2 2 3  count=19683
0 2 2 2 2 2 1 4 5 2 3  count=8748
0 2 2 2 2 2 1 5 1 5 3  count=2187
0 2 2 2 2 2 1 5 2 2 2 3  count=19683
0 2 2 2 2 2 2 1 4 5 3  count=8748
0 2 2 2 2 2 2 1 5 2 2 3  count=19683
0 2 2 2 2 2 2 2 1 5 2 3  count=19683
0 2 2 2 2 2 2 2 2 1 5 3  count=19683
0 2 2 2 2 2 2 2 2 2 2 2 3  count=177147
