2
7
13
13
24
23
22
21
24
58
97
96
97
96
173
175
175
175
175
290
289
288
739
873
872
871
872
871
870
869
868
867
866
865
2179
2178
2177
2176
2770
2769
2768
2767
2766
2765
2764
2763
2762
2762
2762
2762
3365
4207
4206
4205
4204
4203
5942
5943
5942
5941
5940
5939
5939
5939
23265
23264
23263
23262
31499
31498
31497
31496
31527
31526
31525
31525
31527
31526
31525
31525
31535
31534
31533
31532
31531
31530
31537
31536
31535
31534
31533
31534
31533
31532
92620
92619
103973
103972
103971
103970
103969
103968
103967
103966
103965
103964
103963
103962
103961
103960
141706
141706
271629
271628
271627
271626
271625
271624
271623
271622
271621
271620
271619
271618
271617
271620
325090
325089
325096
325096
515906
515907
515908
515907
733564
733564
733568
733567
733576
733575
733574
733574
733574
733577
733576
733575
1094273
1094272
1094271
1094270
1094269
1094268
1094267
1094266
1094265
1094264
1094263
1094262
1094261
1094263
1094263
1270444
1270443
1270442
1270441
1270440
1270439
1270438
1270437
1270436
1270435
1270434
1270433
1270432
1270431
1270430
1270429
1270428
1270427
1270426
1270425
1270424
1270423
1270422
1270421
1270420
1270419
1270418
1270417
1270416
1270415
1270414
1270413
1270412
1270411
1270410
1270409
1270408
1270407
1270406
1270405
1270404
1270403
1270402
1270401
1270400
1270399
1270398
1270397
1270396
1270395
1270394
1270393
1270392
1270391
1270390
1270389
1270388
1270387
1270386
1270385
1270384
1270383
1270382
1270381
1270380
1270379
1270378
1270377
1270376
1270375
1270374
1270373
1270372
1270371
1270370
1270369
1270368
1270367
1270366
1270365
1270364
1270363
1270362
1270361
1270360
1270359
1270358
1270357
1270356
1270355
1270354
1270353
1270352
1270351
1270350
1270349
1270348
1270347
1270346
1270345
1270344
1270343
1270342
1270341
1270340
1270339
1270338
1270337
1270336
1270335
1270334
1270333
1270332
1270331
1270330
1270329
1270328
1270327
1270326
1270325
1270324
1270323
1270322
1270321
1270320
1270319
1270318
1270317
1270316
1270315
1270314
1270313
1270312
1270311
1270310
1270309
1270308
1270307
1270306
1270305
1270304
1270303
1270302
1270301
1270300
1270299
1270298
1270297
1270296
1270295
1270294
1270293
1270292
1270291
1270290
1270289
1270288
1270287
1270286
1270285
1270284
1270283
1270282
1270281
1270280
1270279
1270278
1270277
1270276
1270275
1270274
1270273
1270272
1270271
1270270
1270269
1270268
1270267
1270266
1270265
1270264
1270263
1270262
1270261
1270260
1270259
1270258
1270257
1270256
1270255
1270254
1270253
1270252
1270251
1270250
1270249
1270248
1270247
1270246
1270245
1270244
1270243
1270242
1270241
1270240
1270239
1270238
1270237
1270236
1270235
1270234
1270233
1270232
1270231
1270230
1270229
1270228
1270227
1270226
1270225
1270224
1270223
1270222
1270221
1270220
1270219
1270218
1270217
1270216
1270215
1270214
1270213
1270212
1270211
1270210
1270209
1270208
1270207
1270206
1270205
1270204
1270203
1270202
1270201
1270200
1270199
1270198
1270197
1270196
1270195
1270194
1270193
1270192
1270191
1270190
1270189
1270188
1270187
1270186
1270185
1270184
1270183
1270182
1270181
1270180
1270179
1270178
1270177
1270176
1270175
1270174
1270173
1270172
1270171
1270170
1270169
1270168
1270167
1270166
1270165
1270164
1270163
1270162
1270161
1270160
1270159
1270158
1270157
1270156
1270155
1270154
1270153
1270152
1270151
1270150
1270149
1270148
1270147
1270146
1270145
1270144
1270143
1270142
1270141
1270140
1270139
1270138
1270137
1270136
1270135
1270134
1270133
1270132
1270131
1270130
1270129
1270128
1270127
1270126
1270125
1270124
1270123
1270122
1270121
1270120
1270119
1270118
1270117
1270116
1270115
1270114
1270113
1270112
1270111
1270110
1270109
1270108
1270107
1270106
1270105
1270104
1270103
1270102
1270101
1270100
1270099
1270098
1270097
1270096
1270095
1270094
1270093
1270092
1270091
1270090
1270089
1270088
1270087
1270086
1270085
1270084
1270083
1270082
1270081
1270080
1270079
1270078
1270077
1270076
1270075
1270074
1270073
1270072
1270071
1270070
1270069
1270068
1270067
1270066
1270065
1270064
1270063
1270062
1270061
1270060
1270059
1270058
1270057
1270056
1270055
1270054
1270053
1270052
1270051
1270050
1270049
1270048
1270047
1270046
1270045
1270044
1270043
1270042
1270041
1270040
1270039
1270038
1270037
1270036
1270035
1270034
1270033
1270032
1270031
1270030
1270029
1270028
1270027
1270026
1270025
1270024
1270023
1270022
1270021
1270020
1270019
1270018
1270017
1270016
1270015
1270014
1270013
1270012
1270011
1270010
1270009
1270008
1270007
1270006
1270005
1270004
1270003
1270002
1270001
1270000
1269999
1269998
1269997
1269996
1269995
1269994
1269993
1269992
1269991
1269990
1269989
1269988
1269987
1269986
1269985
1269984
1269983
1269982
1269981
1269980
1269979
1269978
1269977
1269976
1269975
1269974
1269973
1269972
1269971
1269970
1269969
1269968
1269967
1269966
1269965
1269964
1269963
1269962
1269961
1269960
1269959
1269958
1269957
1269956
1269955
1269954
1269953
1269952
1269951
1269950
1269949
1269948
1269947
1269946
1269945
1269944
1269943
1269942
1269941
1269940
1269939
1269938
1269937
1269936
1269935
1269934
1269933
1269932
1269931
1269930
1269929
1269928
1269927
1269926
1269925
1269924
1269923
1269922
1269921
1269920
1269919
1269918
1269917
1269916
1269915
1269914
1269913
1269912
1269911
1269910
1269909
1269908
1269907
1269906
1269905
1269904
1269903
1269902
1269901
1269900
1269899
1269898
1269897
1269896
1269895
1269894
1269893
1269892
1269891
1269890
1269889
1269888
1269887
1269886
1269885
1269884
1269883
1269882
1269881
1269880
1269879
1269878
1269877
1269876
1269875
1269874
1269873
1269872
1269871
1269870
1269869
1269868
1269867
1269866
1269865
1269864
1269863
1269862
1269861
1269860
1269859
1269858
1269857
1269856
1269855
1269854
1269853
1269852
1269851
1269850
1269849
1269848
1269847
1269846
1269845
1269844
1269843
1269842
1269841
1269840
1269839
1269838
1269837
1269836
1269835
1269834
1269833
1269832
1269831
1269830
1269829
1269828
1269827
1269826
1269825
1269824
1269823
1269822
1269821
1269820
1269819
1269818
1269817
1269816
1269815
1269814
1269813
1269812
1269811
1269810
1269809
1269808
1269807
1269806
1269805
1269804
1269803
1269802
1269801
1269800
1269799
1269798
1269797
1269796
1269795
1269794
1269793
1269792
1269791
1269790
1269789
1269788
1269787
1269786
1269785
1269784
1269783
1269782
1269781
1269780
1269779
1269778
1269777
1269776
1269775
1269774
1269773
1269772
1269771
1269770
1269769
1269768
1269767
1269766
1269765
1269764
1269763
1269762
1269761
1269760
1269759
1269758
1269757
1269756
1269755
1269754
1269753
1269752
1269751
1269750
1269749
1269748
1269747
1269746
1269745
1269744
1269743
1269742
1269741
1269740
1269739
1269738
1269737
1269736
1269735
1269734
1269733
1269732
1269731
1269730
1269729
1269728
1269727
1269726
1269725
1269724
1269723
1269722
1269721
1269720
1269719
1269718
1269717
1269716
1269715
1269714
1269713
1269712
1269711
1269710
1269709
1269708
1269707
1269706
1269705
1269704
1269703
1269702
1269701
1269700
1269699
1269698
1269697
1269696
1269695
1269694
1269693
1269692
1269691
1269690
1269689
1269688
1269687
1269686
1269685
1269684
1269683
1269682
1269681
1269680
1269679
1269678
1269677
1269676
1269675
1269674
1269673
1269672
1269671
1269670
1269669
1269668
1269667
1269666
1269665
1269664
1269663
1269662
1269661
1269660
1269659
1269658
1269657
1269656
1269655
1269654
1269653
1269652
1269651
1269650
1269649
1269648
1269647
1269646
1269645
1269644
1269643
1269642
1269641
1269640
1269639
1269638
1269637
1269636
1269635
1269634
1269633
1269632
1269631
1269630
1269629
1269628
1269627
1269626
1269625
1269624
1269623
1269622
1269621
1269620
1269619
1269618
1269617
1269616
1269615
1269614
1269613
1269612
1269611
1269610
1269609
1269608
1269607
1269606
