2
7
13
13
24
23
22
21
24
58
97
96
97
96
173
175
175
175
175
290
289
288
739
873
872
871
872
871
870
869
868
867
866
865
2179
2178
2177
2176
2770
2769
2768
2767
2766
2765
2764
2763
2762
2762
2762
2762
3365
4207
4206
4205
4204
4203
5942
5943
5942
5941
5940
5939
5939
5939
23265
23264
23263
23262
31499
31498
31497
31496
31527
31526
31525
31525
31527
31526
31525
31525
31535
31534
31533
31532
31531
31530
31537
31536
31535
31534
31533
31534
31533
31532
92620
92619
103973
103972
103971
103970
103969
103968
103967
103966
103965
103964
103963
103962
103961
103960
141706
141706
271629
271628
271627
271626
271625
271624
271623
271622
271621
271620
271619
271618
271617
271620
325090
325089
325096
325096
515906
515907
515908
515907
733564
733564
733568
733567
733576
733575
733574
733574
733574
733577
733576
733575
1094273
1094272
1094271
1094270
1094269
1094268
1094267
1094266
1094265
1094264
1094263
1094262
1094261
1094263
1094263
