S1 |S(e)| e=1..120: 0,0,0,0,1,0,0,0,0,1,0,0,1,0,1,0,1,0,0,1,0,0,0,0,2,1,0,0,1,1,0,0,0,1,1,0,1,0,1,1,1,0,0,0,1,0,0,0,0,2,1,1,1,0,1,0,0,1,0,1,1,0,0,0,4,0,0,1,0,1,0,0,1,1,2,0,0,1,0,1,0,1,0,0,4,0,1,0,1,1,1,0,0,0,1,0,1,0,0,2,1,1,0,1,1,1,0,0,1,1,1,0,1,0,1,1,1,0,1,1
S2 record |S| values over e<=1e7: 0,1,2,4,7,13,22,31,40,67,94,121,202
S3 record-holder e's: 1,5,25,65,325,1105,5525,27625,32045,160225,801125,1185665,5928325
S4 first e with |S(e)|=k, k=1..40: 5,25,125,65,3125,15625,325,390625,1953125,1625,-,4225,1105,-,-,40625,21125,-,203125,-,-,5525,-,274625,5078125,-,528125,-,-,-,27625,2640625,-,-,-,-,71825,6865625,-,32045
S5 # e<=10^k with |S|>=4: 0,2,81,1491,20806,254549,2924760,2924760
S6 histogram over e<=1e7 (k=0..15): 2550651,4332491,163951,28147,2166860,1270,291,214318,18,4,34143,0,2872,406343,0,0
S7 max |S| over e<=1e7: 202 at e=9773725
S8 record increments: 0,1,1,2,3,6,9,9,9,27,27,27,81
S9 record e parity/mod4: 1,1,1,1,1,1,1,1,1,1,1,1,1
S10 first 20 e with |S|>=12: [(1105, 13), (1885, 13), (2210, 13), (2405, 13), (2465, 13), (2665, 13), (3145, 13), (3315, 13), (3445, 13), (3485, 13), (3770, 13), (3965, 13), (4225, 12), (4420, 13), (4505, 13), (4745, 13), (4810, 13), (4930, 13), (5185, 13), (5330, 13)] | total: 507856
